$Basis = aug-cc-pVTZ-J
$
$ Elements supported
$ H C N O F S
$
$  REFERENCE   
$ P. F. Provasi, G. A. Aucar and S. P. A. Sauer, J. Chem. Phys. 115, 1324 (2001) 
$ T. H. Dunning, Jr. J. Chem. Phys. 90, 1007 (1989)
$ R. A. Kendall, T. H. Dunning, Jr. and R. J. Harrison, J. Chem. Phys. 96, 6769 (1992)).
$***********************************************************************
a 1
$ HYDROGEN     (9s,2p,1d) -> [5s,2p,1d]
$ HYDROGEN     Diffuse (1s,1p)
$ S-TYPE FUNCTIONS
   10    6    0
  66145.0000000  0.4137D-06  0.00000000  0.00000000  0.00000000  0.00000000  0.00000000
   9950.0000000  0.3097D-05  0.00000000  0.00000000  0.00000000  0.00000000  0.00000000
   1496.0000000  0.00004256  0.00000000  0.00000000  0.00000000  0.00000000  0.00000000
    225.0000000  0.00036650  0.00000000  0.00000000  0.00000000  0.00000000  0.00000000
     33.8700000  0.00470900  0.00000000  0.00000000  0.00000000  0.00000000  0.00000000
      5.0950000  0.03745000  1.00000000  0.00000000  0.00000000  0.00000000  0.00000000
      1.1590000  0.15360000  0.00000000  1.00000000  0.00000000  0.00000000  0.00000000
      0.3258000  0.28680000  0.00000000  0.00000000  1.00000000  0.00000000  0.00000000
      0.1027000  0.00000000  0.00000000  0.00000000  0.00000000  1.00000000  0.00000000
      0.0252600  0.00000000  0.00000000  0.00000000  0.00000000  0.00000000  1.00000000
$ P-TYPE FUNCTIONS
    3    3    0
      1.4070000  1.00000000  0.00000000  0.00000000
      0.3880000  0.00000000  1.00000000  0.00000000
      0.1020000  0.00000000  0.00000000  1.00000000
$ D-TYPE FUNCTIONS
    1    1    0
      1.0570000  1.00000000  
a 6
$ CARBON       (14s,5p,2d,1f) -> [8s,4p,2d,1f]
$ CARBON       Diffuse (1s,1p,1d)
$ S-TYPE FUNCTIONS
   15    9    0
 16289729.0000   0.4196D-07  0.00000000  0.00000000  0.00000000  0.00000000  0.00000000
     0.0000000   0.00000000  0.00000000
 2442668.00000   0.3147D-06  0.00000000  0.00000000  0.00000000  0.00000000  0.00000000
     0.0000000   0.00000000  0.00000000
 366281.000000   0.4349D-05  0.00000000  0.00000000  0.00000000  0.00000000  0.00000000
     0.0000000   0.00000000  0.00000000
  54924.000000   0.00003761  0.00000000  0.00000000  0.00000000  0.00000000  0.00000000
     0.0000000   0.00000000  0.00000000
   8236.000000   0.00048930  0.00000000  0.00000000  0.00000000  0.00000000  0.00000000
     0.0000000   0.00000000  0.00000000
   1235.000000   0.00414300  0.00000000  0.00000000  0.00000000  0.00000000  0.00000000
     0.0000000   0.00000000  0.00000000
    280.800000   0.02103000  0.00000000  0.00000000  0.00000000  0.00000000  0.00000000
     0.0000000   0.00000000  0.00000000
     79.270000   0.08187000  1.00000000  0.00000000  0.00000000  0.00000000  0.00000000
     0.0000000   0.00000000  0.00000000
     25.590000   0.23450000  0.00000000  1.00000000  0.00000000  0.00000000  0.00000000
     0.0000000   0.00000000  0.00000000
      8.997000   0.43400000  0.00000000  0.00000000  1.00000000  0.00000000  0.00000000
     0.0000000   0.00000000  0.00000000
      3.319000   0.34460000  0.00000000  0.00000000  0.00000000  1.00000000  0.00000000
     0.0000000   0.00000000  0.00000000
      0.905900   0.04465000  0.00000000  0.00000000  0.00000000  0.00000000  1.00000000
     0.0000000   0.00000000  0.00000000
      0.364300  -0.01577000  0.00000000  0.00000000  0.00000000  0.00000000  0.00000000
     1.0000000   0.00000000  0.00000000
      0.128500   0.00000000  0.00000000  0.00000000  0.00000000  0.00000000  0.00000000  
     0.0000000   1.00000000  0.00000000
      0.044020   0.00000000  0.00000000  0.00000000  0.00000000  0.00000000  0.00000000 
     0.0000000   0.00000000  1.00000000
$ P-TYPE FUNCTIONS
    6    5    0
     18.7100000  0.00964100  0.00000000  0.00000000  0.00000000  0.00000000
      4.1330000  0.05747000  0.00000000  0.00000000  0.00000000  0.00000000
      1.2000000  0.19090000  1.00000000  0.00000000  0.00000000  0.00000000
      0.3827000  0.29730000  0.00000000  1.00000000  0.00000000  0.00000000
      0.1209000  0.00000000  0.00000000  0.00000000  1.00000000  0.00000000
      0.0356900  0.00000000  0.00000000  0.00000000  0.00000000  1.00000000
$ D-TYPE FUNCTIONS
    3    3    0
      1.0970000  1.00000000  0.00000000  0.00000000
      0.3180000  0.00000000  1.00000000  0.00000000
      0.1000000  0.00000000  0.00000000  1.00000000
$ F-TYPE FUNCTIONS
    1    1    0
      0.7610000  1.00000000  
a 7
$ NITROGEN     (14s,5p,2d,1f) -> [8s,4p,2d,1f]
$ NITROGEN     Diffuse (1s,1p,1d)
$ S-TYPE FUNCTIONS
   15    9    0
 22610777.0000   0.4127D-07  0.00000000  0.00000000  0.00000000  0.00000000  0.00000000
     0.0000000   0.00000000  0.00000000                                                
 3389636.00000   0.3096D-06  0.00000000  0.00000000  0.00000000  0.00000000  0.00000000
     0.0000000   0.00000000  0.00000000                                                
 508148.000000   0.4282D-05  0.00000000  0.00000000  0.00000000  0.00000000  0.00000000
     0.0000000   0.00000000  0.00000000                                                
  76177.000000   0.00003702  0.00000000  0.00000000  0.00000000  0.00000000  0.00000000
     0.0000000   0.00000000  0.00000000                                                
  11420.000000   0.00048200  0.00000000  0.00000000  0.00000000  0.00000000  0.00000000
     0.0000000   0.00000000  0.00000000                                                
   1712.000000   0.00408100  0.00000000  0.00000000  0.00000000  0.00000000  0.00000000
     0.0000000   0.00000000  0.00000000                                                
    389.300000   0.02073000  0.00000000  0.00000000  0.00000000  0.00000000  0.00000000
     0.0000000   0.00000000  0.00000000                                                
    110.000000   0.08078000  1.00000000  0.00000000  0.00000000  0.00000000  0.00000000
     0.0000000   0.00000000  0.00000000                                                
     35.570000   0.23290000  0.00000000  1.00000000  0.00000000  0.00000000  0.00000000
     0.0000000   0.00000000  0.00000000                                                
     12.540000   0.43350000  0.00000000  0.00000000  1.00000000  0.00000000  0.00000000
     0.0000000   0.00000000  0.00000000                                                
      4.644000   0.34640000  0.00000000  0.00000000  0.00000000  1.00000000  0.00000000
     0.0000000   0.00000000  0.00000000                                                
      1.293000   0.04417000  0.00000000  0.00000000  0.00000000  0.00000000  1.00000000
     0.0000000   0.00000000  0.00000000
      0.511800  -0.01177000  0.00000000  0.00000000  0.00000000  0.00000000  0.00000000
     1.0000000   0.00000000  0.00000000
      0.178700   0.00000000  0.00000000  0.00000000  0.00000000  0.00000000  0.00000000  
     0.0000000   1.00000000  0.00000000
      0.057600   0.00000000  0.00000000  0.00000000  0.00000000  0.00000000  0.00000000 
     0.0000000   0.00000000  1.00000000
$ P-TYPE FUNCTIONS
    6    5    0
     26.630000   0.01039000  0.00000000  0.00000000  0.00000000  0.00000000
      5.948000   0.06324000  0.00000000  0.00000000  0.00000000  0.00000000
      1.742000   0.20550000  1.00000000  0.00000000  0.00000000  0.00000000
      0.555000   0.30680000  0.00000000  1.00000000  0.00000000  0.00000000
      0.172500   0.00000000  0.00000000  0.00000000  1.00000000  0.00000000
      0.049100   0.00000000  0.00000000  0.00000000  0.00000000  1.00000000
$ D-TYPE FUNCTIONS
    3    3    0
      1.654000   1.00000000  0.00000000  0.00000000
      0.469000   0.00000000  1.00000000  0.00000000
      0.151000   0.00000000  0.00000000  1.00000000
$ F-TYPE FUNCTIONS
    1    1    0
      1.093000   1.00000000  
a 8
$ OXYGEN       (14s,5p,2d,1f) -> [8s,4p,2d,1f]
$ OXYGEN       Diffuse (1s,1p,1d)
$ S-TYPE FUNCTIONS
   15    9    0
 30307833.0000   0.4018D-07  0.00000000  0.00000000  0.00000000  0.00000000  0.00000000 
     0.0000000   0.00000000  0.00000000                                                 
 4545186.00000   0.3012D-06  0.00000000  0.00000000  0.00000000  0.00000000  0.00000000 
     0.0000000   0.00000000  0.00000000                                                 
 681629.000000   0.4163D-05  0.00000000  0.00000000  0.00000000  0.00000000  0.00000000 
     0.0000000   0.00000000  0.00000000                                                 
 102222.000000   0.00003599  0.00000000  0.00000000  0.00000000  0.00000000  0.00000000 
     0.0000000   0.00000000  0.00000000                                                 
  15330.000000   0.00046830  0.00000000  0.00000000  0.00000000  0.00000000  0.00000000 
     0.0000000   0.00000000  0.00000000                                                 
   2299.000000   0.00396500  0.00000000  0.00000000  0.00000000  0.00000000  0.00000000 
     0.0000000   0.00000000  0.00000000                                                 
    522.400000   0.02020000  0.00000000  0.00000000  0.00000000  0.00000000  0.00000000 
     0.0000000   0.00000000  0.00000000                                                 
    147.300000   0.07923000  1.00000000  0.00000000  0.00000000  0.00000000  0.00000000 
     0.0000000   0.00000000  0.00000000                                                 
     47.550000   0.23050000  0.00000000  1.00000000  0.00000000  0.00000000  0.00000000 
     0.0000000   0.00000000  0.00000000                                                 
     16.760000   0.43320000  0.00000000  0.00000000  1.00000000  0.00000000  0.00000000 
     0.0000000   0.00000000  0.00000000                                                 
      6.207000   0.34950000  0.00000000  0.00000000  0.00000000  1.00000000  0.00000000 
     0.0000000   0.00000000  0.00000000                                                 
      1.752000   0.04488000  0.00000000  0.00000000  0.00000000  0.00000000  1.00000000 
     0.0000000   0.00000000  0.00000000                                                 
      0.688200  -0.01119000  0.00000000  0.00000000  0.00000000  0.00000000  0.00000000 
     1.0000000   0.00000000  0.00000000                                                 
      0.238400   0.00000000  0.00000000  0.00000000  0.00000000  0.00000000  0.00000000 
     0.0000000   1.00000000  0.00000000                                                 
      0.073760   0.00000000  0.00000000  0.00000000  0.00000000  0.00000000  0.00000000 
     0.0000000   0.00000000  1.00000000                                                
$ P-TYPE FUNCTIONS
    6    5    0
     34.460000   0.01193000  0.00000000  0.00000000  0.00000000  0.00000000
      7.749000   0.07277000  0.00000000  0.00000000  0.00000000  0.00000000
      2.280000   0.22880000  1.00000000  0.00000000  0.00000000  0.00000000
      0.715600   0.33740000  0.00000000  1.00000000  0.00000000  0.00000000
      0.214000   0.00000000  0.00000000  0.00000000  1.00000000  0.00000000
      0.059740   0.00000000  0.00000000  0.00000000  0.00000000  1.00000000
$ D-TYPE FUNCTIONS
    3    3    0
      2.314000   1.00000000  0.00000000  0.00000000
      0.645000   0.00000000  1.00000000  0.00000000
      0.214000   0.00000000  0.00000000  1.00000000
$ F-TYPE FUNCTIONS
    1    1    0
      1.428000   1.00000000  
a 9
$ FLUORINE     (14s,5p,2d,1f) -> [8s,4p,2d,1f]
$ FLUORINE     Diffuse (1s,1p,1d)
$ S-TYPE FUNCTIONS
   15    9    0
 38624049.0000   0.4002D-07  0.00000000  0.00000000  0.00000000  0.00000000  0.00000000 
      0.000000   0.00000000  0.00000000  
 5789645.00000   0.3000D-06  0.00000000  0.00000000  0.00000000  0.00000000  0.00000000 
      0.000000   0.00000000  0.00000000  
 867853.000000   0.4152D-05  0.00000000  0.00000000  0.00000000  0.00000000  0.00000000 
      0.000000   0.00000000  0.00000000
 130088.000000   0.00003589  0.00000000  0.00000000  0.00000000  0.00000000  0.00000000 
      0.000000   0.00000000  0.00000000  
  19500.000000   0.00046750  0.00000000  0.00000000  0.00000000  0.00000000  0.00000000 
      0.000000   0.00000000  0.00000000  
   2923.000000   0.00395900  0.00000000  0.00000000  0.00000000  0.00000000  0.00000000 
      0.000000   0.00000000  0.00000000  
    664.500000   0.02016000  0.00000000  0.00000000  0.00000000  0.00000000  0.00000000 
      0.000000   0.00000000  0.00000000  
    187.500000   0.07907000  1.00000000  0.00000000  0.00000000  0.00000000  0.00000000 
      0.000000   0.00000000  0.00000000  
     60.620000   0.23030000  0.00000000  1.00000000  0.00000000  0.00000000  0.00000000 
      0.000000   0.00000000  0.00000000  
     21.420000   0.43310000  0.00000000  0.00000000  1.00000000  0.00000000  0.00000000 
      0.000000   0.00000000  0.00000000  
      7.950000   0.34930000  0.00000000  0.00000000  0.00000000  1.00000000  0.00000000 
      0.000000   0.00000000  0.00000000  
      2.257000   0.04507000  0.00000000  0.00000000  0.00000000  0.00000000  1.00000000 
      0.000000   0.00000000  0.00000000  
      0.881500  -0.01112000  0.00000000  0.00000000  0.00000000  0.00000000  0.00000000 
      1.000000   0.00000000  0.00000000  
      0.304100   0.00000000  0.00000000  0.00000000  0.00000000  0.00000000  0.00000000 
      0.000000   1.00000000  0.00000000  
      0.091580   0.00000000  0.00000000  0.00000000  0.00000000  0.00000000  0.00000000 
      0.000000   0.00000000  1.00000000
$ P-TYPE FUNCTIONS
    6    5    0
     43.880000   0.01602000  0.00000000  0.00000000  0.00000000  0.00000000
      9.926000   0.10050000  0.00000000  0.00000000  0.00000000  0.00000000
      2.930000   0.30270000  1.00000000  0.00000000  0.00000000  0.00000000
      0.913200   0.47140300  0.00000000  1.00000000  0.00000000  0.00000000
      0.267200   0.00000000  0.00000000  0.00000000  1.00000000  0.00000000
      0.073610   0.00000000  0.0000000   0.00000000  0.00000000  1.00000000
$ D-TYPE FUNCTIONS
    3    3    0
      3.107000   1.00000000  0.00000000  0.00000000
      0.855000   0.00000000  1.00000000  0.00000000
      0.292000   0.00000000  0.00000000  1.00000000
$ F-TYPE FUNCTIONS
    1    1    0
      1.917000   1.00000000
a 16
$ SULFUR       (16s,9p,5d,1f) -> [9s,6p,5d,1f]
$ SULFUR       Diffuse (1s,1p,1d)
$ S-TYPE FUNCTIONS
   17   10    0
 742396769.000   0.4264D-08 -0.1178D-08  0.00000000  0.00000000  0.00000000  0.00000000 
      0.000000   0.00000000  0.00000000  0.00000000					
 111230523.000   0.3185D-07 -0.8783D-08  0.00000000  0.00000000  0.00000000  0.00000000 
      0.000000   0.00000000  0.00000000  0.00000000					
 16665252.0000   0.4429D-06 -0.1224D-06  0.00000000  0.00000000  0.00000000  0.00000000 
      0.000000   0.00000000  0.00000000  0.00000000					
 2496892.00000   0.3819D-05 -0.1053D-05  0.00000000  0.00000000  0.00000000  0.00000000 
      0.000000   0.00000000  0.00000000  0.00000000					
 374100.000000   0.00004994 -0.00001380  0.00000000  0.00000000  0.00000000  0.00000000 
      0.000000   0.00000000  0.00000000  0.00000000					
  56050.000000   0.00042470 -0.00011720  0.00000000  0.00000000  0.00000000  0.00000000 
      0.000000   0.00000000  0.00000000  0.00000000					
  12760.000000   0.00220300 -0.00061010  0.00000000  0.00000000  0.00000000  0.00000000 
      0.000000   0.00000000  0.00000000  0.00000000					
   3615.000000   0.00919700 -0.00255400  0.00000000  0.00000000  0.00000000  0.00000000 
      0.000000   0.00000000  0.00000000  0.00000000					
   1183.000000   0.03211000 -0.00908000  0.00000000  0.00000000  0.00000000  0.00000000 
      0.000000   0.00000000  0.00000000  0.00000000					
    428.800000   0.09468000 -0.02770000  0.00000000  0.00000000  0.00000000  0.00000000 
      0.000000   0.00000000  0.00000000  0.00000000					
    167.800000   0.22360000 -0.07195000  0.00000000  0.00000000  0.00000000  0.00000000 
      0.000000   0.00000000  0.00000000  0.00000000					
     69.470000   0.37440000 -0.14640000  0.00000000  0.00000000  0.00000000  0.00000000 
      0.000000   0.00000000  0.00000000  0.00000000					
     29.840000   0.32910000 -0.19490000  1.00000000  0.00000000  0.00000000  0.00000000 
      0.000000   0.00000000  0.00000000  0.00000000					
     12.720000   0.08477000  0.00778800  0.00000000  1.00000000  0.00000000  0.00000000 
      0.000000   0.00000000  0.00000000  0.00000000					
      5.244000   0.00036400  0.51670000  0.00000000  0.00000000  1.00000000  0.00000000 
      0.000000   0.00000000  0.00000000  0.00000000
      2.219000   0.00177300  0.54110000  0.00000000  0.00000000  0.00000000  1.00000000  
      0.000000   0.00000000  0.00000000  0.00000000
      0.776700  -0.00086050  0.07188000  0.00000000  0.00000000  0.00000000  0.00000000  
      1.000000   0.00000000  0.00000000  0.00000000
      0.349000   0.00000000  0.00000000  0.00000000  0.00000000  0.00000000  0.00000000
      0.000000   1.00000000  0.00000000  0.00000000
      0.132200   0.00000000  0.00000000  0.00000000  0.00000000  0.00000000  0.00000000
      0.000000   0.00000000  1.00000000  0.00000000
      0.049700   0.00000000  0.00000000  0.00000000  0.00000000  0.00000000  0.00000000
      0.000000   0.00000000  0.00000000  1.00000000
$ P-TYPE FUNCTIONS
   10    7    0
    574.400000   0.00242600 -0.00059190  0.00000000  0.00000000  0.00000000  0.00000000
      0.000000  
    135.800000   0.01930000 -0.00470700  0.00000000  0.00000000  0.00000000  0.00000000
      0.000000  
     43.190000   0.08869000 -0.02222000  0.00000000  0.00000000  0.00000000  0.00000000
      0.000000  
     15.870000   0.25500000 -0.06525000  0.00000000  0.00000000  0.00000000  0.00000000
      0.000000  
      6.208000   0.43480000 -0.11860000  0.00000000  0.00000000  0.00000000  0.00000000
      0.000000  
      2.483000   0.35430000 -0.09134000  1.00000000  0.00000000  0.00000000  0.00000000
      0.000000  
      0.868800   0.06134000  0.21500000  0.00000000  1.00000000  0.00000000  0.00000000
      0.000000  
      0.322900   0.00000000  0.00000000  0.00000000  0.00000000  1.00000000  0.00000000
      0.000000  
      0.109800   0.00000000  0.00000000  0.00000000  0.00000000  0.00000000  1.00000000
      0.000000  
      0.035100   0.00000000  0.00000000  0.00000000  0.00000000  0.00000000  0.00000000
      1.000000  
$ D-TYPE FUNCTIONS
    6    6    0
     23.114200   1.00000000  0.00000000  0.00000000  0.00000000  0.00000000  0.00000000
      7.591800   0.00000000  1.00000000  0.00000000  0.00000000  0.00000000  0.00000000
      2.493500   0.00000000  0.00000000  1.00000000  0.00000000  0.00000000  0.00000000
      0.269000   0.00000000  0.00000000  0.00000000  1.00000000  0.00000000  0.00000000  
      0.819000   0.00000000  0.00000000  0.00000000  0.00000000  1.00000000  0.00000000
      0.101000   0.00000000  0.00000000  0.00000000  0.00000000  0.00000000  1.00000000
$ F-TYPE FUNCTIONS
    1    1    0
      0.557000   1.00000000  




