$aug-cc-pV5Z
$
$  REFERENCE
$
$  POLARIZATION AND/OR DIFFUSE FUNCTIONS
a 1
$ HYDROGEN     (8s,4p,3d,2f,1g) -> [5s,4p,3d,2f,1g]              
$ HYDROGEN     (1s,1p,1d,1f,1g)                                  
$ S-TYPE FUNCTIONS
    9    6    0
    402.0000000  0.00027900  0.00000000  0.00000000  0.00000000  0.00000000  0.00000000
     60.2400000  0.00216500  0.00000000  0.00000000  0.00000000  0.00000000  0.00000000
     13.7300000  0.01120100  0.00000000  0.00000000  0.00000000  0.00000000  0.00000000
      3.9050000  0.04487800  0.00000000  0.00000000  0.00000000  0.00000000  0.00000000
      1.2830000  0.14229900  1.00000000  0.00000000  0.00000000  0.00000000  0.00000000
      0.4655000  0.33097900  0.00000000  1.00000000  0.00000000  0.00000000  0.00000000
      0.1811000  0.43626900  0.00000000  0.00000000  1.00000000  0.00000000  0.00000000
      0.0727900  0.17644000  0.00000000  0.00000000  0.00000000  1.00000000  0.00000000
      0.0207000  0.00000000  0.00000000  0.00000000  0.00000000  0.00000000  1.00000000
$ P-TYPE FUNCTIONS
    5    5    0
      4.5160000  1.00000000  0.00000000  0.00000000  0.00000000  0.00000000
      1.7120000  0.00000000  1.00000000  0.00000000  0.00000000  0.00000000
      0.6490000  0.00000000  0.00000000  1.00000000  0.00000000  0.00000000
      0.2460000  0.00000000  0.00000000  0.00000000  1.00000000  0.00000000
      0.0744000  0.00000000  0.00000000  0.00000000  0.00000000  1.00000000
$ D-TYPE FUNCTIONS
    4    4    0
      2.9500000  1.00000000  0.00000000  0.00000000  0.00000000
      1.2060000  0.00000000  1.00000000  0.00000000  0.00000000
      0.4930000  0.00000000  0.00000000  1.00000000  0.00000000
      0.1560000  0.00000000  0.00000000  0.00000000  1.00000000
$ F-TYPE FUNCTIONS
    3    3    0
      2.5060000  1.00000000  0.00000000  0.00000000
      0.8750000  0.00000000  1.00000000  0.00000000
      0.2740000  0.00000000  0.00000000  1.00000000
$ G-TYPE FUNCTIONS
    2    2    0
      2.3580000  1.00000000  0.00000000
      0.5430000  0.00000000  1.00000000
a 2
$ HELIUM       (8s,4p,3d,2f,1g) -> [5s,4p,3d,2f,1g]              
$ HELIUM       (1s,1p,1d,1f,1g)                                  
$ S-TYPE FUNCTIONS
    9    6    0
   1145.0000000  0.00035900  0.00000000  0.00000000  0.00000000  0.00000000  0.00000000
    171.7000000  0.00277100  0.00000000  0.00000000  0.00000000  0.00000000  0.00000000
     39.0700000  0.01425100  0.00000000  0.00000000  0.00000000  0.00000000  0.00000000
     11.0400000  0.05556600  0.00000000  0.00000000  0.00000000  0.00000000  0.00000000
      3.5660000  0.16209100  1.00000000  0.00000000  0.00000000  0.00000000  0.00000000
      1.2405000  0.33219700  0.00000000  1.00000000  0.00000000  0.00000000  0.00000000
      0.4473000  0.41961500  0.00000000  0.00000000  1.00000000  0.00000000  0.00000000
      0.1640000  0.18612800  0.00000000  0.00000000  0.00000000  1.00000000  0.00000000
      0.0310900  0.00000000  0.00000000  0.00000000  0.00000000  0.00000000  1.00000000
$ P-TYPE FUNCTIONS
    5    5    0
     10.1530000  1.00000000  0.00000000  0.00000000  0.00000000  0.00000000
      3.6270000  0.00000000  1.00000000  0.00000000  0.00000000  0.00000000
      1.2960000  0.00000000  0.00000000  1.00000000  0.00000000  0.00000000
      0.4630000  0.00000000  0.00000000  0.00000000  1.00000000  0.00000000
      0.1400000  0.00000000  0.00000000  0.00000000  0.00000000  1.00000000
$ D-TYPE FUNCTIONS
    4    4    0
      7.6660000  1.00000000  0.00000000  0.00000000  0.00000000
      2.6470000  0.00000000  1.00000000  0.00000000  0.00000000
      0.9140000  0.00000000  0.00000000  1.00000000  0.00000000
      0.2892000  0.00000000  0.00000000  0.00000000  1.00000000
$ F-TYPE FUNCTIONS
    3    3    0
      5.4110000  1.00000000  0.00000000  0.00000000
      1.7070000  0.00000000  1.00000000  0.00000000
      0.5345000  0.00000000  0.00000000  1.00000000
$ G-TYPE FUNCTIONS
    2    2    0
      3.4300000  1.00000000  0.00000000
      0.7899000  0.00000000  1.00000000
a 5
$ BORON        (14s,8p,4d,3f,2g,1h) -> [6s,5p,4d,3f,2g,1h]       
$ BORON        (1s,1p,1d,1f,1g,1h)                               
$ S-TYPE FUNCTIONS
   15    7    0
  68260.0000000  0.00002400 -0.00000500  0.00000000  0.00000000  0.00000000  0.00000000
      0.0000000
  10230.0000000  0.00018500 -0.00003700  0.00000000  0.00000000  0.00000000  0.00000000
      0.0000000
   2328.0000000  0.00097000 -0.00019600  0.00000000  0.00000000  0.00000000  0.00000000
      0.0000000
    660.4000000  0.00405600 -0.00082400  0.00000000  0.00000000  0.00000000  0.00000000
      0.0000000
    216.2000000  0.01439900 -0.00292300  0.00000000  0.00000000  0.00000000  0.00000000
      0.0000000
     78.6000000  0.04390100 -0.00913800  0.00000000  0.00000000  0.00000000  0.00000000
      0.0000000
     30.9800000  0.11305700 -0.02410500  0.00000000  0.00000000  0.00000000  0.00000000
      0.0000000
     12.9600000  0.23382500 -0.05475500  0.00000000  0.00000000  0.00000000  0.00000000
      0.0000000
      5.6590000  0.35396000 -0.09694300  0.00000000  0.00000000  0.00000000  0.00000000
      0.0000000
      2.5560000  0.30154700 -0.13748500  0.00000000  0.00000000  0.00000000  0.00000000
      0.0000000
      1.1750000  0.08752100 -0.04456500  1.00000000  0.00000000  0.00000000  0.00000000
      0.0000000
      0.4249000  0.00281900  0.32434500  0.00000000  1.00000000  0.00000000  0.00000000
      0.0000000
      0.1712000  0.00004300  0.57041400  0.00000000  0.00000000  1.00000000  0.00000000
      0.0000000
      0.0691300  0.00007800  0.24344400  0.00000000  0.00000000  0.00000000  1.00000000
      0.0000000
      0.0261000  0.00000000  0.00000000  0.00000000  0.00000000  0.00000000  0.00000000
      1.0000000
$ P-TYPE FUNCTIONS
    9    6    0
     66.4400000  0.00083800  0.00000000  0.00000000  0.00000000  0.00000000  0.00000000
     15.7100000  0.00640900  0.00000000  0.00000000  0.00000000  0.00000000  0.00000000
      4.9360000  0.02808100  0.00000000  0.00000000  0.00000000  0.00000000  0.00000000
      1.7700000  0.09215200  0.00000000  0.00000000  0.00000000  0.00000000  0.00000000
      0.7008000  0.22416400  1.00000000  0.00000000  0.00000000  0.00000000  0.00000000
      0.2901000  0.36991500  0.00000000  1.00000000  0.00000000  0.00000000  0.00000000
      0.1211000  0.37444100  0.00000000  0.00000000  1.00000000  0.00000000  0.00000000
      0.0497300  0.13908600  0.00000000  0.00000000  0.00000000  1.00000000  0.00000000
      0.0157000  0.00000000  0.00000000  0.00000000  0.00000000  0.00000000  1.00000000
$ D-TYPE FUNCTIONS
    5    5    0
      2.0100000  1.00000000  0.00000000  0.00000000  0.00000000  0.00000000
      0.7960000  0.00000000  1.00000000  0.00000000  0.00000000  0.00000000
      0.3160000  0.00000000  0.00000000  1.00000000  0.00000000  0.00000000
      0.1250000  0.00000000  0.00000000  0.00000000  1.00000000  0.00000000
      0.0431000  0.00000000  0.00000000  0.00000000  0.00000000  1.00000000
$ F-TYPE FUNCTIONS
    4    4    0
      1.2150000  1.00000000  0.00000000  0.00000000  0.00000000
      0.5250000  0.00000000  1.00000000  0.00000000  0.00000000
      0.2270000  0.00000000  0.00000000  1.00000000  0.00000000
      0.0843000  0.00000000  0.00000000  0.00000000  1.00000000
$ G-TYPE FUNCTIONS
    3    3    0
      1.1240000  1.00000000  0.00000000  0.00000000
      0.4610000  0.00000000  1.00000000  0.00000000
      0.2020000  0.00000000  0.00000000  1.00000000
$ H-TYPE FUNCTIONS
    2    2    0
      0.8340000  1.00000000  0.00000000
      0.3840000  0.00000000  1.00000000
a 6
$ CARBON       (14s,8p,4d,3f,2g,1h) -> [6s,5p,4d,3f,2g,1h]       
$ CARBON       (1s,1p,1d,1f,1g,1h)                               
$ S-TYPE FUNCTIONS
   15    7    0
  96770.0000000  0.00002500 -0.00000500  0.00000000  0.00000000  0.00000000  0.00000000
      0.0000000
  14500.0000000  0.00019000 -0.00004100  0.00000000  0.00000000  0.00000000  0.00000000
      0.0000000
   3300.0000000  0.00100000 -0.00021300  0.00000000  0.00000000  0.00000000  0.00000000
      0.0000000
    935.8000000  0.00418300 -0.00089700  0.00000000  0.00000000  0.00000000  0.00000000
      0.0000000
    306.2000000  0.01485900 -0.00318700  0.00000000  0.00000000  0.00000000  0.00000000
      0.0000000
    111.3000000  0.04530100 -0.00996100  0.00000000  0.00000000  0.00000000  0.00000000
      0.0000000
     43.9000000  0.11650400 -0.02637500  0.00000000  0.00000000  0.00000000  0.00000000
      0.0000000
     18.4000000  0.24024900 -0.06000100  0.00000000  0.00000000  0.00000000  0.00000000
      0.0000000
      8.0540000  0.35879900 -0.10682500  0.00000000  0.00000000  0.00000000  0.00000000
      0.0000000
      3.6370000  0.29394100 -0.14416600  0.00000000  0.00000000  0.00000000  0.00000000
      0.0000000
      1.6560000  0.07766500 -0.02464420  1.00000000  0.00000000  0.00000000  0.00000000
      0.0000000
      0.6333000  0.00233300  0.34900900  0.00000000  1.00000000  0.00000000  0.00000000
      0.0000000
      0.2545000  0.00050500  0.55873700  0.00000000  0.00000000  1.00000000  0.00000000
      0.0000000
      0.1019000  0.00003000  0.22810200  0.00000000  0.00000000  0.00000000  1.00000000
      0.0000000
      0.0394000  0.00000000  0.00000000  0.00000000  0.00000000  0.00000000  0.00000000
      1.0000000
$ P-TYPE FUNCTIONS
    9    6    0
    101.8000000  0.00089100  0.00000000  0.00000000  0.00000000  0.00000000  0.00000000
     24.0400000  0.00697600  0.00000000  0.00000000  0.00000000  0.00000000  0.00000000
      7.5710000  0.03166900  0.00000000  0.00000000  0.00000000  0.00000000  0.00000000
      2.7320000  0.10400600  0.00000000  0.00000000  0.00000000  0.00000000  0.00000000
      1.0850000  0.24163300  1.00000000  0.00000000  0.00000000  0.00000000  0.00000000
      0.4496000  0.37194600  0.00000000  1.00000000  0.00000000  0.00000000  0.00000000
      0.1876000  0.35420000  0.00000000  0.00000000  1.00000000  0.00000000  0.00000000
      0.0760600  0.13156800  0.00000000  0.00000000  0.00000000  1.00000000  0.00000000
      0.0272000  0.00000000  0.00000000  0.00000000  0.00000000  0.00000000  1.00000000
$ D-TYPE FUNCTIONS
    5    5    0
      3.1340000  1.00000000  0.00000000  0.00000000  0.00000000  0.00000000
      1.2330000  0.00000000  1.00000000  0.00000000  0.00000000  0.00000000
      0.4850000  0.00000000  0.00000000  1.00000000  0.00000000  0.00000000
      0.1910000  0.00000000  0.00000000  0.00000000  1.00000000  0.00000000
      0.0701000  0.00000000  0.00000000  0.00000000  0.00000000  1.00000000
$ F-TYPE FUNCTIONS
    4    4    0
      2.0060000  1.00000000  0.00000000  0.00000000  0.00000000
      0.8380000  0.00000000  1.00000000  0.00000000  0.00000000
      0.3500000  0.00000000  0.00000000  1.00000000  0.00000000
      0.1380000  0.00000000  0.00000000  0.00000000  1.00000000
$ G-TYPE FUNCTIONS
    3    3    0
      1.7530000  1.00000000  0.00000000  0.00000000
      0.6780000  0.00000000  1.00000000  0.00000000
      0.3190000  0.00000000  0.00000000  1.00000000
$ H-TYPE FUNCTIONS
    2    2    0
      1.2590000  1.00000000  0.00000000
      0.5860000  0.00000000  1.00000000
a 7
$ NITROGEN     (14s,8p,4d,3f,2g,1h) -> [6s,5p,4d,3f,2g,1h]       
$ NITROGEN     (1s,1p,1d,1f,1g,1h)                               
$ S-TYPE FUNCTIONS
   15    7    0
 129200.0000000  0.00002500 -0.00000600  0.00000000  0.00000000  0.00000000  0.00000000
      0.0000000
  19350.0000000  0.00019700 -0.00004300  0.00000000  0.00000000  0.00000000  0.00000000
      0.0000000
   4404.0000000  0.00103200 -0.00022700  0.00000000  0.00000000  0.00000000  0.00000000
      0.0000000
   1248.0000000  0.00432500 -0.00095800  0.00000000  0.00000000  0.00000000  0.00000000
      0.0000000
    408.0000000  0.01538000 -0.00341600  0.00000000  0.00000000  0.00000000  0.00000000
      0.0000000
    148.2000000  0.04686700 -0.01066700  0.00000000  0.00000000  0.00000000  0.00000000
      0.0000000
     58.5000000  0.12011600 -0.02827900  0.00000000  0.00000000  0.00000000  0.00000000
      0.0000000
     24.5900000  0.24569500 -0.06402000  0.00000000  0.00000000  0.00000000  0.00000000
      0.0000000
     10.8100000  0.36137900 -0.11393200  0.00000000  0.00000000  0.00000000  0.00000000
      0.0000000
      4.8820000  0.28728300 -0.14699500  0.00000000  0.00000000  0.00000000  0.00000000
      0.0000000
      2.1950000  0.07017100 -0.00725100  1.00000000  0.00000000  0.00000000  0.00000000
      0.0000000
      0.8715000  0.00183100  0.36618300  0.00000000  1.00000000  0.00000000  0.00000000
      0.0000000
      0.3504000  0.00083500  0.54790800  0.00000000  0.00000000  1.00000000  0.00000000
      0.0000000
      0.1397000 -0.00000600  0.21664500  0.00000000  0.00000000  0.00000000  1.00000000
      0.0000000
      0.0518000  0.00000000  0.00000000  0.00000000  0.00000000  0.00000000  0.00000000
      1.0000000
$ P-TYPE FUNCTIONS
    9    6    0
    147.0000000  0.00089200  0.00000000  0.00000000  0.00000000  0.00000000  0.00000000
     34.7600000  0.00708200  0.00000000  0.00000000  0.00000000  0.00000000  0.00000000
     11.0000000  0.03281600  0.00000000  0.00000000  0.00000000  0.00000000  0.00000000
      3.9950000  0.10820900  0.00000000  0.00000000  0.00000000  0.00000000  0.00000000
      1.5870000  0.24809400  1.00000000  0.00000000  0.00000000  0.00000000  0.00000000
      0.6533000  0.37451300  0.00000000  1.00000000  0.00000000  0.00000000  0.00000000
      0.2686000  0.34841400  0.00000000  0.00000000  1.00000000  0.00000000  0.00000000
      0.1067000  0.12834000  0.00000000  0.00000000  0.00000000  1.00000000  0.00000000
      0.0369000  0.00000000  0.00000000  0.00000000  0.00000000  0.00000000  1.00000000
$ D-TYPE FUNCTIONS
    5    5    0
      4.6470000  1.00000000  0.00000000  0.00000000  0.00000000  0.00000000
      1.8130000  0.00000000  1.00000000  0.00000000  0.00000000  0.00000000
      0.7070000  0.00000000  0.00000000  1.00000000  0.00000000  0.00000000
      0.2760000  0.00000000  0.00000000  0.00000000  1.00000000  0.00000000
      0.0971000  0.00000000  0.00000000  0.00000000  0.00000000  1.00000000
$ F-TYPE FUNCTIONS
    4    4    0
      2.9420000  1.00000000  0.00000000  0.00000000  0.00000000
      1.2040000  0.00000000  1.00000000  0.00000000  0.00000000
      0.4930000  0.00000000  0.00000000  1.00000000  0.00000000
      0.1920000  0.00000000  0.00000000  0.00000000  1.00000000
$ G-TYPE FUNCTIONS
    3    3    0
      2.5110000  1.00000000  0.00000000  0.00000000
      0.9420000  0.00000000  1.00000000  0.00000000
      0.4360000  0.00000000  0.00000000  1.00000000
$ H-TYPE FUNCTIONS
    2    2    0
      1.7680000  1.00000000  0.00000000
      0.7880000  0.00000000  1.00000000
a 8
$ OXYGEN       (14s,8p,4d,3f,2g,1h) -> [6s,5p,4d,3f,2g,1h]       
$ OXYGEN       (1s,1p,1d,1f,1g,1h)                               
$ S-TYPE FUNCTIONS
   15    7    0
 164200.0000000  0.00002600 -0.00000600  0.00000000  0.00000000  0.00000000  0.00000000
      0.0000000
  24590.0000000  0.00020500 -0.00004600  0.00000000  0.00000000  0.00000000  0.00000000
      0.0000000
   5592.0000000  0.00107600 -0.00024400  0.00000000  0.00000000  0.00000000  0.00000000
      0.0000000
   1582.0000000  0.00452200 -0.00103100  0.00000000  0.00000000  0.00000000  0.00000000
      0.0000000
    516.1000000  0.01610800 -0.00368800  0.00000000  0.00000000  0.00000000  0.00000000
      0.0000000
    187.2000000  0.04908500 -0.01151400  0.00000000  0.00000000  0.00000000  0.00000000
      0.0000000
     73.9300000  0.12485700 -0.03043500  0.00000000  0.00000000  0.00000000  0.00000000
      0.0000000
     31.2200000  0.25168600 -0.06814700  0.00000000  0.00000000  0.00000000  0.00000000
      0.0000000
     13.8100000  0.36242000 -0.12036800  0.00000000  0.00000000  0.00000000  0.00000000
      0.0000000
      6.2560000  0.27905100 -0.14826000  0.00000000  0.00000000  0.00000000  0.00000000
      0.0000000
      2.7760000  0.06355200  0.00990500  1.00000000  0.00000000  0.00000000  0.00000000
      0.0000000
      1.1380000  0.00106300  0.38428600  0.00000000  1.00000000  0.00000000  0.00000000
      0.0000000
      0.4600000  0.00114400  0.53680500  0.00000000  0.00000000  1.00000000  0.00000000
      0.0000000
      0.1829000 -0.00004000  0.20268700  0.00000000  0.00000000  0.00000000  1.00000000
      0.0000000
      0.0655000  0.00000000  0.00000000  0.00000000  0.00000000  0.00000000  0.00000000
      1.0000000
$ P-TYPE FUNCTIONS
    9    6    0
    195.5000000  0.00091800  0.00000000  0.00000000  0.00000000  0.00000000  0.00000000
     46.1600000  0.00738800  0.00000000  0.00000000  0.00000000  0.00000000  0.00000000
     14.5800000  0.03495800  0.00000000  0.00000000  0.00000000  0.00000000  0.00000000
      5.2960000  0.11543100  0.00000000  0.00000000  0.00000000  0.00000000  0.00000000
      2.0940000  0.25680300  1.00000000  0.00000000  0.00000000  0.00000000  0.00000000
      0.8471000  0.37393800  0.00000000  1.00000000  0.00000000  0.00000000  0.00000000
      0.3368000  0.34344700  0.00000000  0.00000000  1.00000000  0.00000000  0.00000000
      0.1285000  0.12970600  0.00000000  0.00000000  0.00000000  1.00000000  0.00000000
      0.0446000  0.00000000  0.00000000  0.00000000  0.00000000  0.00000000  1.00000000
$ D-TYPE FUNCTIONS
    5    5    0
      5.8790000  1.00000000  0.00000000  0.00000000  0.00000000  0.00000000
      2.3070000  0.00000000  1.00000000  0.00000000  0.00000000  0.00000000
      0.9050000  0.00000000  0.00000000  1.00000000  0.00000000  0.00000000
      0.3550000  0.00000000  0.00000000  0.00000000  1.00000000  0.00000000
      0.1310000  0.00000000  0.00000000  0.00000000  0.00000000  1.00000000
$ F-TYPE FUNCTIONS
    4    4    0
      4.0160000  1.00000000  0.00000000  0.00000000  0.00000000
      1.5540000  0.00000000  1.00000000  0.00000000  0.00000000
      0.6010000  0.00000000  0.00000000  1.00000000  0.00000000
      0.2370000  0.00000000  0.00000000  0.00000000  1.00000000
$ G-TYPE FUNCTIONS
    3    3    0
      3.3500000  1.00000000  0.00000000  0.00000000
      1.1890000  0.00000000  1.00000000  0.00000000
      0.5170000  0.00000000  0.00000000  1.00000000
$ H-TYPE FUNCTIONS
    2    2    0
      2.3190000  1.00000000  0.00000000
      1.0240000  0.00000000  1.00000000
a 9
$ FLUORINE     (14s,8p,4d,3f,2g,1h) -> [6s,5p,4d,3f,2g,1h]       
$ FLUORINE     (1s,1p,1d,1f,1g,1h)                               
$ S-TYPE FUNCTIONS
   15    7    0
 211400.0000000  0.00002600 -0.00000600  0.00000000  0.00000000  0.00000000  0.00000000
      0.0000000
  31660.0000000  0.00020100 -0.00004700  0.00000000  0.00000000  0.00000000  0.00000000
      0.0000000
   7202.0000000  0.00105600 -0.00024400  0.00000000  0.00000000  0.00000000  0.00000000
      0.0000000
   2040.0000000  0.00443200 -0.00103100  0.00000000  0.00000000  0.00000000  0.00000000
      0.0000000
    666.4000000  0.01576600 -0.00368300  0.00000000  0.00000000  0.00000000  0.00000000
      0.0000000
    242.0000000  0.04811200 -0.01151300  0.00000000  0.00000000  0.00000000  0.00000000
      0.0000000
     95.5300000  0.12323200 -0.03066300  0.00000000  0.00000000  0.00000000  0.00000000
      0.0000000
     40.2300000  0.25151900 -0.06957200  0.00000000  0.00000000  0.00000000  0.00000000
      0.0000000
     17.7200000  0.36452500 -0.12399200  0.00000000  0.00000000  0.00000000  0.00000000
      0.0000000
      8.0050000  0.27976600 -0.15021400  0.00000000  0.00000000  0.00000000  0.00000000
      0.0000000
      3.5380000  0.06354500  0.01646000  1.00000000  0.00000000  0.00000000  0.00000000
      0.0000000
      1.4580000  0.00111100  0.39255000  0.00000000  1.00000000  0.00000000  0.00000000
      0.0000000
      0.5887000  0.00125800  0.53216400  0.00000000  0.00000000  1.00000000  0.00000000
      0.0000000
      0.2324000 -0.00003500  0.19652400  0.00000000  0.00000000  0.00000000  1.00000000
      0.0000000
      0.0806000  0.00000000  0.00000000  0.00000000  0.00000000  0.00000000  0.00000000
      1.0000000
$ P-TYPE FUNCTIONS
    9    6    0
    241.9000000  0.00100200  0.00000000  0.00000000  0.00000000  0.00000000  0.00000000
     57.1700000  0.00805400  0.00000000  0.00000000  0.00000000  0.00000000  0.00000000
     18.1300000  0.03804800  0.00000000  0.00000000  0.00000000  0.00000000  0.00000000
      6.6240000  0.12377900  0.00000000  0.00000000  0.00000000  0.00000000  0.00000000
      2.6220000  0.26606000  1.00000000  0.00000000  0.00000000  0.00000000  0.00000000
      1.0570000  0.37179600  0.00000000  1.00000000  0.00000000  0.00000000  0.00000000
      0.4176000  0.33289000  0.00000000  0.00000000  1.00000000  0.00000000  0.00000000
      0.1574000  0.12849100  0.00000000  0.00000000  0.00000000  1.00000000  0.00000000
      0.0550000  0.00000000  0.00000000  0.00000000  0.00000000  0.00000000  1.00000000
$ D-TYPE FUNCTIONS
    5    5    0
      7.7600000  1.00000000  0.00000000  0.00000000  0.00000000  0.00000000
      3.0320000  0.00000000  1.00000000  0.00000000  0.00000000  0.00000000
      1.1850000  0.00000000  0.00000000  1.00000000  0.00000000  0.00000000
      0.4630000  0.00000000  0.00000000  0.00000000  1.00000000  0.00000000
      0.1720000  0.00000000  0.00000000  0.00000000  0.00000000  1.00000000
$ F-TYPE FUNCTIONS
    4    4    0
      5.3980000  1.00000000  0.00000000  0.00000000  0.00000000
      2.0780000  0.00000000  1.00000000  0.00000000  0.00000000
      0.8000000  0.00000000  0.00000000  1.00000000  0.00000000
      0.3310000  0.00000000  0.00000000  0.00000000  1.00000000
$ G-TYPE FUNCTIONS
    3    3    0
      4.3380000  1.00000000  0.00000000  0.00000000
      1.5130000  0.00000000  1.00000000  0.00000000
      0.6630000  0.00000000  0.00000000  1.00000000
$ H-TYPE FUNCTIONS
    2    2    0
      2.9950000  1.00000000  0.00000000
      1.3260000  0.00000000  1.00000000
a 10
$ NEON         (14s,8p,4d,3f,2g,1h) -> [6s,5p,4d,3f,2g,1h]       
$ NEON         (1s,1p,1d,1f,1g,1h)                               
$ S-TYPE FUNCTIONS
   15    7    0
 262700.0000000  0.00002600 -0.00000600  0.00000000  0.00000000  0.00000000  0.00000000
      0.0000000
  39350.0000000  0.00020000 -0.00004700  0.00000000  0.00000000  0.00000000  0.00000000
      0.0000000
   8955.0000000  0.00105000 -0.00024700  0.00000000  0.00000000  0.00000000  0.00000000
      0.0000000
   2538.0000000  0.00440000 -0.00103800  0.00000000  0.00000000  0.00000000  0.00000000
      0.0000000
    829.9000000  0.01564900 -0.00371100  0.00000000  0.00000000  0.00000000  0.00000000
      0.0000000
    301.5000000  0.04775800 -0.01159300  0.00000000  0.00000000  0.00000000  0.00000000
      0.0000000
    119.0000000  0.12294300 -0.03108600  0.00000000  0.00000000  0.00000000  0.00000000
      0.0000000
     50.0000000  0.25248300 -0.07097200  0.00000000  0.00000000  0.00000000  0.00000000
      0.0000000
     21.9800000  0.36631400 -0.12726600  0.00000000  0.00000000  0.00000000  0.00000000
      0.0000000
      9.8910000  0.27961700 -0.15123100  0.00000000  0.00000000  0.00000000  0.00000000
      0.0000000
      4.3270000  0.06165100  0.02466600  1.00000000  0.00000000  0.00000000  0.00000000
      0.0000000
      1.8040000  0.00093400  0.39961200  0.00000000  1.00000000  0.00000000  0.00000000
      0.0000000
      0.7288000  0.00136700  0.52661600  0.00000000  0.00000000  1.00000000  0.00000000
      0.0000000
      0.2867000 -0.00003800  0.19085400  0.00000000  0.00000000  0.00000000  1.00000000
      0.0000000
      0.0957000  0.00000000  0.00000000  0.00000000  0.00000000  0.00000000  0.00000000
      1.0000000
$ P-TYPE FUNCTIONS
    9    6    0
    299.1000000  0.00103800  0.00000000  0.00000000  0.00000000  0.00000000  0.00000000
     70.7300000  0.00837500  0.00000000  0.00000000  0.00000000  0.00000000  0.00000000
     22.4800000  0.03969300  0.00000000  0.00000000  0.00000000  0.00000000  0.00000000
      8.2460000  0.12805600  0.00000000  0.00000000  0.00000000  0.00000000  0.00000000
      3.2690000  0.27032500  1.00000000  0.00000000  0.00000000  0.00000000  0.00000000
      1.3150000  0.37096300  0.00000000  1.00000000  0.00000000  0.00000000  0.00000000
      0.5158000  0.32849900  0.00000000  0.00000000  1.00000000  0.00000000  0.00000000
      0.1918000  0.12758800  0.00000000  0.00000000  0.00000000  1.00000000  0.00000000
      0.0654000  0.00000000  0.00000000  0.00000000  0.00000000  0.00000000  1.00000000
$ D-TYPE FUNCTIONS
    5    5    0
      9.8370000  1.00000000  0.00000000  0.00000000  0.00000000  0.00000000
      3.8440000  0.00000000  1.00000000  0.00000000  0.00000000  0.00000000
      1.5020000  0.00000000  0.00000000  1.00000000  0.00000000  0.00000000
      0.5870000  0.00000000  0.00000000  0.00000000  1.00000000  0.00000000
      0.2130000  0.00000000  0.00000000  0.00000000  0.00000000  1.00000000
$ F-TYPE FUNCTIONS
    4    4    0
      7.0900000  1.00000000  0.00000000  0.00000000  0.00000000
      2.7380000  0.00000000  1.00000000  0.00000000  0.00000000
      1.0570000  0.00000000  0.00000000  1.00000000  0.00000000
      0.4250000  0.00000000  0.00000000  0.00000000  1.00000000
$ G-TYPE FUNCTIONS
    3    3    0
      5.4600000  1.00000000  0.00000000  0.00000000
      1.8800000  0.00000000  1.00000000  0.00000000
      0.8090000  0.00000000  0.00000000  1.00000000
$ H-TYPE FUNCTIONS
    2    2    0
      3.7760000  1.00000000  0.00000000
      1.6280000  0.00000000  1.00000000
a 13
$ ALUMINUM     (20s,12p,4d,3f,2g,1h) -> [7s,6p,4d,3f,2g,1h]      
$ ALUMINUM     (1s,1p,1d,1f,1g,1h)                               
$ S-TYPE FUNCTIONS
   21    8    0
3269000.0000000  0.00000214 -0.00000056  0.00000013  0.00000000  0.00000000  0.00000000
      0.0000000  0.00000000
 489400.0000000  0.00001663 -0.00000432  0.00000100  0.00000000  0.00000000  0.00000000
      0.0000000  0.00000000
 111400.0000000  0.00008752 -0.00002274  0.00000525  0.00000000  0.00000000  0.00000000
      0.0000000  0.00000000
  31560.0000000  0.00036899 -0.00009601  0.00002215  0.00000000  0.00000000  0.00000000
      0.0000000  0.00000000
  10320.0000000  0.00133903 -0.00034838  0.00008055  0.00000000  0.00000000  0.00000000
      0.0000000  0.00000000
   3731.0000000  0.00435636 -0.00113836  0.00026251  0.00000000  0.00000000  0.00000000
      0.0000000  0.00000000
   1456.0000000  0.01289550 -0.00338744  0.00078422  0.00000000  0.00000000  0.00000000
      0.0000000  0.00000000
    604.1000000  0.03482010 -0.00931505  0.00215039  0.00000000  0.00000000  0.00000000
      0.0000000  0.00000000
    263.5000000  0.08435300 -0.02330230  0.00541974  0.00000000  0.00000000  0.00000000
      0.0000000  0.00000000
    119.8000000  0.17590700 -0.05234860  0.01216860  0.00000000  0.00000000  0.00000000
      0.0000000  0.00000000
     56.3200000  0.29209100 -0.09994990  0.02368230  0.00000000  0.00000000  0.00000000
      0.0000000  0.00000000
     27.1900000  0.32822000 -0.15056000  0.03609370  0.00000000  0.00000000  0.00000000
      0.0000000  0.00000000
     13.2600000  0.18692700 -0.11912100  0.03032840  0.00000000  0.00000000  0.00000000
      0.0000000  0.00000000
      6.0520000  0.03104300  0.10809100 -0.03090340  0.00000000  0.00000000  0.00000000
      0.0000000  0.00000000
      2.9810000 -0.00050892  0.41112900 -0.11912600  0.00000000  0.00000000  0.00000000
      0.0000000  0.00000000
      1.4760000  0.00148836  0.45721400 -0.21114500  0.00000000  0.00000000  0.00000000
      0.0000000  0.00000000
      0.7334000 -0.00027824  0.17593800 -0.15794400  1.00000000  0.00000000  0.00000000
      0.0000000  0.00000000
      0.2447000  0.00011875  0.00770610  0.33903800  0.00000000  1.00000000  0.00000000
      0.0000000  0.00000000
      0.1088000 -0.00006615 -0.00166168  0.61309700  0.00000000  0.00000000  1.00000000
      0.0000000  0.00000000
      0.0467200  0.00001760  0.00044535  0.23516800  0.00000000  0.00000000  0.00000000
      1.0000000  0.00000000
      0.0177000  0.00000000  0.00000000  0.00000000  0.00000000  0.00000000  0.00000000
      0.0000000  1.00000000
$ P-TYPE FUNCTIONS
   13    7    0
   1461.0000000  0.00020861 -0.00003719  0.00000000  0.00000000  0.00000000  0.00000000
      0.0000000
    346.2000000  0.00181005 -0.00032856  0.00000000  0.00000000  0.00000000  0.00000000
      0.0000000
    112.2000000  0.00973433 -0.00174264  0.00000000  0.00000000  0.00000000  0.00000000
      0.0000000
     42.5100000  0.03782660 -0.00694828  0.00000000  0.00000000  0.00000000  0.00000000
      0.0000000
     17.7200000  0.11089800 -0.02028070  0.00000000  0.00000000  0.00000000  0.00000000
      0.0000000
      7.8520000  0.23429500 -0.04486570  0.00000000  0.00000000  0.00000000  0.00000000
      0.0000000
      3.5710000  0.34524500 -0.06432780  0.00000000  0.00000000  0.00000000  0.00000000
      0.0000000
      1.6370000  0.33143000 -0.07526660  0.00000000  0.00000000  0.00000000  0.00000000
      0.0000000
      0.7382000  0.14706400  0.00061601  1.00000000  0.00000000  0.00000000  0.00000000
      0.0000000
      0.2577000  0.01214110  0.28781900  0.00000000  1.00000000  0.00000000  0.00000000
      0.0000000
      0.0977300 -0.00087164  0.54303000  0.00000000  0.00000000  1.00000000  0.00000000
      0.0000000
      0.0369000  0.00043796  0.30186500  0.00000000  0.00000000  0.00000000  1.00000000
      0.0000000
      0.0115000  0.00000000  0.00000000  0.00000000  0.00000000  0.00000000  0.00000000
      1.0000000
$ D-TYPE FUNCTIONS
    5    5    0
      1.3170000  1.00000000  0.00000000  0.00000000  0.00000000  0.00000000
      0.5260000  0.00000000  1.00000000  0.00000000  0.00000000  0.00000000
      0.2100000  0.00000000  0.00000000  1.00000000  0.00000000  0.00000000
      0.0840000  0.00000000  0.00000000  0.00000000  1.00000000  0.00000000
      0.0294000  0.00000000  0.00000000  0.00000000  0.00000000  1.00000000
$ F-TYPE FUNCTIONS
    4    4    0
      0.1300000  1.00000000  0.00000000  0.00000000  0.00000000
      0.2580000  0.00000000  1.00000000  0.00000000  0.00000000
      0.5130000  0.00000000  0.00000000  1.00000000  0.00000000
      0.0509000  0.00000000  0.00000000  0.00000000  1.00000000
$ G-TYPE FUNCTIONS
    3    3    0
      0.2520000  1.00000000  0.00000000  0.00000000
      0.5430000  0.00000000  1.00000000  0.00000000
      0.1069000  0.00000000  0.00000000  1.00000000
$ H-TYPE FUNCTIONS
    2    2    0
      0.4460000  1.00000000  0.00000000
      0.2270000  0.00000000  1.00000000
a 14
$ SILICON      (20s,12p,4d,3f,2g,1h) -> [7s,6p,4d,3f,2g,1h]      
$ SILICON      (1s,1p,1d,1f,1g,1h)                               
$ S-TYPE FUNCTIONS
   21    8    0
3948000.0000000  0.00000204 -0.00000054  0.00000014  0.00000000  0.00000000  0.00000000
      0.0000000  0.00000000
 591100.0000000  0.00001584 -0.00000422  0.00000108  0.00000000  0.00000000  0.00000000
      0.0000000  0.00000000
 134500.0000000  0.00008336 -0.00002218  0.00000569  0.00000000  0.00000000  0.00000000
      0.0000000  0.00000000
  38120.0000000  0.00035136 -0.00009360  0.00002395  0.00000000  0.00000000  0.00000000
      0.0000000  0.00000000
  12460.0000000  0.00127660 -0.00034012  0.00008724  0.00000000  0.00000000  0.00000000
      0.0000000  0.00000000
   4504.0000000  0.00415191 -0.00111061  0.00028416  0.00000000  0.00000000  0.00000000
      0.0000000  0.00000000
   1758.0000000  0.01230300 -0.00330878  0.00084984  0.00000000  0.00000000  0.00000000
      0.0000000  0.00000000
    729.1000000  0.03331020 -0.00911602  0.00233527  0.00000000  0.00000000  0.00000000
      0.0000000  0.00000000
    318.0000000  0.08098450 -0.02287900  0.00590466  0.00000000  0.00000000  0.00000000
      0.0000000  0.00000000
    144.6000000  0.17029000 -0.05171190  0.01334610  0.00000000  0.00000000  0.00000000
      0.0000000  0.00000000
     67.9700000  0.28687900 -0.09990910  0.02628890  0.00000000  0.00000000  0.00000000
      0.0000000  0.00000000
     32.8200000  0.33034000 -0.15274700  0.04074260  0.00000000  0.00000000  0.00000000
      0.0000000  0.00000000
     16.0300000  0.19660200 -0.12750800  0.03614760  0.00000000  0.00000000  0.00000000
      0.0000000  0.00000000
      7.3960000  0.03545350  0.09469630 -0.03039230  0.00000000  0.00000000  0.00000000
      0.0000000  0.00000000
      3.6610000 -0.00053520  0.41403600 -0.13596100  0.00000000  0.00000000  0.00000000
      0.0000000  0.00000000
      1.8230000  0.00161465  0.46793400 -0.25014400  0.00000000  0.00000000  0.00000000
      0.0000000  0.00000000
      0.9147000 -0.00037274  0.17392700 -0.15805000  1.00000000  0.00000000  0.00000000
      0.0000000  0.00000000
      0.3393000  0.00014623  0.00843895  0.36965500  0.00000000  1.00000000  0.00000000
      0.0000000  0.00000000
      0.1500000 -0.00007894 -0.00099807  0.61771800  0.00000000  0.00000000  1.00000000
      0.0000000  0.00000000
      0.0643800  0.00001928  0.00036210  0.22251400  0.00000000  0.00000000  0.00000000
      1.0000000  0.00000000
      0.0260000  0.00000000  0.00000000  0.00000000  0.00000000  0.00000000  0.00000000
      0.0000000  1.00000000
$ P-TYPE FUNCTIONS
   13    7    0
   1780.0000000  0.00020121 -0.00004272  0.00000000  0.00000000  0.00000000  0.00000000
      0.0000000
    421.8000000  0.00174937 -0.00037704  0.00000000  0.00000000  0.00000000  0.00000000
      0.0000000
    136.7000000  0.00948141 -0.00202240  0.00000000  0.00000000  0.00000000  0.00000000
      0.0000000
     51.8100000  0.03723130 -0.00812833  0.00000000  0.00000000  0.00000000  0.00000000
      0.0000000
     21.6000000  0.11076300 -0.02422720  0.00000000  0.00000000  0.00000000  0.00000000
      0.0000000
      9.5630000  0.23793300 -0.05438250  0.00000000  0.00000000  0.00000000  0.00000000
      0.0000000
      4.3500000  0.35369100 -0.07990510  0.00000000  0.00000000  0.00000000  0.00000000
      0.0000000
      2.0060000  0.32883900 -0.08889580  0.00000000  0.00000000  0.00000000  0.00000000
      0.0000000
      0.9205000  0.13237300  0.01839970  1.00000000  0.00000000  0.00000000  0.00000000
      0.0000000
      0.3500000  0.01033000  0.33509600  0.00000000  1.00000000  0.00000000  0.00000000
      0.0000000
      0.1381000 -0.00015031  0.53228800  0.00000000  0.00000000  1.00000000  0.00000000
      0.0000000
      0.0533800  0.00026581  0.25437400  0.00000000  0.00000000  0.00000000  1.00000000
      0.0000000
      0.0192000  0.00000000  0.00000000  0.00000000  0.00000000  0.00000000  0.00000000
      1.0000000
$ D-TYPE FUNCTIONS
    5    5    0
      0.1260000  1.00000000  0.00000000  0.00000000  0.00000000  0.00000000
      0.3210000  0.00000000  1.00000000  0.00000000  0.00000000  0.00000000
      0.8170000  0.00000000  0.00000000  1.00000000  0.00000000  0.00000000
      2.0820000  0.00000000  0.00000000  0.00000000  1.00000000  0.00000000
      0.0468000  0.00000000  0.00000000  0.00000000  0.00000000  1.00000000
$ F-TYPE FUNCTIONS
    4    4    0
      0.1690000  1.00000000  0.00000000  0.00000000  0.00000000
      0.3410000  0.00000000  1.00000000  0.00000000  0.00000000
      0.6880000  0.00000000  0.00000000  1.00000000  0.00000000
      0.0735000  0.00000000  0.00000000  0.00000000  1.00000000
$ G-TYPE FUNCTIONS
    3    3    0
      0.3200000  1.00000000  0.00000000  0.00000000
      0.7050000  0.00000000  1.00000000  0.00000000
      0.1510000  0.00000000  0.00000000  1.00000000
$ H-TYPE FUNCTIONS
    2    2    0
      0.5830000  1.00000000  0.00000000
      0.3230000  0.00000000  1.00000000
a 15
$ PHOSPHORUS   (20s,12p,4d,3f,2g,1h) -> [7s,6p,4d,3f,2g,1h]      
$ PHOSPHORUS   (1s,1p,1d,1f,1g,1h)                               
$ S-TYPE FUNCTIONS
   21    8    0
4666000.0000000  0.00000197 -0.00000053  0.00000015  0.00000000  0.00000000  0.00000000
      0.0000000  0.00000000
 698600.0000000  0.00001530 -0.00000415  0.00000114  0.00000000  0.00000000  0.00000000
      0.0000000  0.00000000
 159000.0000000  0.00008048 -0.00002185  0.00000601  0.00000000  0.00000000  0.00000000
      0.0000000  0.00000000
  45040.0000000  0.00033974 -0.00009233  0.00002534  0.00000000  0.00000000  0.00000000
      0.0000000  0.00000000
  14720.0000000  0.00123291 -0.00033511  0.00009216  0.00000000  0.00000000  0.00000000
      0.0000000  0.00000000
   5323.0000000  0.00401345 -0.00109508  0.00030056  0.00000000  0.00000000  0.00000000
      0.0000000  0.00000000
   2076.0000000  0.01191240 -0.00326798  0.00089988  0.00000000  0.00000000  0.00000000
      0.0000000  0.00000000
    861.1000000  0.03225110 -0.00899951  0.00247354  0.00000000  0.00000000  0.00000000
      0.0000000  0.00000000
    375.7000000  0.07866430 -0.02265280  0.00626812  0.00000000  0.00000000  0.00000000
      0.0000000  0.00000000
    170.8000000  0.16645800 -0.05146500  0.01425980  0.00000000  0.00000000  0.00000000
      0.0000000  0.00000000
     80.2900000  0.28303900 -0.10018600  0.02827690  0.00000000  0.00000000  0.00000000
      0.0000000  0.00000000
     38.7700000  0.33194200 -0.15507500  0.04451240  0.00000000  0.00000000  0.00000000
      0.0000000  0.00000000
     18.9300000  0.20335200 -0.13381800  0.04072170  0.00000000  0.00000000  0.00000000
      0.0000000  0.00000000
      8.7960000  0.03831830  0.08783610 -0.03019080  0.00000000  0.00000000  0.00000000
      0.0000000  0.00000000
      4.3580000 -0.00038472  0.42258100 -0.15289400  0.00000000  0.00000000  0.00000000
      0.0000000  0.00000000
      2.1740000  0.00158744  0.47489900 -0.28241100  0.00000000  0.00000000  0.00000000
      0.0000000  0.00000000
      1.0950000 -0.00041338  0.16500200 -0.14852200  1.00000000  0.00000000  0.00000000
      0.0000000  0.00000000
      0.4400000  0.00015284  0.00846862  0.39356300  0.00000000  1.00000000  0.00000000
      0.0000000  0.00000000
      0.1945000 -0.00008270 -0.00029176  0.61732700  0.00000000  0.00000000  1.00000000
      0.0000000  0.00000000
      0.0837600  0.00001841  0.00028534  0.21461200  0.00000000  0.00000000  0.00000000
      1.0000000  0.00000000
      0.0335000  0.00000000  0.00000000  0.00000000  0.00000000  0.00000000  0.00000000
      0.0000000  1.00000000
$ P-TYPE FUNCTIONS
   13    7    0
   2010.0000000  0.00021592 -0.00005114  0.00000000  0.00000000  0.00000000  0.00000000
      0.0000000
    476.3000000  0.00187536 -0.00044836  0.00000000  0.00000000  0.00000000  0.00000000
      0.0000000
    154.4000000  0.01017420 -0.00242340  0.00000000  0.00000000  0.00000000  0.00000000
      0.0000000
     58.5100000  0.03998560 -0.00969826  0.00000000  0.00000000  0.00000000  0.00000000
      0.0000000
     24.4000000  0.11856300 -0.02909650  0.00000000  0.00000000  0.00000000  0.00000000
      0.0000000
     10.8000000  0.25181600 -0.06417260  0.00000000  0.00000000  0.00000000  0.00000000
      0.0000000
      4.9130000  0.36656500 -0.09450710  0.00000000  0.00000000  0.00000000  0.00000000
      0.0000000
      2.2690000  0.31617700 -0.09347000  0.00000000  0.00000000  0.00000000  0.00000000
      0.0000000
      1.0430000  0.10470000  0.05206110  1.00000000  0.00000000  0.00000000  0.00000000
      0.0000000
      0.4313000  0.00609862  0.37462400  0.00000000  1.00000000  0.00000000  0.00000000
      0.0000000
      0.1767000  0.00050208  0.50909700  0.00000000  0.00000000  1.00000000  0.00000000
      0.0000000
      0.0700900 -0.00002956  0.21511600  0.00000000  0.00000000  0.00000000  1.00000000
      0.0000000
      0.0253000  0.00000000  0.00000000  0.00000000  0.00000000  0.00000000  0.00000000
      1.0000000
$ D-TYPE FUNCTIONS
    5    5    0
      0.1660000  1.00000000  0.00000000  0.00000000  0.00000000  0.00000000
      0.4180000  0.00000000  1.00000000  0.00000000  0.00000000  0.00000000
      1.0540000  0.00000000  0.00000000  1.00000000  0.00000000  0.00000000
      2.6560000  0.00000000  0.00000000  0.00000000  1.00000000  0.00000000
      0.0624000  0.00000000  0.00000000  0.00000000  0.00000000  1.00000000
$ F-TYPE FUNCTIONS
    4    4    0
      0.2190000  1.00000000  0.00000000  0.00000000  0.00000000
      0.4500000  0.00000000  1.00000000  0.00000000  0.00000000
      0.9230000  0.00000000  0.00000000  1.00000000  0.00000000
      0.0950000  0.00000000  0.00000000  0.00000000  1.00000000
$ G-TYPE FUNCTIONS
    3    3    0
      0.4120000  1.00000000  0.00000000  0.00000000
      0.9030000  0.00000000  1.00000000  0.00000000
      0.1840000  0.00000000  0.00000000  1.00000000
$ H-TYPE FUNCTIONS
    2    2    0
      0.7450000  1.00000000  0.00000000
      0.3720000  0.00000000  1.00000000
a 16
$ SULFUR       (20s,12p,4d,3f,2g,1h) -> [7s,6p,4d,3f,2g,1h]      
$ SULFUR       (1s,1p,1d,1f,1g,1h)                               
$ S-TYPE FUNCTIONS
   21    8    0
5481000.0000000  0.00000189 -0.00000052  0.00000015  0.00000000  0.00000000  0.00000000
      0.0000000  0.00000000
 820600.0000000  0.00001472 -0.00000407  0.00000118  0.00000000  0.00000000  0.00000000
      0.0000000  0.00000000
 186700.0000000  0.00007751 -0.00002141  0.00000622  0.00000000  0.00000000  0.00000000
      0.0000000  0.00000000
  52880.0000000  0.00032722 -0.00009045  0.00002624  0.00000000  0.00000000  0.00000000
      0.0000000  0.00000000
  17250.0000000  0.00119365 -0.00033008  0.00009590  0.00000000  0.00000000  0.00000000
      0.0000000  0.00000000
   6226.0000000  0.00388393 -0.00107782  0.00031268  0.00000000  0.00000000  0.00000000
      0.0000000  0.00000000
   2429.0000000  0.01153360 -0.00321874  0.00093632  0.00000000  0.00000000  0.00000000
      0.0000000  0.00000000
   1007.0000000  0.03127480 -0.00887217  0.00257790  0.00000000  0.00000000  0.00000000
      0.0000000  0.00000000
    439.5000000  0.07643870 -0.02237710  0.00654121  0.00000000  0.00000000  0.00000000
      0.0000000  0.00000000
    199.8000000  0.16270000 -0.05105770  0.01496300  0.00000000  0.00000000  0.00000000
      0.0000000  0.00000000
     93.9200000  0.27932800 -0.10022500  0.02989400  0.00000000  0.00000000  0.00000000
      0.0000000  0.00000000
     45.3400000  0.33314500 -0.15679500  0.04769460  0.00000000  0.00000000  0.00000000
      0.0000000  0.00000000
     22.1500000  0.20983600 -0.13974800  0.04495560  0.00000000  0.00000000  0.00000000
      0.0000000  0.00000000
     10.3400000  0.04159740  0.08100590 -0.02930090  0.00000000  0.00000000  0.00000000
      0.0000000  0.00000000
      5.1190000 -0.00045055  0.43088300 -0.16891600  0.00000000  0.00000000  0.00000000
      0.0000000  0.00000000
      2.5530000  0.00168855  0.48168800 -0.31101400  0.00000000  0.00000000  0.00000000
      0.0000000  0.00000000
      1.2820000 -0.00051724  0.15686200 -0.13649100  1.00000000  0.00000000  0.00000000
      0.0000000  0.00000000
      0.5450000  0.00018877  0.00788814  0.42319500  0.00000000  1.00000000  0.00000000
      0.0000000  0.00000000
      0.2411000 -0.00009977  0.00039353  0.61388800  0.00000000  0.00000000  1.00000000
      0.0000000  0.00000000
      0.1035000  0.00002090  0.00022376  0.20047300  0.00000000  0.00000000  0.00000000
      1.0000000  0.00000000
      0.0420000  0.00000000  0.00000000  0.00000000  0.00000000  0.00000000  0.00000000
      0.0000000  1.00000000
$ P-TYPE FUNCTIONS
   13    7    0
   2200.0000000  0.00023905 -0.00006086  0.00000000  0.00000000  0.00000000  0.00000000
      0.0000000
    521.4000000  0.00207686 -0.00053042  0.00000000  0.00000000  0.00000000  0.00000000
      0.0000000
    169.0000000  0.01123630 -0.00287915  0.00000000  0.00000000  0.00000000  0.00000000
      0.0000000
     64.0500000  0.04406900 -0.01143970  0.00000000  0.00000000  0.00000000  0.00000000
      0.0000000
     26.7200000  0.12916800 -0.03427640  0.00000000  0.00000000  0.00000000  0.00000000
      0.0000000
     11.8300000  0.26908300 -0.07358110  0.00000000  0.00000000  0.00000000  0.00000000
      0.0000000
      5.3780000  0.37861100 -0.10778200  0.00000000  0.00000000  0.00000000  0.00000000
      0.0000000
      2.4820000  0.29677900 -0.08797690  0.00000000  0.00000000  0.00000000  0.00000000
      0.0000000
      1.1160000  0.07796760  0.10826100  1.00000000  0.00000000  0.00000000  0.00000000
      0.0000000
      0.4848000  0.00205193  0.40708200  0.00000000  1.00000000  0.00000000  0.00000000
      0.0000000
      0.2006000  0.00143602  0.46899400  0.00000000  0.00000000  1.00000000  0.00000000
      0.0000000
      0.0795100 -0.00005960  0.18487700  0.00000000  0.00000000  0.00000000  1.00000000
      0.0000000
      0.0294000  0.00000000  0.00000000  0.00000000  0.00000000  0.00000000  0.00000000
      1.0000000
$ D-TYPE FUNCTIONS
    5    5    0
      0.2050000  1.00000000  0.00000000  0.00000000  0.00000000  0.00000000
      0.5120000  0.00000000  1.00000000  0.00000000  0.00000000  0.00000000
      1.2810000  0.00000000  0.00000000  1.00000000  0.00000000  0.00000000
      3.2030000  0.00000000  0.00000000  0.00000000  1.00000000  0.00000000
      0.0794000  0.00000000  0.00000000  0.00000000  0.00000000  1.00000000
$ F-TYPE FUNCTIONS
    4    4    0
      0.2550000  1.00000000  0.00000000  0.00000000  0.00000000
      0.5290000  0.00000000  1.00000000  0.00000000  0.00000000
      1.0960000  0.00000000  0.00000000  1.00000000  0.00000000
      0.1188000  0.00000000  0.00000000  0.00000000  1.00000000
$ G-TYPE FUNCTIONS
    3    3    0
      0.4630000  1.00000000  0.00000000  0.00000000
      1.0710000  0.00000000  1.00000000  0.00000000
      0.2200000  0.00000000  0.00000000  1.00000000
$ H-TYPE FUNCTIONS
    2    2    0
      0.8720000  1.00000000  0.00000000
      0.4720000  0.00000000  1.00000000
a 17
$ CHLORINE     (20s,12p,4d,3f,2g,1h) -> [7s,6p,4d,3f,2g,1h]      
$ CHLORINE     (1s,1p,1d,1f,1g,1h)                               
$ S-TYPE FUNCTIONS
   21    8    0
6410000.0000000  0.00000181 -0.00000051  0.00000015  0.00000000  0.00000000  0.00000000
      0.0000000  0.00000000
 959600.0000000  0.00001411 -0.00000396  0.00000120  0.00000000  0.00000000  0.00000000
      0.0000000  0.00000000
 218300.0000000  0.00007424 -0.00002081  0.00000630  0.00000000  0.00000000  0.00000000
      0.0000000  0.00000000
  61810.0000000  0.00031413 -0.00008812  0.00002665  0.00000000  0.00000000  0.00000000
      0.0000000  0.00000000
  20140.0000000  0.00114642 -0.00032174  0.00009742  0.00000000  0.00000000  0.00000000
      0.0000000  0.00000000
   7264.0000000  0.00373888 -0.00105277  0.00031836  0.00000000  0.00000000  0.00000000
      0.0000000  0.00000000
   2832.0000000  0.01109460 -0.00314183  0.00095238  0.00000000  0.00000000  0.00000000
      0.0000000  0.00000000
   1175.0000000  0.03011520 -0.00866363  0.00262430  0.00000000  0.00000000  0.00000000
      0.0000000  0.00000000
    512.6000000  0.07391450 -0.02193530  0.00668160  0.00000000  0.00000000  0.00000000
      0.0000000  0.00000000
    233.0000000  0.15825800 -0.05025840  0.01535950  0.00000000  0.00000000  0.00000000
      0.0000000  0.00000000
    109.5000000  0.27475300 -0.09954140  0.03094320  0.00000000  0.00000000  0.00000000
      0.0000000  0.00000000
     52.8600000  0.33406600 -0.15764700  0.05006380  0.00000000  0.00000000  0.00000000
      0.0000000  0.00000000
     25.8400000  0.21758900 -0.14602400  0.04897820  0.00000000  0.00000000  0.00000000
      0.0000000  0.00000000
     12.1700000  0.04572780  0.06922300 -0.02608070  0.00000000  0.00000000  0.00000000
      0.0000000  0.00000000
      6.0300000 -0.00013474  0.43041200 -0.17842600  0.00000000  0.00000000  0.00000000
      0.0000000  0.00000000
      3.0120000  0.00163933  0.49080200 -0.33232400  0.00000000  0.00000000  0.00000000
      0.0000000  0.00000000
      1.5110000 -0.00052221  0.15839000 -0.13200800  1.00000000  0.00000000  0.00000000
      0.0000000  0.00000000
      0.6604000  0.00018065  0.00839885  0.44055600  0.00000000  1.00000000  0.00000000
      0.0000000  0.00000000
      0.2926000 -0.00009993  0.00076848  0.61189100  0.00000000  0.00000000  1.00000000
      0.0000000  0.00000000
      0.1254000  0.00001922  0.00022715  0.19317200  0.00000000  0.00000000  0.00000000
      1.0000000  0.00000000
      0.0479000  0.00000000  0.00000000  0.00000000  0.00000000  0.00000000  0.00000000
      0.0000000  1.00000000
$ P-TYPE FUNCTIONS
   13    7    0
   2548.0000000  0.00023570 -0.00006354  0.00000000  0.00000000  0.00000000  0.00000000
      0.0000000
    603.7000000  0.00205158 -0.00055326  0.00000000  0.00000000  0.00000000  0.00000000
      0.0000000
    195.6000000  0.01115430 -0.00302795  0.00000000  0.00000000  0.00000000  0.00000000
      0.0000000
     74.1500000  0.04398160 -0.01206500  0.00000000  0.00000000  0.00000000  0.00000000
      0.0000000
     30.9400000  0.12999400 -0.03663480  0.00000000  0.00000000  0.00000000  0.00000000
      0.0000000
     13.6900000  0.27295900 -0.07907640  0.00000000  0.00000000  0.00000000  0.00000000
      0.0000000
      6.2290000  0.38369000 -0.11742200  0.00000000  0.00000000  0.00000000  0.00000000
      0.0000000
      2.8780000  0.29187000 -0.08609430  0.00000000  0.00000000  0.00000000  0.00000000
      0.0000000
      1.2820000  0.07044640  0.14030800  1.00000000  0.00000000  0.00000000  0.00000000
      0.0000000
      0.5641000  0.00128761  0.42233600  0.00000000  1.00000000  0.00000000  0.00000000
      0.0000000
      0.2348000  0.00182623  0.44636300  0.00000000  0.00000000  1.00000000  0.00000000
      0.0000000
      0.0931200  0.00001990  0.16663400  0.00000000  0.00000000  0.00000000  1.00000000
      0.0000000
      0.0348000  0.00000000  0.00000000  0.00000000  0.00000000  0.00000000  0.00000000
      1.0000000
$ D-TYPE FUNCTIONS
    5    5    0
      0.2500000  1.00000000  0.00000000  0.00000000  0.00000000  0.00000000
      0.6180000  0.00000000  1.00000000  0.00000000  0.00000000  0.00000000
      1.5290000  0.00000000  0.00000000  1.00000000  0.00000000  0.00000000
      3.7810000  0.00000000  0.00000000  0.00000000  1.00000000  0.00000000
      0.1003000  0.00000000  0.00000000  0.00000000  0.00000000  1.00000000
$ F-TYPE FUNCTIONS
    4    4    0
      0.3200000  1.00000000  0.00000000  0.00000000  0.00000000
      0.6560000  0.00000000  1.00000000  0.00000000  0.00000000
      1.3450000  0.00000000  0.00000000  1.00000000  0.00000000
      0.1640000  0.00000000  0.00000000  0.00000000  1.00000000
$ G-TYPE FUNCTIONS
    3    3    0
      0.5560000  1.00000000  0.00000000  0.00000000
      1.3020000  0.00000000  1.00000000  0.00000000
      0.2770000  0.00000000  0.00000000  1.00000000
$ H-TYPE FUNCTIONS
    2    2    0
      1.0530000  1.00000000  0.00000000
      0.6070000  0.00000000  1.00000000
a 18
$ ARGON        (20s,12p,4d,3f,2g,1h) -> [7s,6p,4d,3f,2g,1h]      
$ ARGON        (1s,1p,1d,1f,1g,1h)                               
$ S-TYPE FUNCTIONS
   21    8    0
7401000.0000000  0.00000175 -0.00000052  0.00000000  0.00000000  0.00000000  0.00000000
      0.0000000  0.00000000
1108000.0000000  0.00001361 -0.00000405  0.00000002  0.00000000  0.00000000  0.00000000
      0.0000000  0.00000000
 252100.0000000  0.00007163 -0.00002130  0.00000010  0.00000000  0.00000000  0.00000000
      0.0000000  0.00000000
  71380.0000000  0.00030304 -0.00009017  0.00000038  0.00000000  0.00000000  0.00000000
      0.0000000  0.00000000
  23260.0000000  0.00110610 -0.00032937  0.00000151  0.00000000  0.00000000  0.00000000
      0.0000000  0.00000000
   8390.0000000  0.00360679 -0.00107715  0.00000459  0.00000000  0.00000000  0.00000000
      0.0000000  0.00000000
   3271.0000000  0.01071340 -0.00321892  0.00001550  0.00000000  0.00000000  0.00000000
      0.0000000  0.00000000
   1357.0000000  0.02910740 -0.00887845  0.00004067  0.00000000  0.00000000  0.00000000
      0.0000000  0.00000000
    592.0000000  0.07166170 -0.02255450  0.00013134  0.00000000  0.00000000  0.00000000
      0.0000000  0.00000000
    269.1000000  0.15414400 -0.05184530  0.00033269  0.00000000  0.00000000  0.00000000
      0.0000000  0.00000000
    126.5000000  0.27042300 -0.10372200  0.00106670  0.00000000  0.00000000  0.00000000
      0.0000000  0.00000000
     61.0300000  0.33486200 -0.16659500  0.00257210  0.00000000  0.00000000  0.00000000
      0.0000000  0.00000000
     29.8600000  0.22434700 -0.16016500  0.00483584  0.00000000  0.00000000  0.00000000
      0.0000000  0.00000000
     14.1700000  0.05000810  0.06236540 -0.00385728  0.00000000  0.00000000  0.00000000
      0.0000000  0.00000000
      7.0220000  0.00014973  0.46553400 -0.04761250  0.00000000  0.00000000  0.00000000
      0.0000000  0.00000000
      3.5110000  0.00210369  0.58156400 -0.18295700  0.00000000  0.00000000  0.00000000
      0.0000000  0.00000000
      1.7580000 -0.00041073  0.19136900 -0.07328200  1.00000000  0.00000000  0.00000000
      0.0000000  0.00000000
      0.7841000 -0.00088862 -0.12856600  0.43482200  0.00000000  1.00000000  0.00000000
      0.0000000  0.00000000
      0.3480000 -0.00156236 -0.18321600  0.58171100  0.00000000  0.00000000  1.00000000
      0.0000000  0.00000000
      0.1491000 -0.00042684 -0.05662660  0.17937300  0.00000000  0.00000000  0.00000000
      1.0000000  0.00000000
      0.0538000  0.00000000  0.00000000  0.00000000  0.00000000  0.00000000  0.00000000
      0.0000000  1.00000000
$ P-TYPE FUNCTIONS
   13    7    0
   2927.0000000  0.00018834 -0.00015021  0.00000000  0.00000000  0.00000000  0.00000000
      0.0000000
    693.5000000  0.00164288 -0.00130928  0.00000000  0.00000000  0.00000000  0.00000000
      0.0000000
    224.7000000  0.00894893 -0.00716501  0.00000000  0.00000000  0.00000000  0.00000000
      0.0000000
     85.1700000  0.03551110 -0.02857230  0.00000000  0.00000000  0.00000000  0.00000000
      0.0000000
     35.5300000  0.10514700 -0.08601580  0.00000000  0.00000000  0.00000000  0.00000000
      0.0000000
     15.7300000  0.22155200 -0.18399600  0.00000000  0.00000000  0.00000000  0.00000000
      0.0000000
      7.1650000  0.30841200 -0.26584400  0.00000000  0.00000000  0.00000000  0.00000000
      0.0000000
      3.3220000  0.23220300 -0.18874100  0.00000000  0.00000000  0.00000000  0.00000000
      0.0000000
      1.4780000  0.12447800  0.12537800  1.00000000  0.00000000  0.00000000  0.00000000
      0.0000000
      0.6552000  0.16831000  0.39724600  0.00000000  1.00000000  0.00000000  0.00000000
      0.0000000
      0.2751000  0.16829200  0.39465800  0.00000000  0.00000000  1.00000000  0.00000000
      0.0000000
      0.1097000  0.05979810  0.14191700  0.00000000  0.00000000  0.00000000  1.00000000
      0.0000000
      0.0402000  0.00000000  0.00000000  0.00000000  0.00000000  0.00000000  0.00000000
      1.0000000
$ D-TYPE FUNCTIONS
    5    5    0
      0.3090000  1.00000000  0.00000000  0.00000000  0.00000000  0.00000000
      0.7700000  0.00000000  1.00000000  0.00000000  0.00000000  0.00000000
      1.9170000  0.00000000  0.00000000  1.00000000  0.00000000  0.00000000
      4.7760000  0.00000000  0.00000000  0.00000000  1.00000000  0.00000000
      0.1210000  0.00000000  0.00000000  0.00000000  0.00000000  1.00000000
$ F-TYPE FUNCTIONS
    4    4    0
      0.4080000  1.00000000  0.00000000  0.00000000  0.00000000
      0.8250000  0.00000000  1.00000000  0.00000000  0.00000000
      1.6680000  0.00000000  0.00000000  1.00000000  0.00000000
      0.2090000  0.00000000  0.00000000  0.00000000  1.00000000
$ G-TYPE FUNCTIONS
    3    3    0
      0.6650000  1.00000000  0.00000000  0.00000000
      1.5620000  0.00000000  1.00000000  0.00000000
      0.3340000  0.00000000  0.00000000  1.00000000
$ H-TYPE FUNCTIONS
    2    2    0
      1.2640000  1.00000000  0.00000000
      0.7420000  0.00000000  1.00000000


$Elements supported

$H He B C N O F Ne Al Si P S Cl Ar 
