$aug-cc-pVQZ

$  REFERENCE
$
$  POLARIZATION AND/OR DIFFUSE FUNCTIONS
a 1
$ HYDROGEN     (6s,3p,2d,1f) -> [4s,3p,2d,1f]                    
$ HYDROGEN     Diffuse (1s,1p,1d,1f)                             
$ S-TYPE FUNCTIONS
    7    5    0
     82.6400000  0.00200600  0.00000000  0.00000000  0.00000000  0.00000000
     12.4100000  0.01534300  0.00000000  0.00000000  0.00000000  0.00000000
      2.8240000  0.07557900  0.00000000  0.00000000  0.00000000  0.00000000
      0.7977000  0.25687500  1.00000000  0.00000000  0.00000000  0.00000000
      0.2581000  0.49736800  0.00000000  1.00000000  0.00000000  0.00000000
      0.0898900  0.29613300  0.00000000  0.00000000  1.00000000  0.00000000
      0.0236300  0.00000000  0.00000000  0.00000000  0.00000000  1.00000000
$ P-TYPE FUNCTIONS
    4    4    0
      2.2920000  1.00000000  0.00000000  0.00000000  0.00000000
      0.8380000  0.00000000  1.00000000  0.00000000  0.00000000
      0.2920000  0.00000000  0.00000000  1.00000000  0.00000000
      0.0848000  0.00000000  0.00000000  0.00000000  1.00000000
$ D-TYPE FUNCTIONS
    3    3    0
      2.0620000  1.00000000  0.00000000  0.00000000
      0.6620000  0.00000000  1.00000000  0.00000000
      0.1900000  0.00000000  0.00000000  1.00000000
$ F-TYPE FUNCTIONS
    2    2    0
      1.3970000  1.00000000  0.00000000
      0.3600000  0.00000000  1.00000000
a 2
$ HELIUM       (7s,3p,2d,1f) -> [4s,3p,2d,1f]                    
$ HELIUM       Diffuse (1s,1p,1d,1f)                             
$ S-TYPE FUNCTIONS
    8    5    0
    528.5000000  0.00094000  0.00000000  0.00000000  0.00000000  0.00000000
     79.3100000  0.00721400  0.00000000  0.00000000  0.00000000  0.00000000
     18.0500000  0.03597500  0.00000000  0.00000000  0.00000000  0.00000000
      5.0850000  0.12778200  0.00000000  0.00000000  0.00000000  0.00000000
      1.6090000  0.30847000  1.00000000  0.00000000  0.00000000  0.00000000
      0.5363000  0.45305200  0.00000000  1.00000000  0.00000000  0.00000000
      0.1833000  0.23888400  0.00000000  0.00000000  1.00000000  0.00000000
      0.0481900  0.00000000  0.00000000  0.00000000  0.00000000  1.00000000
$ P-TYPE FUNCTIONS
    4    4    0
      5.9940000  1.00000000  0.00000000  0.00000000  0.00000000
      1.7450000  0.00000000  1.00000000  0.00000000  0.00000000
      0.5600000  0.00000000  0.00000000  1.00000000  0.00000000
      0.1626000  0.00000000  0.00000000  0.00000000  1.00000000
$ D-TYPE FUNCTIONS
    3    3    0
      4.2990000  1.00000000  0.00000000  0.00000000
      1.2230000  0.00000000  1.00000000  0.00000000
      0.3510000  0.00000000  0.00000000  1.00000000
$ F-TYPE FUNCTIONS
    2    2    0
      2.6800000  1.00000000  0.00000000
      0.6906000  0.00000000  1.00000000
a 5
$ BORON        (12s,6p,3d,2f,1g) -> [5s,4p,3d,2f,1g]             
$ BORON        Diffuse (1s,1p,1d,1f,1g)                          
$ S-TYPE FUNCTIONS
   13    6    0
  23870.0000000  0.00008800 -0.00001800  0.00000000  0.00000000  0.00000000  0.00000000
   3575.0000000  0.00068700 -0.00013900  0.00000000  0.00000000  0.00000000  0.00000000
    812.8000000  0.00360000 -0.00072500  0.00000000  0.00000000  0.00000000  0.00000000
    229.7000000  0.01494900 -0.00306300  0.00000000  0.00000000  0.00000000  0.00000000
     74.6900000  0.05143500 -0.01058100  0.00000000  0.00000000  0.00000000  0.00000000
     26.8100000  0.14330200 -0.03136500  0.00000000  0.00000000  0.00000000  0.00000000
     10.3200000  0.30093500 -0.07101200  0.00000000  0.00000000  0.00000000  0.00000000
      4.1780000  0.40352600 -0.13210300  0.00000000  0.00000000  0.00000000  0.00000000
      1.7270000  0.22534000 -0.12307200  0.00000000  0.00000000  0.00000000  0.00000000
      0.4704000  0.01540700  0.26181900  1.00000000  0.00000000  0.00000000  0.00000000
      0.1896000 -0.00395500  0.58666200  0.00000000  1.00000000  0.00000000  0.00000000
      0.0739400  0.00112400  0.29049400  0.00000000  0.00000000  1.00000000  0.00000000
      0.0272100  0.00000000  0.00000000  0.00000000  0.00000000  0.00000000  1.00000000
$ P-TYPE FUNCTIONS
    7    5    0
     22.2600000  0.00509500  0.00000000  0.00000000  0.00000000  0.00000000
      5.0580000  0.03320600  0.00000000  0.00000000  0.00000000  0.00000000
      1.4870000  0.13231400  0.00000000  0.00000000  0.00000000  0.00000000
      0.5071000  0.33181800  1.00000000  0.00000000  0.00000000  0.00000000
      0.1812000  0.47206300  0.00000000  1.00000000  0.00000000  0.00000000
      0.0646300  0.25797900  0.00000000  0.00000000  1.00000000  0.00000000
      0.0187800  0.00000000  0.00000000  0.00000000  0.00000000  1.00000000
$ D-TYPE FUNCTIONS
    4    4    0
      1.1100000  1.00000000  0.00000000  0.00000000  0.00000000
      0.4020000  0.00000000  1.00000000  0.00000000  0.00000000
      0.1450000  0.00000000  0.00000000  1.00000000  0.00000000
      0.0466000  0.00000000  0.00000000  0.00000000  1.00000000
$ F-TYPE FUNCTIONS
    3    3    0
      0.8820000  1.00000000  0.00000000  0.00000000
      0.3110000  0.00000000  1.00000000  0.00000000
      0.1130000  0.00000000  0.00000000  1.00000000
$ G-TYPE FUNCTIONS
    2    2    0
      0.6730000  1.00000000  0.00000000
      0.2730000  0.00000000  1.00000000
a 6
$ CARBON       (12s,6p,3d,2f,1g) -> [5s,4p,3d,2f,1g]             
$ CARBON       Diffuse (1s,1p,1d,1f,1g)                          
$ S-TYPE FUNCTIONS
   13    6    0
  33980.0000000  0.00009100 -0.00001900  0.00000000  0.00000000  0.00000000  0.00000000
   5089.0000000  0.00070400 -0.00015100  0.00000000  0.00000000  0.00000000  0.00000000
   1157.0000000  0.00369300 -0.00078500  0.00000000  0.00000000  0.00000000  0.00000000
    326.6000000  0.01536000 -0.00332400  0.00000000  0.00000000  0.00000000  0.00000000
    106.1000000  0.05292900 -0.01151200  0.00000000  0.00000000  0.00000000  0.00000000
     38.1100000  0.14704300 -0.03416000  0.00000000  0.00000000  0.00000000  0.00000000
     14.7500000  0.30563100 -0.07717300  0.00000000  0.00000000  0.00000000  0.00000000
      6.0350000  0.39934500 -0.14149300  0.00000000  0.00000000  0.00000000  0.00000000
      2.5300000  0.21705100 -0.11801900  0.00000000  0.00000000  0.00000000  0.00000000
      0.7355000  0.01589400  0.27380600  1.00000000  0.00000000  0.00000000  0.00000000
      0.2905000 -0.00308400  0.58651000  0.00000000  1.00000000  0.00000000  0.00000000
      0.1111000  0.00097800  0.28543000  0.00000000  0.00000000  1.00000000  0.00000000
      0.0414500  0.00000000  0.00000000  0.00000000  0.00000000  0.00000000  1.00000000
$ P-TYPE FUNCTIONS
    7    5    0
     34.5100000  0.00537800  0.00000000  0.00000000  0.00000000  0.00000000
      7.9150000  0.03613200  0.00000000  0.00000000  0.00000000  0.00000000
      2.3680000  0.14249300  0.00000000  0.00000000  0.00000000  0.00000000
      0.8132000  0.34215000  1.00000000  0.00000000  0.00000000  0.00000000
      0.2890000  0.46386400  0.00000000  1.00000000  0.00000000  0.00000000
      0.1007000  0.25002800  0.00000000  0.00000000  1.00000000  0.00000000
      0.0321800  0.00000000  0.00000000  0.00000000  0.00000000  1.00000000
$ D-TYPE FUNCTIONS
    4    4    0
      1.8480000  1.00000000  0.00000000  0.00000000  0.00000000
      0.6490000  0.00000000  1.00000000  0.00000000  0.00000000
      0.2280000  0.00000000  0.00000000  1.00000000  0.00000000
      0.0766000  0.00000000  0.00000000  0.00000000  1.00000000
$ F-TYPE FUNCTIONS
    3    3    0
      1.4190000  1.00000000  0.00000000  0.00000000
      0.4850000  0.00000000  1.00000000  0.00000000
      0.1870000  0.00000000  0.00000000  1.00000000
$ G-TYPE FUNCTIONS
    2    2    0
      1.0110000  1.00000000  0.00000000
      0.4240000  0.00000000  1.00000000
a 7
$ NITROGEN     (12s,6p,3d,2f,1g) -> [5s,4p,3d,2f,1g]             
$ NITROGEN     Diffuse (1s,1p,1d,1f,1g)                          
$ S-TYPE FUNCTIONS
   13    6    0
  45840.0000000  0.00009200 -0.00002000  0.00000000  0.00000000  0.00000000  0.00000000
   6868.0000000  0.00071700 -0.00015900  0.00000000  0.00000000  0.00000000  0.00000000
   1563.0000000  0.00374900 -0.00082400  0.00000000  0.00000000  0.00000000  0.00000000
    442.4000000  0.01553200 -0.00347800  0.00000000  0.00000000  0.00000000  0.00000000
    144.3000000  0.05314600 -0.01196600  0.00000000  0.00000000  0.00000000  0.00000000
     52.1800000  0.14678700 -0.03538800  0.00000000  0.00000000  0.00000000  0.00000000
     20.3400000  0.30466300 -0.08007700  0.00000000  0.00000000  0.00000000  0.00000000
      8.3810000  0.39768400 -0.14672200  0.00000000  0.00000000  0.00000000  0.00000000
      3.5290000  0.21764100 -0.11636000  0.00000000  0.00000000  0.00000000  0.00000000
      1.0540000  0.01696300  0.27991900  1.00000000  0.00000000  0.00000000  0.00000000
      0.4118000 -0.00274500  0.58548100  0.00000000  1.00000000  0.00000000  0.00000000
      0.1552000  0.00095300  0.28402800  0.00000000  0.00000000  1.00000000  0.00000000
      0.0546400  0.00000000  0.00000000  0.00000000  0.00000000  0.00000000  1.00000000
$ P-TYPE FUNCTIONS
    7    5    0
     49.3300000  0.00553300  0.00000000  0.00000000  0.00000000  0.00000000
     11.3700000  0.03796200  0.00000000  0.00000000  0.00000000  0.00000000
      3.4350000  0.14902800  0.00000000  0.00000000  0.00000000  0.00000000
      1.1820000  0.34892200  1.00000000  0.00000000  0.00000000  0.00000000
      0.4173000  0.45897200  0.00000000  1.00000000  0.00000000  0.00000000
      0.1428000  0.24492300  0.00000000  0.00000000  1.00000000  0.00000000
      0.0440200  0.00000000  0.00000000  0.00000000  0.00000000  1.00000000
$ D-TYPE FUNCTIONS
    4    4    0
      2.8370000  1.00000000  0.00000000  0.00000000  0.00000000
      0.9680000  0.00000000  1.00000000  0.00000000  0.00000000
      0.3350000  0.00000000  0.00000000  1.00000000  0.00000000
      0.1110000  0.00000000  0.00000000  0.00000000  1.00000000
$ F-TYPE FUNCTIONS
    3    3    0
      2.0270000  1.00000000  0.00000000  0.00000000
      0.6850000  0.00000000  1.00000000  0.00000000
      0.2450000  0.00000000  0.00000000  1.00000000
$ G-TYPE FUNCTIONS
    2    2    0
      1.4270000  1.00000000  0.00000000
      0.5590000  0.00000000  1.00000000
a 8
$ OXYGEN       (12s,6p,3d,2f,1g) -> [5s,4p,3d,2f,1g]             
$ OXYGEN       Diffuse (1s,1p,1d,1f,1g)                          
$ S-TYPE FUNCTIONS
   13    6    0
  61420.0000000  0.00009000 -0.00002000  0.00000000  0.00000000  0.00000000  0.00000000
   9199.0000000  0.00069800 -0.00015900  0.00000000  0.00000000  0.00000000  0.00000000
   2091.0000000  0.00366400 -0.00082900  0.00000000  0.00000000  0.00000000  0.00000000
    590.9000000  0.01521800 -0.00350800  0.00000000  0.00000000  0.00000000  0.00000000
    192.3000000  0.05242300 -0.01215600  0.00000000  0.00000000  0.00000000  0.00000000
     69.3200000  0.14592100 -0.03626100  0.00000000  0.00000000  0.00000000  0.00000000
     26.9700000  0.30525800 -0.08299200  0.00000000  0.00000000  0.00000000  0.00000000
     11.1000000  0.39850800 -0.15209000  0.00000000  0.00000000  0.00000000  0.00000000
      4.6820000  0.21698000 -0.11533100  0.00000000  0.00000000  0.00000000  0.00000000
      1.4280000  0.01759400  0.28897900  1.00000000  0.00000000  0.00000000  0.00000000
      0.5547000 -0.00250200  0.58612800  0.00000000  1.00000000  0.00000000  0.00000000
      0.2067000  0.00095400  0.27762400  0.00000000  0.00000000  1.00000000  0.00000000
      0.0695900  0.00000000  0.00000000  0.00000000  0.00000000  0.00000000  1.00000000
$ P-TYPE FUNCTIONS
    7    5    0
     63.4200000  0.00604400  0.00000000  0.00000000  0.00000000  0.00000000
     14.6600000  0.04179900  0.00000000  0.00000000  0.00000000  0.00000000
      4.4590000  0.16114300  0.00000000  0.00000000  0.00000000  0.00000000
      1.5310000  0.35673100  1.00000000  0.00000000  0.00000000  0.00000000
      0.5302000  0.44830900  0.00000000  1.00000000  0.00000000  0.00000000
      0.1750000  0.24494000  0.00000000  0.00000000  1.00000000  0.00000000
      0.0534800  0.00000000  0.00000000  0.00000000  0.00000000  1.00000000
$ D-TYPE FUNCTIONS
    4    4    0
      3.7750000  1.00000000  0.00000000  0.00000000  0.00000000
      1.3000000  0.00000000  1.00000000  0.00000000  0.00000000
      0.4440000  0.00000000  0.00000000  1.00000000  0.00000000
      0.1540000  0.00000000  0.00000000  0.00000000  1.00000000
$ F-TYPE FUNCTIONS
    3    3    0
      2.6660000  1.00000000  0.00000000  0.00000000
      0.8590000  0.00000000  1.00000000  0.00000000
      0.3240000  0.00000000  0.00000000  1.00000000
$ G-TYPE FUNCTIONS
    2    2    0
      1.8460000  1.00000000  0.00000000
      0.7140000  0.00000000  1.00000000
a 9
$ FLUORINE     (12s,6p,3d,2f,1g) -> [5s,4p,3d,2f,1g]             
$ FLUORINE     Diffuse (1s,1p,1d,1f,1g)                          
$ S-TYPE FUNCTIONS
   13    6    0
  74530.0000000  0.00009500 -0.00002200  0.00000000  0.00000000  0.00000000  0.00000000
  11170.0000000  0.00073800 -0.00017200  0.00000000  0.00000000  0.00000000  0.00000000
   2543.0000000  0.00385800 -0.00089100  0.00000000  0.00000000  0.00000000  0.00000000
    721.0000000  0.01592600 -0.00374800  0.00000000  0.00000000  0.00000000  0.00000000
    235.9000000  0.05428900 -0.01286200  0.00000000  0.00000000  0.00000000  0.00000000
     85.6000000  0.14951300 -0.03806100  0.00000000  0.00000000  0.00000000  0.00000000
     33.5500000  0.30825200 -0.08623900  0.00000000  0.00000000  0.00000000  0.00000000
     13.9300000  0.39485300 -0.15586500  0.00000000  0.00000000  0.00000000  0.00000000
      5.9150000  0.21103100 -0.11091400  0.00000000  0.00000000  0.00000000  0.00000000
      1.8430000  0.01715100  0.29876100  1.00000000  0.00000000  0.00000000  0.00000000
      0.7124000 -0.00201500  0.58501300  0.00000000  1.00000000  0.00000000  0.00000000
      0.2637000  0.00086900  0.27115900  0.00000000  0.00000000  1.00000000  0.00000000
      0.0859400  0.00000000  0.00000000  0.00000000  0.00000000  0.00000000  1.00000000
$ P-TYPE FUNCTIONS
    7    5    0
     80.3900000  0.00634700  0.00000000  0.00000000  0.00000000  0.00000000
     18.6300000  0.04420400  0.00000000  0.00000000  0.00000000  0.00000000
      5.6940000  0.16851400  0.00000000  0.00000000  0.00000000  0.00000000
      1.9530000  0.36156300  1.00000000  0.00000000  0.00000000  0.00000000
      0.6702000  0.44217800  0.00000000  1.00000000  0.00000000  0.00000000
      0.2166000  0.24343500  0.00000000  0.00000000  1.00000000  0.00000000
      0.0656800  0.00000000  0.00000000  0.00000000  0.00000000  1.00000000
$ D-TYPE FUNCTIONS
    4    4    0
      5.0140000  1.00000000  0.00000000  0.00000000  0.00000000
      1.7250000  0.00000000  1.00000000  0.00000000  0.00000000
      0.5860000  0.00000000  0.00000000  1.00000000  0.00000000
      0.2070000  0.00000000  0.00000000  0.00000000  1.00000000
$ F-TYPE FUNCTIONS
    3    3    0
      3.5620000  1.00000000  0.00000000  0.00000000
      1.1480000  0.00000000  1.00000000  0.00000000
      0.4600000  0.00000000  0.00000000  1.00000000
$ G-TYPE FUNCTIONS
    2    2    0
      2.3760000  1.00000000  0.00000000
      0.9240000  0.00000000  1.00000000
a 10
$ NEON         (12s,6p,3d,2f,1g) -> [5s,4p,3d,2f,1g]             
$ NEON         Diffuse (1s,1p,1d,1f,1g)                          
$ S-TYPE FUNCTIONS
   13    6    0
  99920.0000000  0.00008600 -0.00002000  0.00000000  0.00000000  0.00000000  0.00000000
  14960.0000000  0.00066900 -0.00015800  0.00000000  0.00000000  0.00000000  0.00000000
   3399.0000000  0.00351800 -0.00082400  0.00000000  0.00000000  0.00000000  0.00000000
    958.9000000  0.01466700 -0.00350000  0.00000000  0.00000000  0.00000000  0.00000000
    311.2000000  0.05096200 -0.01223300  0.00000000  0.00000000  0.00000000  0.00000000
    111.7000000  0.14374400 -0.03701700  0.00000000  0.00000000  0.00000000  0.00000000
     43.3200000  0.30456200 -0.08611300  0.00000000  0.00000000  0.00000000  0.00000000
     17.8000000  0.40010500 -0.15838100  0.00000000  0.00000000  0.00000000  0.00000000
      7.5030000  0.21864400 -0.11428800  0.00000000  0.00000000  0.00000000  0.00000000
      2.3370000  0.01866400  0.29819100  1.00000000  0.00000000  0.00000000  0.00000000
      0.9001000 -0.00216700  0.58578400  0.00000000  1.00000000  0.00000000  0.00000000
      0.3301000  0.00095100  0.27246700  0.00000000  0.00000000  1.00000000  0.00000000
      0.1054000  0.00000000  0.00000000  0.00000000  0.00000000  0.00000000  1.00000000
$ P-TYPE FUNCTIONS
    7    5    0
     99.6800000  0.00656600  0.00000000  0.00000000  0.00000000  0.00000000
     23.1500000  0.04597900  0.00000000  0.00000000  0.00000000  0.00000000
      7.1080000  0.17341900  0.00000000  0.00000000  0.00000000  0.00000000
      2.4410000  0.36457100  1.00000000  0.00000000  0.00000000  0.00000000
      0.8339000  0.43818500  0.00000000  1.00000000  0.00000000  0.00000000
      0.2662000  0.24168000  0.00000000  0.00000000  1.00000000  0.00000000
      0.0817800  0.00000000  0.00000000  0.00000000  0.00000000  1.00000000
$ D-TYPE FUNCTIONS
    4    4    0
      6.4710000  1.00000000  0.00000000  0.00000000  0.00000000
      2.2130000  0.00000000  1.00000000  0.00000000  0.00000000
      0.7470000  0.00000000  0.00000000  1.00000000  0.00000000
      0.2730000  0.00000000  0.00000000  0.00000000  1.00000000
$ F-TYPE FUNCTIONS
    3    3    0
      4.6570000  1.00000000  0.00000000  0.00000000
      1.5240000  0.00000000  1.00000000  0.00000000
      0.6890000  0.00000000  0.00000000  1.00000000
$ G-TYPE FUNCTIONS
    2    2    0
      2.9830000  1.00000000  0.00000000
      1.2240000  0.00000000  1.00000000
a 13
$ ALUMINUM     (16s,11p,3d,2f,1g) -> [6s,5p,3d,2f,1g]            
$ ALUMINUM     Diffuse (1s,1p,1d,1f,1g)                          
$ S-TYPE FUNCTIONS
   17    7    0
 419600.0000000  0.00002782 -0.00000724  0.00000167  0.00000000  0.00000000  0.00000000
      0.0000000
  62830.0000000  0.00021633 -0.00005617  0.00001296  0.00000000  0.00000000  0.00000000
      0.0000000
  14290.0000000  0.00113754 -0.00029653  0.00006851  0.00000000  0.00000000  0.00000000
      0.0000000
   4038.0000000  0.00479635 -0.00124913  0.00028827  0.00000000  0.00000000  0.00000000
      0.0000000
   1312.0000000  0.01723890 -0.00455101  0.00105276  0.00000000  0.00000000  0.00000000
      0.0000000
    470.5000000  0.05380660 -0.01443930  0.00333878  0.00000000  0.00000000  0.00000000
      0.0000000
    181.8000000  0.14132600 -0.04034640  0.00939217  0.00000000  0.00000000  0.00000000
      0.0000000
     74.4600000  0.28926800 -0.09226180  0.02160470  0.00000000  0.00000000  0.00000000
      0.0000000
     31.9000000  0.38482500 -0.16451000  0.03958730  0.00000000  0.00000000  0.00000000
      0.0000000
     13.9600000  0.23285200 -0.14129600  0.03491800  0.00000000  0.00000000  0.00000000
      0.0000000
      5.1800000  0.02933300  0.19536500 -0.05284150  0.00000000  0.00000000  0.00000000
      0.0000000
      2.2650000 -0.00300574  0.57247500 -0.19187800  0.00000000  0.00000000  0.00000000
      0.0000000
      0.9664000  0.00166673  0.37404100 -0.25411500  0.00000000  0.00000000  0.00000000
      0.0000000
      0.2447000 -0.00060602  0.02341190  0.27507000  1.00000000  0.00000000  0.00000000
      0.0000000
      0.1184000  0.00043136 -0.00905197  0.60474300  0.00000000  1.00000000  0.00000000
      0.0000000
      0.0502100 -0.00012292  0.00211174  0.28762900  0.00000000  0.00000000  1.00000000
      0.0000000
      0.0183000  0.00000000  0.00000000  0.00000000  0.00000000  0.00000000  0.00000000
      1.0000000
$ P-TYPE FUNCTIONS
   12    6    0
    891.3000000  0.00049176 -0.00008887  0.00000000  0.00000000  0.00000000  0.00000000
    211.3000000  0.00415843 -0.00074582  0.00000000  0.00000000  0.00000000  0.00000000
     68.2800000  0.02125380 -0.00387025  0.00000000  0.00000000  0.00000000  0.00000000
     25.7000000  0.07640580 -0.01393500  0.00000000  0.00000000  0.00000000  0.00000000
     10.6300000  0.19427700 -0.03668600  0.00000000  0.00000000  0.00000000  0.00000000
      4.6020000  0.33442800 -0.06277970  0.00000000  0.00000000  0.00000000  0.00000000
      2.0150000  0.37502600 -0.07896020  0.00000000  0.00000000  0.00000000  0.00000000
      0.8706000  0.20404100 -0.02885890  0.00000000  0.00000000  0.00000000  0.00000000
      0.2972000  0.02137380  0.23825600  1.00000000  0.00000000  0.00000000  0.00000000
      0.1100000 -0.00202144  0.55136300  0.00000000  1.00000000  0.00000000  0.00000000
      0.0398900  0.00081725  0.35438500  0.00000000  0.00000000  1.00000000  0.00000000
      0.0121000  0.00000000  0.00000000  0.00000000  0.00000000  0.00000000  1.00000000
$ D-TYPE FUNCTIONS
    4    4    0
      0.0804000  1.00000000  0.00000000  0.00000000  0.00000000
      0.1990000  0.00000000  1.00000000  0.00000000  0.00000000
      0.4940000  0.00000000  0.00000000  1.00000000  0.00000000
      0.0282000  0.00000000  0.00000000  0.00000000  1.00000000
$ F-TYPE FUNCTIONS
    3    3    0
      0.1540000  1.00000000  0.00000000  0.00000000
      0.4010000  0.00000000  1.00000000  0.00000000
      0.0582000  0.00000000  0.00000000  1.00000000
$ G-TYPE FUNCTIONS
    2    2    0
      0.3570000  1.00000000  0.00000000
      0.1530000  0.00000000  1.00000000
a 14
$ SILICON      (16s,11p,3d,2f,1g) -> [6s,5p,3d,2f,1g]            
$ SILICON      Diffuse (1s,1p,1d,1f,1g)                          
$ S-TYPE FUNCTIONS
   17    7    0
 513000.0000000  0.00002609 -0.00000695  0.00000178  0.00000000  0.00000000  0.00000000
      0.0000000
  76820.0000000  0.00020291 -0.00005396  0.00001381  0.00000000  0.00000000  0.00000000
      0.0000000
  17470.0000000  0.00106715 -0.00028472  0.00007300  0.00000000  0.00000000  0.00000000
      0.0000000
   4935.0000000  0.00450597 -0.00120203  0.00030767  0.00000000  0.00000000  0.00000000
      0.0000000
   1602.0000000  0.01623590 -0.00438397  0.00112563  0.00000000  0.00000000  0.00000000
      0.0000000
    574.1000000  0.05089130 -0.01397760  0.00358435  0.00000000  0.00000000  0.00000000
      0.0000000
    221.5000000  0.13515500 -0.03935160  0.01017280  0.00000000  0.00000000  0.00000000
      0.0000000
     90.5400000  0.28129200 -0.09142830  0.02375200  0.00000000  0.00000000  0.00000000
      0.0000000
     38.7400000  0.38533600 -0.16560900  0.04434830  0.00000000  0.00000000  0.00000000
      0.0000000
     16.9500000  0.24565100 -0.15250500  0.04190410  0.00000000  0.00000000  0.00000000
      0.0000000
      6.4520000  0.03431450  0.16852400 -0.05025040  0.00000000  0.00000000  0.00000000
      0.0000000
      2.8740000 -0.00334884  0.56928400 -0.21657800  0.00000000  0.00000000  0.00000000
      0.0000000
      1.2500000  0.00187625  0.39805600 -0.28644800  0.00000000  0.00000000  0.00000000
      0.0000000
      0.3599000 -0.00069333  0.02915090  0.26325600  1.00000000  0.00000000  0.00000000
      0.0000000
      0.1699000  0.00043831 -0.00848976  0.63490000  0.00000000  1.00000000  0.00000000
      0.0000000
      0.0706600 -0.00012262  0.00199603  0.29083200  0.00000000  0.00000000  1.00000000
      0.0000000
      0.0275000  0.00000000  0.00000000  0.00000000  0.00000000  0.00000000  0.00000000
      1.0000000
$ P-TYPE FUNCTIONS
   12    6    0
   1122.0000000  0.00044814 -0.00009649  0.00000000  0.00000000  0.00000000  0.00000000
    266.0000000  0.00381639 -0.00081197  0.00000000  0.00000000  0.00000000  0.00000000
     85.9200000  0.01981050 -0.00430087  0.00000000  0.00000000  0.00000000  0.00000000
     32.3300000  0.07270170 -0.01575020  0.00000000  0.00000000  0.00000000  0.00000000
     13.3700000  0.18983900 -0.04295410  0.00000000  0.00000000  0.00000000  0.00000000
      5.8000000  0.33567200 -0.07525740  0.00000000  0.00000000  0.00000000  0.00000000
      2.5590000  0.37936500 -0.09714460  0.00000000  0.00000000  0.00000000  0.00000000
      1.1240000  0.20119300 -0.02275070  0.00000000  0.00000000  0.00000000  0.00000000
      0.3988000  0.02085150  0.29198800  1.00000000  0.00000000  0.00000000  0.00000000
      0.1533000 -0.00170258  0.55067000  0.00000000  1.00000000  0.00000000  0.00000000
      0.0572800  0.00075005  0.29761800  0.00000000  0.00000000  1.00000000  0.00000000
      0.0200000  0.00000000  0.00000000  0.00000000  0.00000000  0.00000000  1.00000000
$ D-TYPE FUNCTIONS
    4    4    0
      0.1200000  1.00000000  0.00000000  0.00000000  0.00000000
      0.3020000  0.00000000  1.00000000  0.00000000  0.00000000
      0.7600000  0.00000000  0.00000000  1.00000000  0.00000000
      0.0435000  0.00000000  0.00000000  0.00000000  1.00000000
$ F-TYPE FUNCTIONS
    3    3    0
      0.2120000  1.00000000  0.00000000  0.00000000
      0.5410000  0.00000000  1.00000000  0.00000000
      0.0846000  0.00000000  0.00000000  1.00000000
$ G-TYPE FUNCTIONS
    2    2    0
      0.4610000  1.00000000  0.00000000
      0.2120000  0.00000000  1.00000000
a 15
$ PHOSPHORUS   (16s,11p,3d,2f,1g) -> [6s,5p,3d,2f,1g]            
$ PHOSPHORUS   Diffuse (1s,1p,1d,1f,1g)                          
$ S-TYPE FUNCTIONS
   17    7    0
 615200.0000000  0.00002475 -0.00000672  0.00000185  0.00000000  0.00000000  0.00000000
      0.0000000
  92120.0000000  0.00019247 -0.00005223  0.00001434  0.00000000  0.00000000  0.00000000
      0.0000000
  20950.0000000  0.00101202 -0.00027536  0.00007572  0.00000000  0.00000000  0.00000000
      0.0000000
   5920.0000000  0.00427261 -0.00116307  0.00031921  0.00000000  0.00000000  0.00000000
      0.0000000
   1922.0000000  0.01541610 -0.00424281  0.00116851  0.00000000  0.00000000  0.00000000
      0.0000000
    688.0000000  0.04859760 -0.01361140  0.00374267  0.00000000  0.00000000  0.00000000
      0.0000000
    265.0000000  0.13006000 -0.03851140  0.01068170  0.00000000  0.00000000  0.00000000
      0.0000000
    108.2000000  0.27451400 -0.09066430  0.02526570  0.00000000  0.00000000  0.00000000
      0.0000000
     46.2200000  0.38540200 -0.16658400  0.04792830  0.00000000  0.00000000  0.00000000
      0.0000000
     20.2300000  0.25593400 -0.16144700  0.04770960  0.00000000  0.00000000  0.00000000
      0.0000000
      7.8590000  0.03912370  0.14678100 -0.04665250  0.00000000  0.00000000  0.00000000
      0.0000000
      3.5470000 -0.00368010  0.56668200 -0.23496800  0.00000000  0.00000000  0.00000000
      0.0000000
      1.5640000  0.00208211  0.41643300 -0.31133700  0.00000000  0.00000000  0.00000000
      0.0000000
      0.4888000 -0.00078848  0.03438440  0.25710900  1.00000000  0.00000000  0.00000000
      0.0000000
      0.2266000  0.00045405 -0.00780638  0.65365500  0.00000000  1.00000000  0.00000000
      0.0000000
      0.0933100 -0.00012664  0.00192259  0.29421200  0.00000000  0.00000000  1.00000000
      0.0000000
      0.0354000  0.00000000  0.00000000  0.00000000  0.00000000  0.00000000  0.00000000
      1.0000000
$ P-TYPE FUNCTIONS
   12    6    0
   1367.0000000  0.00042102 -0.00010083  0.00000000  0.00000000  0.00000000  0.00000000
    324.0000000  0.00360985 -0.00085450  0.00000000  0.00000000  0.00000000  0.00000000
    104.6000000  0.01892170 -0.00457116  0.00000000  0.00000000  0.00000000  0.00000000
     39.3700000  0.07055600 -0.01703270  0.00000000  0.00000000  0.00000000  0.00000000
     16.2600000  0.18815700 -0.04752040  0.00000000  0.00000000  0.00000000  0.00000000
      7.0560000  0.33870900 -0.08527860  0.00000000  0.00000000  0.00000000  0.00000000
      3.1300000  0.38194300 -0.10967600  0.00000000  0.00000000  0.00000000  0.00000000
      1.3940000  0.19526100 -0.01611810  0.00000000  0.00000000  0.00000000  0.00000000
      0.5179000  0.01994160  0.32289300  1.00000000  0.00000000  0.00000000  0.00000000
      0.2032000 -0.00135121  0.54573800  0.00000000  1.00000000  0.00000000  0.00000000
      0.0769800  0.00051714  0.26853800  0.00000000  0.00000000  1.00000000  0.00000000
      0.0272000  0.00000000  0.00000000  0.00000000  0.00000000  0.00000000  1.00000000
$ D-TYPE FUNCTIONS
    4    4    0
      0.1650000  1.00000000  0.00000000  0.00000000  0.00000000
      0.4130000  0.00000000  1.00000000  0.00000000  0.00000000
      1.0360000  0.00000000  0.00000000  1.00000000  0.00000000
      0.0594000  0.00000000  0.00000000  0.00000000  1.00000000
$ F-TYPE FUNCTIONS
    3    3    0
      0.2800000  1.00000000  0.00000000  0.00000000
      0.7030000  0.00000000  1.00000000  0.00000000
      0.1090000  0.00000000  0.00000000  1.00000000
$ G-TYPE FUNCTIONS
    2    2    0
      0.5970000  1.00000000  0.00000000
      0.2500000  0.00000000  1.00000000
a 16
$ SULFUR       (16s,11p,3d,2f,1g) -> [6s,5p,3d,2f,1g]            
$ SULFUR       Diffuse (1s,1p,1d,1f,1g)                          
$ S-TYPE FUNCTIONS
   17    7    0
 727800.0000000  0.00002360 -0.00000652  0.00000189  0.00000000  0.00000000  0.00000000
      0.0000000
 109000.0000000  0.00018348 -0.00005066  0.00001469  0.00000000  0.00000000  0.00000000
      0.0000000
  24800.0000000  0.00096428 -0.00026683  0.00007755  0.00000000  0.00000000  0.00000000
      0.0000000
   7014.0000000  0.00406537 -0.00112601  0.00032651  0.00000000  0.00000000  0.00000000
      0.0000000
   2278.0000000  0.01469730 -0.00411186  0.00119686  0.00000000  0.00000000  0.00000000
      0.0000000
    814.7000000  0.04650810 -0.01324540  0.00384799  0.00000000  0.00000000  0.00000000
      0.0000000
    313.4000000  0.12550800 -0.03770040  0.01105390  0.00000000  0.00000000  0.00000000
      0.0000000
    127.7000000  0.26843300 -0.08985540  0.02646450  0.00000000  0.00000000  0.00000000
      0.0000000
     54.4800000  0.38480900 -0.16709800  0.05087710  0.00000000  0.00000000  0.00000000
      0.0000000
     23.8500000  0.26537200 -0.16935400  0.05300300  0.00000000  0.00000000  0.00000000
      0.0000000
      9.4280000  0.04373260  0.12782400 -0.04255180  0.00000000  0.00000000  0.00000000
      0.0000000
      4.2900000 -0.00378807  0.56486200 -0.25085300  0.00000000  0.00000000  0.00000000
      0.0000000
      1.9090000  0.00218083  0.43176700 -0.33315200  0.00000000  0.00000000  0.00000000
      0.0000000
      0.6270000 -0.00083694  0.03893980  0.26379600  1.00000000  0.00000000  0.00000000
      0.0000000
      0.2873000  0.00044809 -0.00730260  0.66684900  0.00000000  1.00000000  0.00000000
      0.0000000
      0.1172000 -0.00012529  0.00192327  0.28845100  0.00000000  0.00000000  1.00000000
      0.0000000
      0.0428000  0.00000000  0.00000000  0.00000000  0.00000000  0.00000000  0.00000000
      1.0000000
$ P-TYPE FUNCTIONS
   12    6    0
   1546.0000000  0.00044118 -0.00011311  0.00000000  0.00000000  0.00000000  0.00000000
    366.4000000  0.00377571 -0.00095858  0.00000000  0.00000000  0.00000000  0.00000000
    118.4000000  0.01983600 -0.00513471  0.00000000  0.00000000  0.00000000  0.00000000
     44.5300000  0.07420630 -0.01926410  0.00000000  0.00000000  0.00000000  0.00000000
     18.3800000  0.19732700 -0.05359800  0.00000000  0.00000000  0.00000000  0.00000000
      7.9650000  0.35185100 -0.09603330  0.00000000  0.00000000  0.00000000  0.00000000
      3.5410000  0.37868700 -0.11818300  0.00000000  0.00000000  0.00000000  0.00000000
      1.5910000  0.17093100  0.00923194  0.00000000  0.00000000  0.00000000  0.00000000
      0.6205000  0.01515870  0.35884100  1.00000000  0.00000000  0.00000000  0.00000000
      0.2420000  0.00006720  0.52581800  0.00000000  1.00000000  0.00000000  0.00000000
      0.0901400  0.00040549  0.24887200  0.00000000  0.00000000  1.00000000  0.00000000
      0.0317000  0.00000000  0.00000000  0.00000000  0.00000000  0.00000000  1.00000000
$ D-TYPE FUNCTIONS
    4    4    0
      0.2030000  1.00000000  0.00000000  0.00000000  0.00000000
      0.5040000  0.00000000  1.00000000  0.00000000  0.00000000
      1.2500000  0.00000000  0.00000000  1.00000000  0.00000000
      0.0748000  0.00000000  0.00000000  0.00000000  1.00000000
$ F-TYPE FUNCTIONS
    3    3    0
      0.3350000  1.00000000  0.00000000  0.00000000
      0.8690000  0.00000000  1.00000000  0.00000000
      0.1400000  0.00000000  0.00000000  1.00000000
$ G-TYPE FUNCTIONS
    2    2    0
      0.6830000  1.00000000  0.00000000
      0.2970000  0.00000000  1.00000000
a 17
$ CHLORINE     (16s,11p,3d,2f,1g) -> [6s,5p,3d,2f,1g]            
$ CHLORINE     Diffuse (1s,1p,1d,1f,1g)                          
$ S-TYPE FUNCTIONS
   17    7    0
 834900.0000000  0.00002317 -0.00000650  0.00000197  0.00000000  0.00000000  0.00000000
      0.0000000
 125000.0000000  0.00018015 -0.00005049  0.00001526  0.00000000  0.00000000  0.00000000
      0.0000000
  28430.0000000  0.00094778 -0.00026611  0.00008061  0.00000000  0.00000000  0.00000000
      0.0000000
   8033.0000000  0.00400139 -0.00112499  0.00033996  0.00000000  0.00000000  0.00000000
      0.0000000
   2608.0000000  0.01446290 -0.00410497  0.00124551  0.00000000  0.00000000  0.00000000
      0.0000000
    933.9000000  0.04565860 -0.01319870  0.00399612  0.00000000  0.00000000  0.00000000
      0.0000000
    360.0000000  0.12324800 -0.03753420  0.01147510  0.00000000  0.00000000  0.00000000
      0.0000000
    147.0000000  0.26436900 -0.08972330  0.02755040  0.00000000  0.00000000  0.00000000
      0.0000000
     62.8800000  0.38298900 -0.16767100  0.05329170  0.00000000  0.00000000  0.00000000
      0.0000000
     27.6000000  0.27093400 -0.17476300  0.05712460  0.00000000  0.00000000  0.00000000
      0.0000000
     11.0800000  0.04714040  0.11490900 -0.03952010  0.00000000  0.00000000  0.00000000
      0.0000000
      5.0750000 -0.00371766  0.56361800 -0.26434300  0.00000000  0.00000000  0.00000000
      0.0000000
      2.2780000  0.00219158  0.44160600 -0.34929100  0.00000000  0.00000000  0.00000000
      0.0000000
      0.7775000 -0.00084985  0.04266970  0.26967100  1.00000000  0.00000000  0.00000000
      0.0000000
      0.3527000  0.00042466 -0.00667229  0.67607300  0.00000000  1.00000000  0.00000000
      0.0000000
      0.1431000 -0.00012002  0.00190729  0.28467900  0.00000000  0.00000000  1.00000000
      0.0000000
      0.0519000  0.00000000  0.00000000  0.00000000  0.00000000  0.00000000  0.00000000
      1.0000000
$ P-TYPE FUNCTIONS
   12    6    0
   1703.0000000  0.00047404 -0.00012827  0.00000000  0.00000000  0.00000000  0.00000000
    403.6000000  0.00406412 -0.00109356  0.00000000  0.00000000  0.00000000  0.00000000
    130.3000000  0.02133550 -0.00583429  0.00000000  0.00000000  0.00000000  0.00000000
     49.0500000  0.07946110 -0.02192580  0.00000000  0.00000000  0.00000000  0.00000000
     20.2600000  0.20892700 -0.06013850  0.00000000  0.00000000  0.00000000  0.00000000
      8.7870000  0.36494500 -0.10692900  0.00000000  0.00000000  0.00000000  0.00000000
      3.9190000  0.37172500 -0.12245400  0.00000000  0.00000000  0.00000000  0.00000000
      1.7650000  0.14629200  0.03836190  0.00000000  0.00000000  0.00000000  0.00000000
      0.7207000  0.01079060  0.38525600  1.00000000  0.00000000  0.00000000  0.00000000
      0.2839000  0.00117004  0.50726500  0.00000000  1.00000000  0.00000000  0.00000000
      0.1060000  0.00033941  0.22721800  0.00000000  0.00000000  1.00000000  0.00000000
      0.0376000  0.00000000  0.00000000  0.00000000  0.00000000  0.00000000  1.00000000
$ D-TYPE FUNCTIONS
    4    4    0
      0.2540000  1.00000000  0.00000000  0.00000000  0.00000000
      0.6280000  0.00000000  1.00000000  0.00000000  0.00000000
      1.5510000  0.00000000  0.00000000  1.00000000  0.00000000
      0.0952000  0.00000000  0.00000000  0.00000000  1.00000000
$ F-TYPE FUNCTIONS
    3    3    0
      0.4230000  1.00000000  0.00000000  0.00000000
      1.0890000  0.00000000  1.00000000  0.00000000
      0.2170000  0.00000000  0.00000000  1.00000000
$ G-TYPE FUNCTIONS
    2    2    0
      0.8270000  1.00000000  0.00000000
      0.3780000  0.00000000  1.00000000
a 18
$ ARGON        (16s,11p,3d,2f,1g) -> [6s,5p,3d,2f,1g]            
$ ARGON        Diffuse (1s,1p,1d,1f,1g)                          
$ S-TYPE FUNCTIONS
   17    7    0
 950600.0000000  0.00002275 -0.00000646  0.00000202  0.00000000  0.00000000  0.00000000
      0.0000000
 142300.0000000  0.00017695 -0.00005023  0.00001569  0.00000000  0.00000000  0.00000000
      0.0000000
  32360.0000000  0.00093128 -0.00026480  0.00008286  0.00000000  0.00000000  0.00000000
      0.0000000
   9145.0000000  0.00392860 -0.00111895  0.00034926  0.00000000  0.00000000  0.00000000
      0.0000000
   2970.0000000  0.01420640 -0.00408276  0.00127976  0.00000000  0.00000000  0.00000000
      0.0000000
   1064.0000000  0.04481140 -0.01312160  0.00410365  0.00000000  0.00000000  0.00000000
      0.0000000
    410.8000000  0.12100100 -0.03728550  0.01177890  0.00000000  0.00000000  0.00000000
      0.0000000
    168.0000000  0.26057900 -0.08947090  0.02838680  0.00000000  0.00000000  0.00000000
      0.0000000
     71.9900000  0.38136400 -0.16805400  0.05524060  0.00000000  0.00000000  0.00000000
      0.0000000
     31.6700000  0.27605800 -0.17959400  0.06074920  0.00000000  0.00000000  0.00000000
      0.0000000
     12.8900000  0.05051790  0.10295300 -0.03620120  0.00000000  0.00000000  0.00000000
      0.0000000
      5.9290000 -0.00359866  0.56263000 -0.27539800  0.00000000  0.00000000  0.00000000
      0.0000000
      2.6780000  0.00218798  0.45035500 -0.36284500  0.00000000  0.00000000  0.00000000
      0.0000000
      0.9416000 -0.00086236  0.04606070  0.27311800  1.00000000  0.00000000  0.00000000
      0.0000000
      0.4239000  0.00040523 -0.00603691  0.68289900  0.00000000  1.00000000  0.00000000
      0.0000000
      0.1714000 -0.00011616  0.00188744  0.28341700  0.00000000  0.00000000  1.00000000
      0.0000000
      0.0610000  0.00000000  0.00000000  0.00000000  0.00000000  0.00000000  0.00000000
      1.0000000
$ P-TYPE FUNCTIONS
   12    6    0
   1890.0000000  0.00049575 -0.00013886  0.00000000  0.00000000  0.00000000  0.00000000
    447.8000000  0.00425172 -0.00118870  0.00000000  0.00000000  0.00000000  0.00000000
    144.6000000  0.02232770 -0.00632553  0.00000000  0.00000000  0.00000000  0.00000000
     54.4600000  0.08308780 -0.02388130  0.00000000  0.00000000  0.00000000  0.00000000
     22.5100000  0.21711000 -0.06492380  0.00000000  0.00000000  0.00000000  0.00000000
      9.7740000  0.37450700 -0.11544400  0.00000000  0.00000000  0.00000000  0.00000000
      4.3680000  0.36644500 -0.12365100  0.00000000  0.00000000  0.00000000  0.00000000
      1.9590000  0.12924500  0.06490550  0.00000000  0.00000000  0.00000000  0.00000000
      0.8260000  0.00692249  0.40363300  1.00000000  0.00000000  0.00000000  0.00000000
      0.3297000  0.00083615  0.49059200  0.00000000  1.00000000  0.00000000  0.00000000
      0.1242000 -0.00015267  0.20852800  0.00000000  0.00000000  1.00000000  0.00000000
      0.0435000  0.00000000  0.00000000  0.00000000  0.00000000  0.00000000  1.00000000
$ D-TYPE FUNCTIONS
    4    4    0
      0.3110000  1.00000000  0.00000000  0.00000000  0.00000000
      0.7630000  0.00000000  1.00000000  0.00000000  0.00000000
      1.8730000  0.00000000  0.00000000  1.00000000  0.00000000
      0.1160000  0.00000000  0.00000000  0.00000000  1.00000000
$ F-TYPE FUNCTIONS
    3    3    0
      0.5430000  1.00000000  0.00000000  0.00000000
      1.3250000  0.00000000  1.00000000  0.00000000
      0.2940000  0.00000000  0.00000000  1.00000000
$ G-TYPE FUNCTIONS
    2    2    0
      1.0070000  1.00000000  0.00000000
      0.4590000  0.00000000  1.00000000


$Elements supported

$H He B C N O F Ne Al Si P S Cl Ar 


