$ aug-cc-pVDZ-DK
 
$ Elements supported                                                            
$ Sc Ti V Cr Mn Fe Co Ni Cu Zn                                                  
$                                                                               
$ REFERENCE                                                                     
$ N.B. Balabanov and K.A. Peterson, J. Chem. Phys. 123, 064107 (2005)            
$ N.B. Balabanov and K.A. Peterson, J. Chem. Phys. 125, 074110 (2006)            
$                                                                               
$****************************************************                 
a 21
$ SCANDIUM    cc-pVDZ-DK ( 20s 16p 8d 2f ) -> [ 6s 5p 3d 1f ]            
$         aug-cc-pVDZ-DK ( 1s 1p 1d 1f ) -> [ 1s 1p 1d 1f ]
$ S-TYPE FUNCTIONS
   21    7    0
  2715278.00000  0.00010600 -0.00006100  0.00001200 -0.00000300 -0.00000500  0.00000000
    0.0
   406598.40000  0.00031700 -0.00018200  0.00003600 -0.00000900 -0.00001500  0.00000000
    0.0
 92530.04000000  0.00090500 -0.00052000  0.00010200 -0.00002500 -0.00004300  0.00000000
    0.0
 26207.92000000  0.00246400 -0.00141700  0.00028000 -0.00006800 -0.00011900  0.00000000
    0.0
  8549.42900000  0.00678000 -0.00391200  0.00077400 -0.00018700 -0.00031700  0.00000000
    0.0
  3085.97500000  0.01867900 -0.01085300  0.00216300 -0.00052300 -0.00093300  0.00000000
    0.0
  1203.17200000  0.04941800 -0.02915500  0.00588300 -0.00142400 -0.00236900  0.00000000
    0.0
   498.48690000  0.11721000 -0.07160000  0.01488700 -0.00359700 -0.00655100  0.00000000
    0.0
   216.73600000  0.22804100 -0.15044500  0.03313200 -0.00803300 -0.01299800  0.00000000
    0.0
    97.87476000  0.30987200 -0.24354200  0.06028500 -0.01459800 -0.02788900  0.00000000
    0.0
    45.20433000  0.21755000 -0.23345300  0.06745900 -0.01651400 -0.02265200  0.00000000
    0.0
    20.21187000  0.07248600  0.04499700 -0.02501500  0.00628900 -0.00467300  0.00000000
    0.0
     9.57475100  0.11595000  0.49603400 -0.27080400  0.06826300  0.15864200  0.00000000
    0.0
     4.54034600  0.11663800  0.48485600 -0.43200300  0.11655900  0.14126400  0.00000000
    0.0
     1.99568700  0.01982300  0.08756700  0.07649300 -0.02994900  0.09343500  0.00000000
    0.0
     0.94221500 -0.00048800 -0.00528300  0.70309700 -0.23083900 -0.89732800  0.00000000
    0.0
     0.41784500  0.00018300  0.00064200  0.44258900 -0.30232300  0.05970600  0.00000000
    0.0
     0.09576100 -0.00007000 -0.00069700  0.02813800  0.26990300  2.30972600  0.00000000
    0.0
     0.05135100  0.00006300  0.00057900 -0.01221900  0.59192600 -1.28622100  0.00000000
    0.0
     0.02387800 -0.00001300 -0.00014100  0.00423100  0.30368500 -0.71651600  1.00000000
    0.0
     0.01110000  0.00000000  0.00000000  0.00000000  0.00000000  0.00000000  0.00000000
    1.0
$ P-TYPE FUNCTIONS
   17    6    0
 10592.19000000  0.00010100 -0.00003300 -0.00000800  0.00001000  0.00000000  0.00000000
  2507.53300000  0.00053100 -0.00017400 -0.00004200  0.00005200  0.00000000  0.00000000
   814.45710000  0.00261200 -0.00086000 -0.00021000  0.00025300  0.00000000  0.00000000
   311.51950000  0.01062400 -0.00351500 -0.00085500  0.00105100  0.00000000  0.00000000
   131.96170000  0.03597500 -0.01205400 -0.00295200  0.00355500  0.00000000  0.00000000
    59.98718000  0.09924200 -0.03406900 -0.00831200  0.01021800  0.00000000  0.00000000
    28.66250000  0.21173400 -0.07521300 -0.01853100  0.02220400  0.00000000  0.00000000
    14.10851000  0.33007200 -0.12242500 -0.03003300  0.03728600  0.00000000  0.00000000
     7.10370600  0.32975600 -0.12933800 -0.03264100  0.03782400  0.00000000  0.00000000
     3.60920000  0.15683800  0.01627400  0.00834800 -0.00497200  0.00000000  0.00000000
     1.77607000  0.02180500  0.31018200  0.08799200 -0.11128500  0.00000000  0.00000000
     0.85476000 -0.00179700  0.46268900  0.15191300 -0.16271000  0.00000000  0.00000000
     0.40223900 -0.00143500  0.30351900  0.09640600 -0.18269100  0.00000000  0.00000000
     0.15468000 -0.00030000  0.05051500 -0.25638700  0.39987100  0.00000000  0.00000000
     0.06488800  0.00003700 -0.00439300 -0.58744900  0.68541000  0.00000000  0.00000000
     0.02630100 -0.00001400  0.00180700 -0.30626600  0.07519500  1.00000000  0.00000000
     0.01066000  0.00000000  0.00000000  0.00000000  0.00000000  0.00000000  1.00000000
$ D-TYPE FUNCTIONS
    9    4    0
    50.65420000  0.00425200 -0.00439600  0.00000000  0.00000000
    14.73250000  0.02746500 -0.02826300  0.00000000  0.00000000
     5.18046000  0.09922700 -0.10479200  0.00000000  0.00000000
     2.01959000  0.22996700 -0.23435300  0.00000000  0.00000000
     0.79921900  0.34428700 -0.32550900  0.00000000  0.00000000
     0.30531600  0.37362600 -0.06999500  0.00000000  0.00000000
     0.11044400  0.26802100  0.59492200  0.00000000  0.00000000
     0.03706500  0.06616800  0.39758800  1.00000000  0.00000000
     0.01244000  0.00000000  0.00000000  0.00000000  1.00000000
$ F-TYPE FUNCTIONS
    3    2    0
     0.71260000  0.36174500  0.00000000
     0.16360000  0.82186800  0.00000000
     0.04063000  0.00000000  1.00000000
a 22
$ TITANIUM    cc-pVDZ-DK ( 20s 16p 8d 2f ) -> [ 6s 5p 3d 1f ]            
$         aug-cc-pVDZ-DK ( 1s 1p 1d 1f ) -> [ 1s 1p 1d 1f ]
$ S-TYPE FUNCTIONS
   21    7    0
  3014643.00000  0.00011200 -0.00006300  0.00001300 -0.00000300 -0.00000600  0.00000000
      0.0
   451432.90000  0.00033200 -0.00018900  0.00003800 -0.00000900 -0.00001700  0.00000000
      0.0
   102733.80000  0.00094000 -0.00053500  0.00010900 -0.00002600 -0.00004800  0.00000000
      0.0
 29098.17000000  0.00253200 -0.00144300  0.00029400 -0.00007000 -0.00013100  0.00000000
      0.0
  9492.33000000  0.00687900 -0.00393300  0.00080300 -0.00019100 -0.00034600  0.00000000
      0.0
  3426.34600000  0.01874900 -0.01079600  0.00222000 -0.00052600 -0.00100900  0.00000000
      0.0
  1335.89600000  0.04929400 -0.02882900  0.00599900 -0.00142400 -0.00253200  0.00000000
      0.0
   553.50260000  0.11669400 -0.07067400  0.01514900 -0.00359300 -0.00704200  0.00000000
      0.0
   240.69250000  0.22732500 -0.14877800  0.03373300 -0.00802200 -0.01382900  0.00000000
      0.0
   108.72930000  0.31055400 -0.24206000  0.06156300 -0.01464600 -0.03022100  0.00000000
      0.0
    50.26457000  0.22058400 -0.23472100  0.06946200 -0.01666100 -0.02398100  0.00000000
      0.0
    22.58004000  0.07324700  0.04220600 -0.02415500  0.00588900 -0.00718500  0.00000000
      0.0
    10.71432000  0.11315400  0.49833500 -0.27898400  0.06934700  0.17588400  0.00000000
      0.0
     5.09354600  0.11365900  0.48688700 -0.43867100  0.11592100  0.14624600  0.00000000
      0.0
     2.24418300  0.01931600  0.08790400  0.09090600 -0.03271700  0.09718400  0.00000000
      0.0
     1.05957000 -0.00046500 -0.00526400  0.70913100 -0.23341400 -1.00173600  0.00000000
      0.0
     0.46884900  0.00015900  0.00055200  0.43116400 -0.28694100  0.19995700  0.00000000
      0.0
     0.10614300 -0.00005900 -0.00062800  0.02589800  0.28395400  2.21810400  0.00000000
      0.0
     0.05526200  0.00006200  0.00055300 -0.01100700  0.58411300 -1.34232300  0.00000000
      0.0
     0.02546500 -0.00000800 -0.00011800  0.00388900  0.29496200 -0.61393600  1.00000000
      0.0
     0.01173000  0.00000000  0.00000000  0.00000000  0.00000000  0.00000000  0.00000000
    1.0
$ P-TYPE FUNCTIONS
   17    6    0
 11912.03000000  0.00010400 -0.00003500  0.00000800  0.00001000  0.00000000  0.00000000
  2819.94700000  0.00053300 -0.00017900  0.00004300  0.00005400  0.00000000  0.00000000
   915.94790000  0.00258800 -0.00087000  0.00020900  0.00026100  0.00000000  0.00000000
   350.38420000  0.01047000 -0.00354100  0.00084800  0.00107100  0.00000000  0.00000000
   148.48250000  0.03547100 -0.01215000  0.00292500  0.00363900  0.00000000  0.00000000
    67.53944000  0.09816400 -0.03447100  0.00827600  0.01046100  0.00000000  0.00000000
    32.30332000  0.21063100 -0.07659400  0.01855000  0.02298500  0.00000000  0.00000000
    15.92786000  0.33019700 -0.12562200  0.03034000  0.03867200  0.00000000  0.00000000
     8.03803500  0.33050000 -0.13204800  0.03271500  0.03949900  0.00000000  0.00000000
     4.09391600  0.15718600  0.01939600 -0.00872000 -0.00689900  0.00000000  0.00000000
     2.02239000  0.02196700  0.31645500 -0.08863600 -0.11462500  0.00000000  0.00000000
     0.97610200 -0.00176100  0.46148900 -0.14916500 -0.17088700  0.00000000  0.00000000
     0.45959500 -0.00143000  0.29801000 -0.09323200 -0.16526100  0.00000000  0.00000000
     0.17719500 -0.00029000  0.04951700  0.25070800  0.40585800  0.00000000  0.00000000
     0.07344200  0.00003400 -0.00410800  0.58618000  0.67423400  0.00000000  0.00000000
     0.02933400 -0.00001300  0.00169300  0.31409300  0.07827900  1.00000000  0.00000000
     0.01172000  0.00000000  0.00000000  0.00000000  0.00000000  0.00000000  1.00000000
$ D-TYPE FUNCTIONS
    9    4    0
    64.34020000  0.00388300 -0.00397900  0.00000000  0.00000000
    18.84180000  0.02620400 -0.02676400  0.00000000  0.00000000
     6.71983000  0.09688700 -0.10189400  0.00000000  0.00000000
     2.65613000  0.23163100 -0.23711100  0.00000000  0.00000000
     1.07368000  0.35197200 -0.31328600  0.00000000  0.00000000
     0.42055700  0.37256300 -0.04656300  0.00000000  0.00000000
     0.15481700  0.25056300  0.58407200  0.00000000  0.00000000
     0.05149000  0.06006200  0.41532200  1.00000000  0.00000000
     0.01712000  0.00000000  0.00000000  0.00000000  1.00000000
$ F-TYPE FUNCTIONS
    3    2    0
     1.22740000  0.35815800  0.00000000
     0.27880000  0.82579400  0.00000000
     0.08069000  0.00000000  1.00000000
a 23
$ VANADIUM   cc-pVDZ-DK ( 20s 16p 8d 2f ) -> [ 6s 5p 3d 1f ]             
$ S-TYPE FUNCTIONS
   21    7    0
  3321857.00000  0.00011800 -0.00006600  0.00001400 -0.00000300 -0.00000600  0.00000000
      0.0
   497435.60000  0.00034900 -0.00019400  0.00004100 -0.00001000 -0.00001800  0.00000000
      0.0
   113202.70000  0.00098200 -0.00054500  0.00011500 -0.00002700 -0.00005100  0.00000000
      0.0
 32063.33000000  0.00261800 -0.00145700  0.00030800 -0.00007200 -0.00014100  0.00000000
      0.0
 10459.62000000  0.00703200 -0.00392700  0.00083300 -0.00019400 -0.00036600  0.00000000
      0.0
  3775.50600000  0.01896600 -0.01066800  0.00227800 -0.00053000 -0.00106100  0.00000000
      0.0
  1472.04000000  0.04954400 -0.02831600  0.00611700 -0.00142500 -0.00263500  0.00000000
      0.0
   609.93310000  0.11700700 -0.06928800  0.01540800 -0.00358900 -0.00734300  0.00000000
      0.0
   265.26340000  0.22805900 -0.14611100  0.03430100 -0.00800300 -0.01432700  0.00000000
      0.0
   119.86070000  0.31280500 -0.23894500  0.06272200 -0.01466100 -0.03164100  0.00000000
      0.0
    55.44891000  0.22433000 -0.23391700  0.07104700 -0.01670400 -0.02475000  0.00000000
      0.0
    24.98372000  0.07358900  0.04210700 -0.02411900  0.00570600 -0.00863800  0.00000000
      0.0
    11.88056000  0.10751500  0.50249100 -0.28721000  0.07035600  0.18722100  0.00000000
      0.0
     5.66031100  0.10737000  0.48781500 -0.44260900  0.11456200  0.14796700  0.00000000
      0.0
     2.49570300  0.01804800  0.08731200  0.10687500 -0.03595000  0.09330700  0.00000000
      0.0
     1.17786600 -0.00043300 -0.00535300  0.71332900 -0.23442000 -1.05675400  0.00000000
      0.0
     0.52004400  0.00012400  0.00043500  0.41944300 -0.27268200  0.29165200  0.00000000
      0.0
     0.11596500 -0.00004600 -0.00057000  0.02383100  0.29652800  2.13399900  0.00000000
      0.0
     0.05893800  0.00005900  0.00054100 -0.00988300  0.57721000 -1.35437800  0.00000000
      0.0
     0.02694600 -0.00000300 -0.00009700  0.00363300  0.28669000 -0.55202400  1.00000000
      0.0
     0.01232000  0.00000000  0.00000000  0.00000000  0.00000000  0.00000000  0.00000000
     1.0
$ P-TYPE FUNCTIONS
   17    6    0
 13273.20000000  0.00010800 -0.00003700  0.00000900  0.00001100  0.00000000  0.00000000
  3142.12600000  0.00053900 -0.00018400  0.00004400  0.00005600  0.00000000  0.00000000
  1020.58800000  0.00258200 -0.00088300  0.00021400  0.00026600  0.00000000  0.00000000
   390.44070000  0.01039000 -0.00357600  0.00086200  0.00108700  0.00000000  0.00000000
   165.50430000  0.03518900 -0.01226400  0.00297200  0.00368800  0.00000000  0.00000000
    75.32006000  0.09758900 -0.03489100  0.00844100  0.01064000  0.00000000  0.00000000
    36.05503000  0.21023600 -0.07788900  0.01899500  0.02346800  0.00000000  0.00000000
    17.80436000  0.33069400 -0.12841500  0.03128900  0.03976300  0.00000000  0.00000000
     9.00292900  0.33069800 -0.13389600  0.03333800  0.04018800  0.00000000  0.00000000
     4.59454400  0.15670000  0.02315900 -0.01007500 -0.00809900  0.00000000  0.00000000
     2.27676000  0.02185700  0.32207500 -0.09256200 -0.11832800  0.00000000  0.00000000
     1.10117800 -0.00176800  0.45988600 -0.14886100 -0.17300300  0.00000000  0.00000000
     0.51863800 -0.00145700  0.29312200 -0.08230200 -0.15396300  0.00000000  0.00000000
     0.20057400 -0.00028300  0.04844500  0.25045900  0.41182000  0.00000000  0.00000000
     0.08121700  0.00003100 -0.00370300  0.57992500  0.66965200  0.00000000  0.00000000
     0.03173300 -0.00001200  0.00155200  0.32185400  0.07652100  1.00000000  0.00000000
     0.01240000  0.00000000  0.00000000  0.00000000  0.00000000  0.00000000  1.00000000
$ D-TYPE FUNCTIONS
    9    4    0
    78.28410000  0.00358700 -0.00381800  0.00000000  0.00000000
    23.01200000  0.02497400 -0.02653100  0.00000000  0.00000000
     8.29016000  0.09402900 -0.10304700  0.00000000  0.00000000
     3.30791000  0.22904200 -0.24669000  0.00000000  0.00000000
     1.35555000  0.35180300 -0.31292500  0.00000000  0.00000000
     0.53925800  0.37088900 -0.02758100  0.00000000  0.00000000
     0.20125500  0.24855800  0.56601100  0.00000000  0.00000000
     0.06714600  0.06290300  0.42420300  1.00000000  0.00000000
     0.02240000  0.00000000  0.00000000  0.00000000  1.00000000
$ F-TYPE FUNCTIONS
    3    2    0
     1.74880000  0.39006800  0.00000000
     0.40570000  0.80084100  0.00000000
     0.12813000  0.00000000  1.00000000  
a 24
$ CHROMIUM    cc-pVDZ-DK ( 20s 16p 8d 2f ) -> [ 6s 5p 3d 1f ]            
$ S-TYPE FUNCTIONS
   21    7    0
  6177194.00000  0.00008400 -0.00004600  0.00001000 -0.00000200  0.00000400  0.00000000
      0.0
   924929.50000  0.00024100 -0.00013400  0.00002900 -0.00000700  0.00001300  0.00000000
      0.0
   210486.50000  0.00065800 -0.00036400  0.00007800 -0.00001800  0.00003600  0.00000000
      0.0
 59620.05000000  0.00167300 -0.00092700  0.00020000 -0.00004500  0.00008800  0.00000000
      0.0
 19450.76000000  0.00424800 -0.00236100  0.00051100 -0.00011700  0.00023900  0.00000000
      0.0
  7022.05600000  0.01088900 -0.00607600  0.00131700 -0.00029800  0.00055700  0.00000000
      0.0
  2738.76300000  0.02785900 -0.01572300  0.00344700 -0.00079000  0.00168200  0.00000000
      0.0
  1135.81400000  0.06788800 -0.03907800  0.00866800 -0.00195700  0.00349000  0.00000000
      0.0
   495.09230000  0.14680200 -0.08871100  0.02049500 -0.00472500  0.01051200  0.00000000
      0.0
   224.74870000  0.25562300 -0.17011200  0.04170100 -0.00936800  0.01539200  0.00000000
      0.0
   105.38360000  0.29840800 -0.24729800  0.06930000 -0.01625000  0.04027700  0.00000000
      0.0
    50.19359000  0.17456000 -0.18638100  0.05818900 -0.01254900  0.00739400  0.00000000
      0.0
    22.24957000  0.06969000  0.15843900 -0.07618100  0.01555000  0.01405700  0.00000000
      0.0
    10.98265000  0.11418400  0.54812500 -0.35613800  0.09169100 -0.29367300  0.00000000
      0.0
     5.38366500  0.08407000  0.38857900 -0.37265100  0.08542600  0.00301000  0.00000000
      0.0
     2.34368500  0.00992600  0.04928100  0.28380300 -0.06625000 -0.17585000  0.00000000
      0.0
     1.10520200 -0.00031600 -0.00430500  0.71493400 -0.28685200  1.50064600  0.00000000
      0.0
     0.48784800  0.00005900  0.00011100  0.29087600 -0.17030300 -1.12694000  0.00000000
      0.0
     0.08959900  0.00001600 -0.00002700  0.00690900  0.69672600 -1.22708800  0.00000000
      0.0
     0.03342300  0.00002200  0.00014100  0.00025400  0.44755900  1.46523900  1.00000000
      0.0
     0.01247000  0.00000000  0.00000000  0.00000000  0.00000000  0.00000000  0.00000000
     1.0
$ P-TYPE FUNCTIONS
   17    6    0
 14454.20000000  0.00011500 -0.00004000  0.00000900  0.00001200  0.00000000  0.00000000
  3421.67600000  0.00056000 -0.00019400  0.00004600  0.00005900  0.00000000  0.00000000
  1111.38700000  0.00265300 -0.00092200  0.00021900  0.00027700  0.00000000  0.00000000
   425.19180000  0.01061200 -0.00371100  0.00087800  0.00112100  0.00000000  0.00000000
   180.26230000  0.03586700 -0.01270600  0.00303000  0.00382000  0.00000000  0.00000000
    82.06117000  0.09932400 -0.03612100  0.00856800  0.01094000  0.00000000  0.00000000
    39.29726000  0.21352500 -0.08054000  0.01934300  0.02430100  0.00000000  0.00000000
    19.41959000  0.33399700 -0.13231200  0.03156000  0.04059400  0.00000000  0.00000000
     9.82889900  0.32829200 -0.13403500  0.03305600  0.04077300  0.00000000  0.00000000
     5.01681000  0.15058200  0.03470700 -0.01359000 -0.01344000  0.00000000  0.00000000
     2.48709100  0.02000200  0.33563000 -0.09400900 -0.12110600  0.00000000  0.00000000
     1.19878000 -0.00156300  0.46127800 -0.14984700 -0.18273700  0.00000000  0.00000000
     0.55869500 -0.00129100  0.27857300 -0.06571600 -0.12007200  0.00000000  0.00000000
     0.20936600 -0.00021200  0.04122100  0.27117400  0.44495200  0.00000000  0.00000000
     0.08472200  0.00002400 -0.00380000  0.57505900  0.64134300  0.00000000  0.00000000
     0.03327800 -0.00000900  0.00146500  0.30137300  0.05792600  1.00000000  0.00000000
     0.01307000  0.00000000  0.00000000  0.00000000  0.00000000  0.00000000  1.00000000
$ D-TYPE FUNCTIONS
    9    4    0
    89.47450000  0.00361700 -0.00412400  0.00000000  0.00000000
    26.33680000  0.02553900 -0.02909800  0.00000000  0.00000000
     9.53429000  0.09683400 -0.11431600  0.00000000  0.00000000
     3.82118000  0.23512200 -0.27195800  0.00000000  0.00000000
     1.57169000  0.35744600 -0.31627300  0.00000000  0.00000000
     0.62642200  0.36916000  0.03745700  0.00000000  0.00000000
     0.23305500  0.23807800  0.58948200  0.00000000  0.00000000
     0.07630300  0.05475200  0.36176800  1.00000000  0.00000000
     0.02498000  0.00000000  0.00000000  0.00000000  1.00000000
$ F-TYPE FUNCTIONS
    3    2    0
     2.22110000  0.42354500  0.00000000
     0.52310000  0.77411400  0.00000000
     0.17249000  0.00000000  1.00000000  
a 25
$ MANGANESE   cc-pVDZ-DK ( 20s 16p 8d 2f ) -> [ 6s 5p 3d 1f ]            
$ S-TYPE FUNCTIONS
   21    7    0
  3960805.00000  0.00013500 -0.00006500  0.00001600 -0.00000400 -0.00000700  0.00000000
     0.0
   593115.50000  0.00039500 -0.00018900  0.00004600 -0.00001000 -0.00002100  0.00000000
     0.0
   134976.80000  0.00109600 -0.00052500  0.00012800 -0.00002900 -0.00005700  0.00000000
     0.0
 38230.67000000  0.00287100 -0.00137900  0.00033700 -0.00007500 -0.00015300  0.00000000
     0.0
 12471.54000000  0.00755400 -0.00364200  0.00089100 -0.00019900 -0.00039000  0.00000000
     0.0
  4501.74300000  0.01997500 -0.00971100  0.00239100 -0.00053300 -0.00110700  0.00000000
     0.0
  1755.21200000  0.05150800 -0.02548900  0.00633400 -0.00141300 -0.00271600  0.00000000
     0.0
   727.30390000  0.12100300 -0.06225900  0.01586600 -0.00354200 -0.00752600  0.00000000
     0.0
   316.36780000  0.23603600 -0.13228600  0.03523600 -0.00787100 -0.01464300  0.00000000
     0.0
   143.00980000  0.32648200 -0.22045900  0.06454500 -0.01446600 -0.03243400  0.00000000
     0.0
    66.21805000  0.23930200 -0.22151300  0.07305700 -0.01642500 -0.02523900  0.00000000
     0.0
    29.91896000  0.07182000  0.04933600 -0.02573700  0.00576200 -0.00866800  0.00000000
     0.0
    14.30318000  0.07595000  0.51650300 -0.30268500  0.07126600  0.19517500  0.00000000
     0.0
     6.83945100  0.07503000  0.49007400 -0.44406500  0.10941400  0.14746400  0.00000000
     0.0
     3.01237400  0.01183600  0.08458600  0.14090200 -0.04281300  0.07037500  0.00000000
     0.0
     1.41880800 -0.00035900 -0.00685700  0.71899000 -0.22938300 -1.06677700  0.00000000
     0.0
     0.62362400 -0.00006200 -0.00046600  0.39520700 -0.24612000  0.37231100  0.00000000
     0.0
     0.13409800 -0.00001400 -0.00052600  0.01985100  0.30965300  1.98720700  0.00000000
     0.0
     0.06554800  0.00002600  0.00049900 -0.00778300  0.56585700 -1.28939300  0.00000000
     0.0
     0.02958400  0.00000000 -0.00008700  0.00317500  0.27825800 -0.51308500  1.00000000
     0.0
     0.01335000  0.00000000  0.00000000  0.00000000  0.00000000  0.00000000  0.00000000
     1.0
$ P-TYPE FUNCTIONS
   17    6    0
 16205.86000000  0.00011800 -0.00004100 -0.00000900  0.00001300  0.00000000  0.00000000
  3836.27400000  0.00055500 -0.00019300 -0.00004400  0.00006000  0.00000000  0.00000000
  1246.04800000  0.00259100 -0.00090300 -0.00020800  0.00027900  0.00000000  0.00000000
   476.75350000  0.01029700 -0.00361400 -0.00083200  0.00112700  0.00000000  0.00000000
   202.18950000  0.03481200 -0.01237300 -0.00285700  0.00381800  0.00000000  0.00000000
    92.09487000  0.09681400 -0.03534100 -0.00816400  0.01106100  0.00000000  0.00000000
    44.14720000  0.20990300 -0.07949900 -0.01845500  0.02458500  0.00000000  0.00000000
    21.85468000  0.33190700 -0.13219300 -0.03077300  0.04203300  0.00000000  0.00000000
    11.08596000  0.33117900 -0.13568900 -0.03199900  0.04181100  0.00000000  0.00000000
     5.67410800  0.15570000  0.03013300  0.01075100 -0.01084700  0.00000000  0.00000000
     2.82317000  0.02090600  0.33102900  0.09089400 -0.12655900  0.00000000  0.00000000
     1.36862100 -0.00281400  0.45677800  0.13794500 -0.17898300  0.00000000  0.00000000
     0.64443100 -0.00214800  0.28591000  0.07611200 -0.12606700  0.00000000  0.00000000
     0.24834600 -0.00037900  0.04658300 -0.23134600  0.42038300  0.00000000  0.00000000
     0.09717500  0.00003600 -0.00338400 -0.57517000  0.65783800  0.00000000  0.00000000
     0.03656500 -0.00001400  0.00141700 -0.34775600  0.07482300  1.00000000  0.00000000
     0.01376000  0.00000000  0.00000000  0.00000000  0.00000000  0.00000000  1.00000000
$ D-TYPE FUNCTIONS
    9    4    0
   101.90400000  0.00357500 -0.00364600  0.00000000  0.00000000
    30.03370000  0.02557500 -0.02607900  0.00000000  0.00000000
    10.92380000  0.09774700 -0.10245500  0.00000000  0.00000000
     4.39740000  0.23705600 -0.24889500  0.00000000  0.00000000
     1.81595000  0.35792300 -0.30188700  0.00000000  0.00000000
     0.72573100  0.36580700  0.00836900  0.00000000  0.00000000
     0.26996100  0.23629600  0.53976500  0.00000000  0.00000000
     0.08776000  0.05835100  0.44974300  1.00000000  0.00000000
     0.02853000  0.00000000  0.00000000  0.00000000  1.00000000
$ F-TYPE FUNCTIONS
    3    2    0
     2.70320000  0.42677600  0.00000000
     0.64380000  0.76979900  0.00000000
     0.21764000  0.00000000  1.00000000  
a 26
$ IRON        cc-pVDZ-DK ( 20s 16p 8d 2f ) -> [ 6s 5p 3d 1f ]            
$ S-TYPE FUNCTIONS
   21    7    0
  4316265.00000  0.00014000 -0.00007200  0.00001700 -0.00000400 -0.00000700  0.00000000
      0.0
   646342.40000  0.00040500 -0.00020900  0.00004900 -0.00001100 -0.00002100  0.00000000
      0.0
   147089.70000  0.00111900 -0.00057900  0.00013500 -0.00002900 -0.00005800  0.00000000
      0.0
 41661.52000000  0.00290700 -0.00150600  0.00035200 -0.00007700 -0.00015500  0.00000000
      0.0
 13590.77000000  0.00757100 -0.00393900  0.00092300 -0.00020100 -0.00039300  0.00000000
      0.0
  4905.75000000  0.01981800 -0.01039600  0.00245200 -0.00053500 -0.00110100  0.00000000
      0.0
  1912.74600000  0.05073400 -0.02707400  0.00645100 -0.00140800 -0.00269300  0.00000000
      0.0
   792.60430000  0.11872900 -0.06577700  0.01610600 -0.00351800 -0.00740400  0.00000000
      0.0
   344.80650000  0.23116400 -0.13908200  0.03574200 -0.00781400 -0.01448400  0.00000000
      0.0
   155.89990000  0.31932200 -0.23015000  0.06552800 -0.01437200 -0.03185300  0.00000000
      0.0
    72.23091000  0.23364800 -0.22966300  0.07443000 -0.01638300 -0.02535200  0.00000000
      0.0
    32.72506000  0.07402200  0.04609100 -0.02571100  0.00564300 -0.00788700  0.00000000
      0.0
    15.66762000  0.09095200  0.51505100 -0.30864500  0.07122100  0.19147000  0.00000000
      0.0
     7.50348300  0.08889800  0.48717500 -0.44654400  0.10780000  0.14824200  0.00000000
      0.0
     3.31222300  0.01430200  0.08438000  0.14898500 -0.04426200  0.05076100  0.00000000
      0.0
     1.55847100 -0.00038700 -0.00591100  0.72039500 -0.22599900 -1.01224600  0.00000000
      0.0
     0.68391400  0.00000800 -0.00004400  0.38969800 -0.23762800  0.34233900  0.00000000
      0.0
     0.14675700 -0.00002500 -0.00048700  0.01918400  0.29778000  1.85726600  0.00000000
      0.0
     0.07058300  0.00003200  0.00043700 -0.00702300  0.56549700 -1.06367900  0.00000000
      0.0
     0.03144900 -0.00000100 -0.00008600  0.00312400  0.28793700 -0.61687300  1.00000000
      0.0
     0.01401000  0.00000000  0.00000000  0.00000000  0.00000000  0.00000000  0.00000000
      1.0
$ P-TYPE FUNCTIONS
   17    6    0
 17745.69000000  0.00012300 -0.00004300  0.00000900  0.00001400  0.00000000  0.00000000
  4200.72100000  0.00056600 -0.00020000  0.00004400  0.00006600  0.00000000  0.00000000
  1364.42900000  0.00260800 -0.00092300  0.00020100  0.00030300  0.00000000  0.00000000
   522.08060000  0.01029500 -0.00366800  0.00080000  0.00121900  0.00000000  0.00000000
   221.45950000  0.03475100 -0.01253900  0.00273800  0.00412000  0.00000000  0.00000000
   100.90960000  0.09669000 -0.03584800  0.00784800  0.01195300  0.00000000  0.00000000
    48.40115000  0.21003000 -0.08082200  0.01773900  0.02662000  0.00000000  0.00000000
    23.98536000  0.33245700 -0.13469700  0.02974900  0.04569900  0.00000000  0.00000000
    12.18250000  0.33077100 -0.13691200  0.03038900  0.04503300  0.00000000  0.00000000
     6.24229800  0.15473300  0.03371300 -0.01076500 -0.01301100  0.00000000  0.00000000
     3.11094400  0.02096400  0.33567000 -0.08768900 -0.14137500  0.00000000  0.00000000
     1.50995800 -0.00234600  0.45549600 -0.12847000 -0.19414800  0.00000000  0.00000000
     0.71084500 -0.00185400  0.28176000 -0.07399600 -0.10177000  0.00000000  0.00000000
     0.27259800 -0.00031700  0.04515000  0.21545500  0.46786400  0.00000000  0.00000000
     0.10397200  0.00003000 -0.00316500  0.57200500  0.62421800  0.00000000  0.00000000
     0.03816600 -0.00001200  0.00133100  0.36807900  0.05622500  1.00000000  0.00000000
     0.01401000  0.00000000  0.00000000  0.00000000  0.00000000  0.00000000  1.00000000
$ D-TYPE FUNCTIONS
    9    4    0
   114.88400000  0.00353200 -0.00389600  0.00000000  0.00000000
    33.88780000  0.02555000 -0.02820700  0.00000000  0.00000000
    12.37300000  0.09835700 -0.11157300  0.00000000  0.00000000
     4.99925000  0.23791900 -0.27283900  0.00000000  0.00000000
     2.07043000  0.35653900 -0.31715200  0.00000000  0.00000000
     0.82818300  0.36284800  0.05206200  0.00000000  0.00000000
     0.30754700  0.23880300  0.56126900  0.00000000  0.00000000
     0.09945500  0.06190400  0.38915500  1.00000000  0.00000000
     0.03216000  0.00000000  0.00000000  0.00000000  1.00000000
$ F-TYPE FUNCTIONS
    3    2    0
     3.22430000  0.42224900  0.00000000
     0.77580000  0.77146800  0.00000000
     0.26723000  0.00000000  1.00000000  
a 27
$ COBALT      cc-pVDZ-DK ( 20s 16p 8d 2f ) -> [ 6s 5p 3d 1f ]            
$ S-TYPE FUNCTIONS
   21    7    0
  4675675.00000  0.00014600 -0.00007700  0.00001800 -0.00000400 -0.00000700  0.00000000
      0.0
   700161.50000  0.00042200 -0.00022200  0.00005200 -0.00001100 -0.00002200  0.00000000
      0.0
   159337.30000  0.00115700 -0.00061000  0.00014200 -0.00003000 -0.00005900  0.00000000
      0.0
 45130.46000000  0.00298200 -0.00157600  0.00036700 -0.00007800 -0.00015500  0.00000000
      0.0
 14722.38000000  0.00769500 -0.00408500  0.00095400 -0.00020400 -0.00039100  0.00000000
      0.0
  5314.22200000  0.01995300 -0.01067800  0.00251200 -0.00053600 -0.00108100  0.00000000
      0.0
  2072.01800000  0.05071700 -0.02761300  0.00656400 -0.00140200 -0.00263800  0.00000000
      0.0
   858.61880000  0.11823000 -0.06681600  0.01633100 -0.00349000 -0.00718600  0.00000000
      0.0
   373.54970000  0.22980400 -0.14097900  0.03618600 -0.00774000 -0.01414100  0.00000000
      0.0
   168.92290000  0.31728300 -0.23292100  0.06635200 -0.01424000 -0.03080100  0.00000000
      0.0
    78.29639000  0.23232500 -0.23204600  0.07534300 -0.01622700 -0.02503000  0.00000000
      0.0
    35.52123000  0.07486300  0.04655300 -0.02648700  0.00569200 -0.00649900  0.00000000
      0.0
    17.04144000  0.09464900  0.51696500 -0.31480500  0.07113600  0.18483100  0.00000000
      0.0
     8.17300000  0.09162500  0.48484000 -0.44671200  0.10542100  0.14648500  0.00000000
      0.0
     3.61031800  0.01466000  0.08328900  0.16012000 -0.04618700  0.03025500  0.00000000
      0.0
     1.69704700 -0.00041400 -0.00581100  0.72132400 -0.22200200 -0.94223800  0.00000000
      0.0
     0.74353200  0.00000500 -0.00005400  0.38235700 -0.22862400  0.30063500  0.00000000
      0.0
     0.15834400 -0.00002800 -0.00046800  0.01818800  0.29133200  1.74141800  0.00000000
      0.0
     0.07503600  0.00002900  0.00038900 -0.00641500  0.56305800 -0.85497800  0.00000000
      0.0
     0.03309100 -0.00000300 -0.00008900  0.00298700  0.29427700 -0.71789200  1.00000000
      0.0
     0.01459000  0.00000000  0.00000000  0.00000000  0.00000000  0.00000000  0.00000000
      1.0
$ P-TYPE FUNCTIONS
   17    6    0
 19267.78000000  0.00013000 -0.00004600 -0.00001000  0.00001600  0.00000000  0.00000000
  4560.98600000  0.00058200 -0.00020800 -0.00004600  0.00007200  0.00000000  0.00000000
  1481.43600000  0.00264800 -0.00094700 -0.00020900  0.00032600  0.00000000  0.00000000
   566.86710000  0.01038100 -0.00373800 -0.00082500  0.00129800  0.00000000  0.00000000
   240.49100000  0.03496300 -0.01275000 -0.00281700  0.00439200  0.00000000  0.00000000
   109.61050000  0.09722900 -0.03644700 -0.00806800  0.01270000  0.00000000  0.00000000
    52.59491000  0.21124800 -0.08223500 -0.01826800  0.02842400  0.00000000  0.00000000
    26.08361000  0.33385200 -0.13699900 -0.03058600  0.04853300  0.00000000  0.00000000
    13.26143000  0.32975100 -0.13712100 -0.03088300  0.04775200  0.00000000  0.00000000
     6.79977800  0.15229400  0.03932100  0.01230300 -0.01665200  0.00000000  0.00000000
     3.39341400  0.02026500  0.34122600  0.09043100 -0.15366700  0.00000000  0.00000000
     1.64876600 -0.00228500  0.45363400  0.13082000 -0.20566300  0.00000000  0.00000000
     0.77628200 -0.00181100  0.27611400  0.06921100 -0.07218000  0.00000000  0.00000000
     0.29720900 -0.00029600  0.04366500 -0.22488200  0.48314100  0.00000000  0.00000000
     0.11335200  0.00002800 -0.00307000 -0.56965600  0.59947200  0.00000000  0.00000000
     0.04151000 -0.00001100  0.00129200 -0.36187300  0.05600000  1.00000000  0.00000000
     0.01520000  0.00000000  0.00000000  0.00000000  0.00000000  0.00000000  1.00000000
$ D-TYPE FUNCTIONS
    9    4    0
   128.39200000  0.00350500 -0.00406500  0.00000000  0.00000000
    37.89380000  0.02558300 -0.02972900  0.00000000  0.00000000
    13.87980000  0.09908400 -0.11846600  0.00000000  0.00000000
     5.62544000  0.23913900 -0.28972000  0.00000000  0.00000000
     2.33539000  0.35615100 -0.32034800  0.00000000  0.00000000
     0.93519200  0.36041400  0.08568000  0.00000000  0.00000000
     0.34695300  0.23921200  0.55912300  0.00000000  0.00000000
     0.11172300  0.06416100  0.36340100  1.00000000  0.00000000
     0.03598000  0.00000000  0.00000000  0.00000000  1.00000000
$ F-TYPE FUNCTIONS
    3    2    0
     3.77240000  0.42396600  0.00000000
     0.91700000  0.76842900  0.00000000
     0.32041000  0.00000000  1.00000000  
a 28
$ NICKEL      cc-pVDZ-DK ( 20s 16p 8d 2f ) -> [ 6s 5p 3d 1f ]            
$ S-TYPE FUNCTIONS
   21    7    0
  5045991.00000  0.00015700 -0.00007100  0.00001900 -0.00000400 -0.00000800  0.00000000
      0.0
   755614.20000  0.00045300 -0.00020600  0.00005400 -0.00001100 -0.00002300  0.00000000
      0.0
   171956.80000  0.00123700 -0.00056200  0.00014800 -0.00003100 -0.00006200  0.00000000
      0.0
 48704.79000000  0.00316500 -0.00144200  0.00038100 -0.00008100 -0.00016300  0.00000000
      0.0
 15888.41000000  0.00809500 -0.00370600  0.00098100 -0.00020800 -0.00040800  0.00000000
      0.0
  5735.12300000  0.02080400 -0.00961100  0.00255900 -0.00054300 -0.00111200  0.00000000
      0.0
  2236.13700000  0.05253400 -0.02473600  0.00664100 -0.00140800 -0.00270900  0.00000000
      0.0
   926.64680000  0.12212900 -0.05990300  0.01646000 -0.00349300 -0.00730900  0.00000000
      0.0
   403.17430000  0.23763900 -0.12738600  0.03641900 -0.00773300 -0.01446500  0.00000000
      0.0
   182.34760000  0.33031200 -0.21418100  0.06673200 -0.01422300 -0.03118200  0.00000000
      0.0
    84.54885000  0.24591400 -0.21832400  0.07573900 -0.01618100 -0.02583500  0.00000000
      0.0
    38.39634000  0.07227600  0.05259800 -0.02751000  0.00584100 -0.00534700  0.00000000
      0.0
    18.45859000  0.06351200  0.52493200 -0.31904600  0.07157900  0.18601500  0.00000000
      0.0
     8.86354800  0.06188400  0.48800700 -0.44491900  0.10373700  0.15465800  0.00000000
      0.0
     3.91622700  0.00940000  0.08248400  0.17242200 -0.04831500  0.01149700  0.00000000
      0.0
     1.83887000 -0.00021900 -0.00679500  0.71557200 -0.21930400 -0.94456600  0.00000000
      0.0
     0.80436200 -0.00007900 -0.00064300  0.37917200 -0.22081700  0.33431000  0.00000000
      0.0
     0.16979700 -0.00000500 -0.00049200  0.01993600  0.28697000  1.64187100  0.00000000
      0.0
     0.07930600  0.00000300  0.00035400 -0.00747600  0.55998000 -0.73999800  0.00000000
      0.0
     0.03467700  0.00000000 -0.00010600  0.00327100  0.29940100 -0.75324700  1.00000000
      0.0
     0.01516000  0.00000000  0.00000000  0.00000000  0.00000000  0.00000000  0.00000000
      1.0
$ P-TYPE FUNCTIONS
   17    6    0
 21027.92000000  0.00013500 -0.00004800  0.00001000  0.00002000  0.00000000  0.00000000
  4977.56000000  0.00059200 -0.00021200  0.00004300  0.00008800  0.00000000  0.00000000
  1616.74000000  0.00265600 -0.00095200  0.00019300  0.00039500  0.00000000  0.00000000
   618.67180000  0.01033700 -0.00373300  0.00076000  0.00155600  0.00000000  0.00000000
   262.51830000  0.03475200 -0.01270700  0.00258200  0.00528200  0.00000000  0.00000000
   119.69070000  0.09670400 -0.03637100  0.00742800  0.01521300  0.00000000  0.00000000
    57.46585000  0.21065900 -0.08228200  0.01679800  0.03437300  0.00000000  0.00000000
    28.52829000  0.33382800 -0.13764900  0.02839500  0.05843400  0.00000000  0.00000000
    14.52148000  0.33022000 -0.13716600  0.02816200  0.05896900  0.00000000  0.00000000
     7.45385000  0.15280100  0.04028700 -0.01114600 -0.02293700  0.00000000  0.00000000
     3.72355300  0.02014900  0.34221200 -0.08334900 -0.19788400  0.00000000  0.00000000
     1.80981300 -0.00270900  0.44965700 -0.11608800 -0.24732500  0.00000000  0.00000000
     0.85133600 -0.00211000  0.27777000 -0.07006000  0.00956900  0.00000000  0.00000000
     0.32340580 -0.00035200  0.04641500  0.19950300  0.54500300  0.00000000  0.00000000
     0.11902100  0.00003600 -0.00294900  0.56601000  0.52351800  0.00000000  0.00000000
     0.04216200 -0.00001200  0.00129200  0.39267900  0.03570300  1.00000000  0.00000000
     0.01494000  0.00000000  0.00000000  0.00000000  0.00000000  0.00000000  1.00000000
$ D-TYPE FUNCTIONS
    9    4    0
   142.59040000  0.00338900 -0.00352700  0.00000000  0.00000000
    42.10219000  0.02492800 -0.02594700  0.00000000  0.00000000
    15.46337000  0.09705600 -0.10366000  0.00000000  0.00000000
     6.28381000  0.23381200 -0.25238700  0.00000000  0.00000000
     2.61417000  0.34665800 -0.29672700  0.00000000  0.00000000
     1.04802000  0.35179900 -0.00057900  0.00000000  0.00000000
     0.38865200  0.25218500  0.44038900  0.00000000  0.00000000
     0.12466400  0.10155100  0.54159800  1.00000000  0.00000000
     0.03999000  0.00000000  0.00000000  0.00000000  1.00000000
$ F-TYPE FUNCTIONS
    3    2    0
     4.34550000  0.41742900  0.00000000
     1.06800000  0.77148300  0.00000000
     0.37725000  0.00000000  1.00000000  
a 29
$ COPPER      cc-pVDZ-DK ( 20s 16p 8d 2f ) -> [ 6s 5p 3d 1f ]            
$ S-TYPE FUNCTIONS
   21    7    0
  5430321.00000  0.00015800 -0.00008900  0.00002000 -0.00000400 -0.00000800  0.00000000
      0.0
   813166.50000  0.00045200 -0.00025500  0.00005700 -0.00001200 -0.00002200  0.00000000
      0.0
   185054.40000  0.00122900 -0.00069400  0.00015600 -0.00003200 -0.00005900  0.00000000
      0.0
 52414.66000000  0.00312000 -0.00176600  0.00039900 -0.00008200 -0.00015200  0.00000000
      0.0
 17098.68000000  0.00791200 -0.00449800  0.00101900 -0.00020800 -0.00037800  0.00000000
      0.0
  6171.99400000  0.02014200 -0.01154500  0.00263600 -0.00053900 -0.00101800  0.00000000
      0.0
  2406.48100000  0.05046200 -0.02941800  0.00679200 -0.00138800 -0.00247300  0.00000000
      0.0
   997.25840000  0.11661600 -0.07051700  0.01677200 -0.00343000 -0.00661400  0.00000000
      0.0
   433.92890000  0.22554300 -0.14778800  0.03702400 -0.00757900 -0.01315200  0.00000000
      0.0
   196.28690000  0.31015200 -0.24238000  0.06783200 -0.01393400 -0.02808300  0.00000000
      0.0
    91.04280000  0.22613900 -0.23906000  0.07676800 -0.01582500 -0.02366100  0.00000000
      0.0
    41.38425000  0.07699200  0.04769300 -0.02858800  0.00589100 -0.00365800  0.00000000
      0.0
    19.93278000  0.10875500  0.51946700 -0.32623300  0.07064800  0.16745100  0.00000000
      0.0
     9.58189100  0.10296900  0.47810700 -0.44514600  0.10034600  0.13784900  0.00000000
      0.0
     4.23451600  0.01629900  0.08055800  0.18153200 -0.04946100  0.00169500  0.00000000
      0.0
     1.98581400 -0.00053900 -0.00562800  0.72191600 -0.21361800 -0.79886100  0.00000000
      0.0
     0.86708300 -0.00000200 -0.00007200  0.36863200 -0.21220300  0.20363900  0.00000000
      0.0
     0.18133900 -0.00003800 -0.00043300  0.01639500  0.28129900  1.54969100  0.00000000
      0.0
     0.08365700  0.00002600  0.00030800 -0.00552600  0.55606800 -0.49502400  0.00000000
      0.0
     0.03626700 -0.00000900 -0.00009900  0.00270000  0.30670100 -0.89612000  1.00000000
      0.0
     0.01572000  0.00000000  0.00000000  0.00000000  0.00000000  0.00000000  0.00000000
      1.0
$ P-TYPE FUNCTIONS
   17    6    0
 22760.57000000  0.00014100 -0.00005100  0.00001000  0.00001900  0.00000000  0.00000000
  5387.67900000  0.00060500 -0.00022000  0.00004300  0.00008300  0.00000000  0.00000000
  1749.94500000  0.00268400 -0.00097700  0.00019000  0.00036800  0.00000000  0.00000000
   669.66530000  0.01037000 -0.00380300  0.00074300  0.00144700  0.00000000  0.00000000
   284.19480000  0.03477600 -0.01291600  0.00251500  0.00486600  0.00000000  0.00000000
   129.60770000  0.09672600 -0.03695200  0.00724600  0.01412100  0.00000000  0.00000000
    62.25415000  0.21087700 -0.08370900  0.01637500  0.03164000  0.00000000  0.00000000
    30.92964000  0.33419000 -0.14007700  0.02778100  0.05456700  0.00000000  0.00000000
    15.75827000  0.32955700 -0.13842300  0.02712000  0.05304500  0.00000000  0.00000000
     8.09421100  0.15192500  0.04348600 -0.01122600 -0.01994600  0.00000000  0.00000000
     4.04692100  0.02050700  0.34607800 -0.08147400 -0.18350900  0.00000000  0.00000000
     1.96786900 -0.00196600  0.45123000 -0.11061800 -0.21732600  0.00000000  0.00000000
     0.92529500 -0.00163100  0.27263700 -0.06866900 -0.02821700  0.00000000  0.00000000
     0.35109300 -0.00025700  0.04246400  0.19213500  0.52893000  0.00000000  0.00000000
     0.12679900  0.00002500 -0.00276900  0.56314500  0.55756200  0.00000000  0.00000000
     0.04416200 -0.00000900  0.00113700  0.40445400  0.03662600  1.00000000  0.00000000
     0.01538000  0.00000000  0.00000000  0.00000000  0.00000000  0.00000000  1.00000000
$ D-TYPE FUNCTIONS
    9    4    0
   177.68500000  0.00270900 -0.00337700  0.00000000  0.00000000
    52.54040000  0.02068500 -0.02581900  0.00000000  0.00000000
    19.47690000  0.08362600 -0.10724000  0.00000000  0.00000000
     8.00146000  0.21292300 -0.28054100  0.00000000  0.00000000
     3.39892000  0.33556600 -0.34873200  0.00000000  0.00000000
     1.40538000  0.35810800  0.02160900  0.00000000  0.00000000
     0.54533000  0.26644100  0.49161300  0.00000000  0.00000000
     0.18811000  0.10596900  0.44080300  1.00000000  0.00000000
     0.06489000  0.00000000  0.00000000  0.00000000  1.00000000
$ F-TYPE FUNCTIONS
    3    2    0
     5.02860000  0.42428000  0.00000000
     1.25940000  0.76302500  0.00000000
     0.45165000  0.00000000  1.00000000  
a 30
$ ZINC        cc-pVDZ-DK ( 20s 16p 8d 2f ) -> [ 6s 5p 3d 1f ]            
$ S-TYPE FUNCTIONS
   21    7    0
  5820021.00000  0.00018100 -0.00005700  0.00002200  0.00000400 -0.00001200  0.00000000
      0.0
   871523.40000  0.00051700 -0.00016300  0.00006200  0.00001300 -0.00003400  0.00000000
      0.0
   198335.00000  0.00139800 -0.00044200  0.00016800  0.00003400 -0.00009200  0.00000000
      0.0
 56176.31000000  0.00352700 -0.00111900  0.00042500  0.00008600 -0.00023600  0.00000000
      0.0
 18325.82000000  0.00887500 -0.00283500  0.00107500  0.00021800 -0.00057900  0.00000000
      0.0
  6614.95500000  0.02241900 -0.00725100  0.00275900  0.00055900 -0.00156700  0.00000000
      0.0
  2579.19900000  0.05587300 -0.01853100  0.00705800  0.00142900 -0.00371100  0.00000000
      0.0
  1068.84900000  0.12907900 -0.04514100  0.01735900  0.00352700 -0.01013700  0.00000000
      0.0
   465.10450000  0.25141500 -0.09830600  0.03819600  0.00774300 -0.01944100  0.00000000
      0.0
   210.41300000  0.35334100 -0.17338700  0.06986600  0.01430600 -0.04350900  0.00000000
      0.0
    97.61629000  0.27031500 -0.18683400  0.07856900  0.01600200 -0.03289700  0.00000000
      0.0
    44.38020000  0.06522200  0.06522900 -0.03047700 -0.00599300 -0.01165400  0.00000000
      0.0
    21.42308000 -0.00123300  0.53201600 -0.33644600 -0.07373400  0.27495300  0.00000000
      0.0
    10.30891000  0.00179500  0.48352800 -0.44684400 -0.09999000  0.19252000  0.00000000
      0.0
     4.55364500 -0.00082200  0.08157300  0.19250500  0.05031900 -0.03356800  0.00000000
      0.0
     2.13282100  0.00034800 -0.00169500  0.73039500  0.22658400 -1.37374400  0.00000000
      0.0
     0.92969700 -0.00013100  0.00182900  0.35570300  0.20857500  0.89447200  0.00000000
      0.0
     0.19214700  0.00004400 -0.00033300  0.01169800 -0.34265900  1.65274000  0.00000000
      0.0
     0.08759500 -0.00003400  0.00025900 -0.00513500 -0.55373600 -1.42243700  0.00000000
      0.0
     0.03770200  0.00001100 -0.00008200  0.00131900 -0.25384600 -0.18498900  1.00000000
      0.0
     0.01623000  0.00000000  0.00000000  0.00000000  0.00000000  0.00000000  0.00000000
      1.0
$ P-TYPE FUNCTIONS
   17    6    0
 24411.98000000  0.00014800 -0.00005600  0.00001000  0.00001800  0.00000000  0.00000000
  5778.51800000  0.00062400 -0.00023400  0.00004300  0.00007500  0.00000000  0.00000000
  1876.86200000  0.00273400 -0.00103000  0.00019000  0.00032500  0.00000000  0.00000000
   718.23610000  0.01048400 -0.00397800  0.00073600  0.00128000  0.00000000  0.00000000
   304.83270000  0.03505300 -0.01347200  0.00248400  0.00424300  0.00000000  0.00000000
   139.04530000  0.09733000 -0.03846600  0.00715400  0.01244600  0.00000000  0.00000000
    66.80417000  0.21190300 -0.08702400  0.01613800  0.02746400  0.00000000  0.00000000
    33.20699000  0.33467600 -0.14509600  0.02735100  0.04819100  0.00000000  0.00000000
    16.92816000  0.32707500 -0.14097900  0.02612600  0.04394600  0.00000000  0.00000000
     8.69622900  0.14938300  0.04872900 -0.01204900 -0.01632500  0.00000000  0.00000000
     4.35051000  0.02238700  0.35252400 -0.08031200 -0.15931400  0.00000000  0.00000000
     2.11652300  0.00155600  0.45239000 -0.10629600 -0.17569200  0.00000000  0.00000000
     0.99538700  0.00046400  0.26381900 -0.06556100 -0.07478100  0.00000000  0.00000000
     0.37563900  0.00006300  0.03756800  0.18906600  0.48454000  0.00000000  0.00000000
     0.13388500 -0.00000100 -0.00247300  0.56037300  0.61474300  0.00000000  0.00000000
     0.04602300  0.00000000  0.00100200  0.41138700  0.04292100  1.00000000  0.00000000
     0.01582000  0.00000000  0.00000000  0.00000000  0.00000000  0.00000000  1.00000000
$ D-TYPE FUNCTIONS
    9    4    0
   210.94730000  0.00235300  0.00328900  0.00000000  0.00000000
    62.39151000  0.01838400  0.02582700  0.00000000  0.00000000
    23.26482000  0.07627300  0.10993300  0.00000000  0.00000000
     9.62334200  0.20084100  0.30171700  0.00000000  0.00000000
     4.13941800  0.32899800  0.38734000  0.00000000  0.00000000
     1.74407900  0.36185600 -0.05039100  0.00000000  0.00000000
     0.69532500  0.27360900 -0.53851000  0.00000000  0.00000000
     0.24872400  0.10710700 -0.35019400  1.00000000  0.00000000
     0.08897000  0.00000000  0.00000000  0.00000000  1.00000000
$ F-TYPE FUNCTIONS
    3    2    0
     5.73440000  0.43113200  0.00000000
     1.46150000  0.75464200  0.00000000
     0.05365400  0.00000000  1.00000000  
 
$ END OF BASIS
 
