$aug-cc-pVDZ

$
$  REFERENCE
$
$  POLARIZATION AND/OR DIFFUSE FUNCTIONS
a 1
$ HYDROGEN     (4s,1p) -> [2s,1p]                                
$ HYDROGEN     Diffuse (1s,1p)                                   
$ S-TYPE FUNCTIONS
    5    3    0
     13.0100000  0.01968500  0.00000000  0.00000000
      1.9620000  0.13797700  0.00000000  0.00000000
      0.4446000  0.47814800  0.00000000  0.00000000
      0.1220000  0.50124000  1.00000000  0.00000000
      0.0297400  0.00000000  0.00000000  1.00000000
$ P-TYPE FUNCTIONS
    2    2    0
      0.7270000  1.00000000  0.00000000
      0.1410000  0.00000000  1.00000000
a 2
$ HELIUM       (4s,1p) -> [2s,1p]                                
$ HELIUM       Diffuse (1s,1p)                                   
$ S-TYPE FUNCTIONS
    5    3    0
     38.3600000  0.02380900  0.00000000  0.00000000
      5.7700000  0.15489100  0.00000000  0.00000000
      1.2400000  0.46998700  0.00000000  0.00000000
      0.2976000  0.51302700  1.00000000  0.00000000
      0.0725500  0.00000000  0.00000000  1.00000000
$ P-TYPE FUNCTIONS
    2    2    0
      1.2750000  1.00000000  0.00000000
      0.2473000  0.00000000  1.00000000
a 5
$ BORON        (9s,4p,1d) -> [3s,2p,1d]                          
$ BORON        Diffuse (1s,1p,1d)                                
$ S-TYPE FUNCTIONS
   10    4    0
   4570.0000000  0.00069600 -0.00013900  0.00000000  0.00000000
    685.9000000  0.00535300 -0.00109700  0.00000000  0.00000000
    156.5000000  0.02713400 -0.00544400  0.00000000  0.00000000
     44.4700000  0.10138000 -0.02191600  0.00000000  0.00000000
     14.4800000  0.27205500 -0.05975100  0.00000000  0.00000000
      5.1310000  0.44840300 -0.13873200  0.00000000  0.00000000
      1.8980000  0.29012300 -0.13148200  0.00000000  0.00000000
      0.3329000  0.01432200  0.53952600  0.00000000  0.00000000
      0.1043000 -0.00348600  0.58077400  1.00000000  0.00000000
      0.0310500  0.00000000  0.00000000  0.00000000  1.00000000
$ P-TYPE FUNCTIONS
    5    3    0
      6.0010000  0.03548100  0.00000000  0.00000000
      1.2410000  0.19807200  0.00000000  0.00000000
      0.3364000  0.50523000  0.00000000  0.00000000
      0.0953800  0.47949900  1.00000000  0.00000000
      0.0237800  0.00000000  0.00000000  1.00000000
$ D-TYPE FUNCTIONS
    2    2    0
      0.3430000  1.00000000  0.00000000
      0.0904000  0.00000000  1.00000000
a 6
$ CARBON       (9s,4p,1d) -> [3s,2p,1d]                          
$ CARBON       Diffuse (1s,1p,1d)                                
$ S-TYPE FUNCTIONS
   10    4    0
   6665.0000000  0.00069200 -0.00014600  0.00000000  0.00000000
   1000.0000000  0.00532900 -0.00115400  0.00000000  0.00000000
    228.0000000  0.02707700 -0.00572500  0.00000000  0.00000000
     64.7100000  0.10171800 -0.02331200  0.00000000  0.00000000
     21.0600000  0.27474000 -0.06395500  0.00000000  0.00000000
      7.4950000  0.44856400 -0.14998100  0.00000000  0.00000000
      2.7970000  0.28507400 -0.12726200  0.00000000  0.00000000
      0.5215000  0.01520400  0.54452900  0.00000000  0.00000000
      0.1596000 -0.00319100  0.58049600  1.00000000  0.00000000
      0.0469000  0.00000000  0.00000000  0.00000000  1.00000000
$ P-TYPE FUNCTIONS
    5    3    0
      9.4390000  0.03810900  0.00000000  0.00000000
      2.0020000  0.20948000  0.00000000  0.00000000
      0.5456000  0.50855700  0.00000000  0.00000000
      0.1517000  0.46884200  1.00000000  0.00000000
      0.0404100  0.00000000  0.00000000  1.00000000
$ D-TYPE FUNCTIONS
    2    2    0
      0.5500000  1.00000000  0.00000000
      0.1510000  0.00000000  1.00000000
a 7
$ NITROGEN     (9s,4p,1d) -> [3s,2p,1d]                          
$ NITROGEN     Diffuse (1s,1p,1d)                                
$ S-TYPE FUNCTIONS
   10    4    0
   9046.0000000  0.00070000 -0.00015300  0.00000000  0.00000000
   1357.0000000  0.00538900 -0.00120800  0.00000000  0.00000000
    309.3000000  0.02740600 -0.00599200  0.00000000  0.00000000
     87.7300000  0.10320700 -0.02454400  0.00000000  0.00000000
     28.5600000  0.27872300 -0.06745900  0.00000000  0.00000000
     10.2100000  0.44854000 -0.15807800  0.00000000  0.00000000
      3.8380000  0.27823800 -0.12183100  0.00000000  0.00000000
      0.7466000  0.01544000  0.54900300  0.00000000  0.00000000
      0.2248000 -0.00286400  0.57881500  1.00000000  0.00000000
      0.0612400  0.00000000  0.00000000  0.00000000  1.00000000
$ P-TYPE FUNCTIONS
    5    3    0
     13.5500000  0.03991900  0.00000000  0.00000000
      2.9170000  0.21716900  0.00000000  0.00000000
      0.7973000  0.51031900  0.00000000  0.00000000
      0.2185000  0.46221400  1.00000000  0.00000000
      0.0561100  0.00000000  0.00000000  1.00000000
$ D-TYPE FUNCTIONS
    2    2    0
      0.8170000  1.00000000  0.00000000
      0.2300000  0.00000000  1.00000000
a 8
$ OXYGEN       (9s,4p,1d) -> [3s,2p,1d]                          
$ OXYGEN       Diffuse (1s,1p,1d)                                
$ S-TYPE FUNCTIONS
   10    4    0
  11720.0000000  0.00071000 -0.00016000  0.00000000  0.00000000
   1759.0000000  0.00547000 -0.00126300  0.00000000  0.00000000
    400.8000000  0.02783700 -0.00626700  0.00000000  0.00000000
    113.7000000  0.10480000 -0.02571600  0.00000000  0.00000000
     37.0300000  0.28306200 -0.07092400  0.00000000  0.00000000
     13.2700000  0.44871900 -0.16541100  0.00000000  0.00000000
      5.0250000  0.27095200 -0.11695500  0.00000000  0.00000000
      1.0130000  0.01545800  0.55736800  0.00000000  0.00000000
      0.3023000 -0.00258500  0.57275900  1.00000000  0.00000000
      0.0789600  0.00000000  0.00000000  0.00000000  1.00000000
$ P-TYPE FUNCTIONS
    5    3    0
     17.7000000  0.04301800  0.00000000  0.00000000
      3.8540000  0.22891300  0.00000000  0.00000000
      1.0460000  0.50872800  0.00000000  0.00000000
      0.2753000  0.46053100  1.00000000  0.00000000
      0.0685600  0.00000000  0.00000000  1.00000000
$ D-TYPE FUNCTIONS
    2    2    0
      1.1850000  1.00000000  0.00000000
      0.3320000  0.00000000  1.00000000
a 9
$ FLUORINE     (9s,4p,1d) -> [3s,2p,1d]                          
$ FLUORINE     Diffuse (1s,1p,1d)                                
$ S-TYPE FUNCTIONS
   10    4    0
  14710.0000000  0.00072100 -0.00016500  0.00000000  0.00000000
   2207.0000000  0.00555300 -0.00130800  0.00000000  0.00000000
    502.8000000  0.02826700 -0.00649500  0.00000000  0.00000000
    142.6000000  0.10644400 -0.02669100  0.00000000  0.00000000
     46.4700000  0.28681400 -0.07369000  0.00000000  0.00000000
     16.7000000  0.44864100 -0.17077600  0.00000000  0.00000000
      6.3560000  0.26476100 -0.11232700  0.00000000  0.00000000
      1.3160000  0.01533300  0.56281400  0.00000000  0.00000000
      0.3897000 -0.00233200  0.56877800  1.00000000  0.00000000
      0.0986300  0.00000000  0.00000000  0.00000000  1.00000000
$ P-TYPE FUNCTIONS
    5    3    0
     22.6700000  0.04487800  0.00000000  0.00000000
      4.9770000  0.23571800  0.00000000  0.00000000
      1.3470000  0.50852100  0.00000000  0.00000000
      0.3471000  0.45812000  1.00000000  0.00000000
      0.0850200  0.00000000  0.00000000  1.00000000
$ D-TYPE FUNCTIONS
    2    2    0
      1.6400000  1.00000000  0.00000000
      0.4640000  0.00000000  1.00000000
a 10
$ NEON         (9s,4p,1d) -> [3s,2p,1d]                          
$ NEON         Diffuse (1s,1p,1d)                                
$ S-TYPE FUNCTIONS
   10    4    0
  17880.0000000  0.00073800 -0.00017200  0.00000000  0.00000000
   2683.0000000  0.00567700 -0.00135700  0.00000000  0.00000000
    611.5000000  0.02888300 -0.00673700  0.00000000  0.00000000
    173.5000000  0.10854000 -0.02766300  0.00000000  0.00000000
     56.6400000  0.29090700 -0.07620800  0.00000000  0.00000000
     20.4200000  0.44832400 -0.17522700  0.00000000  0.00000000
      7.8100000  0.25802600 -0.10703800  0.00000000  0.00000000
      1.6530000  0.01506300  0.56705000  0.00000000  0.00000000
      0.4869000 -0.00210000  0.56521600  1.00000000  0.00000000
      0.1230000  0.00000000  0.00000000  0.00000000  1.00000000
$ P-TYPE FUNCTIONS
    5    3    0
     28.3900000  0.04608700  0.00000000  0.00000000
      6.2700000  0.24018100  0.00000000  0.00000000
      1.6950000  0.50874400  0.00000000  0.00000000
      0.4317000  0.45566000  1.00000000  0.00000000
      0.1064000  0.00000000  0.00000000  1.00000000
$ D-TYPE FUNCTIONS
    2    2    0
      2.2020000  1.00000000  0.00000000
      0.6310000  0.00000000  1.00000000
a 13
$ ALUMINUM     (12s,8p,1d) -> [4s,3p,1d]                         
$ ALUMINUM     Diffuse (1s,1p,1d)                                
$ S-TYPE FUNCTIONS
   13    5    0
  64150.0000000  0.00029025 -0.00007580  0.00001751  0.00000000  0.00000000
   9617.0000000  0.00225064 -0.00058179  0.00013421  0.00000000  0.00000000
   2189.0000000  0.01164590 -0.00308113  0.00071244  0.00000000  0.00000000
    620.5000000  0.04673770 -0.01231120  0.00284330  0.00000000  0.00000000
    202.7000000  0.14629900 -0.04197810  0.00976842  0.00000000  0.00000000
     73.1500000  0.33028300 -0.10337100  0.02418500  0.00000000  0.00000000
     28.5500000  0.41586100 -0.19630800  0.04749930  0.00000000  0.00000000
     11.7700000  0.18925300 -0.08300020  0.02036210  0.00000000  0.00000000
      3.3000000  0.01158890  0.54104000 -0.15878800  0.00000000  0.00000000
      1.1730000 -0.00128385  0.57879600 -0.31169400  0.00000000  0.00000000
      0.1752000  0.00042588  0.02881470  0.62014700  0.00000000  0.00000000
      0.0647300 -0.00019928 -0.00953795  0.52094300  1.00000000  0.00000000
      0.0231000  0.00000000  0.00000000  0.00000000  0.00000000  1.00000000
$ P-TYPE FUNCTIONS
    9    4    0
    258.8000000  0.00406847 -0.00074805  0.00000000  0.00000000
     60.8900000  0.03068150 -0.00545796  0.00000000  0.00000000
     19.1400000  0.12914900 -0.02453710  0.00000000  0.00000000
      6.8810000  0.32083100 -0.05821380  0.00000000  0.00000000
      2.5740000  0.45381500 -0.09837560  0.00000000  0.00000000
      0.9572000  0.27506600 -0.02600640  0.00000000  0.00000000
      0.2099000  0.01908070  0.46402000  0.00000000  0.00000000
      0.0598600 -0.00312848  0.64887000  1.00000000  0.00000000
      0.0153000  0.00000000  0.00000000  0.00000000  1.00000000
$ D-TYPE FUNCTIONS
    2    2    0
      0.1890000  1.00000000  0.00000000
      0.0535000  0.00000000  1.00000000
a 14
$ SILICON      (12s,8p,1d) -> [4s,3p,1d]                         
$ SILICON      Diffuse (1s,1p,1d)                                
$ S-TYPE FUNCTIONS
   13    5    0
  78860.0000000  0.00027044 -0.00007232  0.00001851  0.00000000  0.00000000
  11820.0000000  0.00209717 -0.00055512  0.00014224  0.00000000  0.00000000
   2692.0000000  0.01085060 -0.00293805  0.00075219  0.00000000  0.00000000
    763.4000000  0.04367540 -0.01176870  0.00302279  0.00000000  0.00000000
    249.6000000  0.13765300 -0.04029070  0.01036770  0.00000000  0.00000000
     90.2800000  0.31664400 -0.10060900  0.02625630  0.00000000  0.00000000
     35.2900000  0.41858100 -0.19652800  0.05239890  0.00000000  0.00000000
     14.5100000  0.21021200 -0.10238200  0.02909590  0.00000000  0.00000000
      4.0530000  0.01449520  0.52719000 -0.17800300  0.00000000  0.00000000
      1.4820000 -0.00203590  0.59325100 -0.34687400  0.00000000  0.00000000
      0.2517000  0.00062419  0.03326520  0.62302000  0.00000000  0.00000000
      0.0924300 -0.00028287 -0.00973662  0.53771200  1.00000000  0.00000000
      0.0332000  0.00000000  0.00000000  0.00000000  0.00000000  1.00000000
$ P-TYPE FUNCTIONS
    9    4    0
    315.9000000  0.00392656 -0.00085830  0.00000000  0.00000000
     74.4200000  0.02988110 -0.00630328  0.00000000  0.00000000
     23.4800000  0.12721200 -0.02882550  0.00000000  0.00000000
      8.4880000  0.32094300 -0.06945600  0.00000000  0.00000000
      3.2170000  0.45542900 -0.11949300  0.00000000  0.00000000
      1.2290000  0.26856300 -0.01995810  0.00000000  0.00000000
      0.2964000  0.01883360  0.51026800  0.00000000  0.00000000
      0.0876800 -0.00262431  0.60038200  1.00000000  0.00000000
      0.0250000  0.00000000  0.00000000  0.00000000  1.00000000
$ D-TYPE FUNCTIONS
    2    2    0
      0.2750000  1.00000000  0.00000000
      0.0823000  0.00000000  1.00000000
a 15
$ PHOSPHORUS   (12s,8p,1d) -> [4s,3p,1d]                         
$ PHOSPHORUS   Diffuse (1s,1p,1d)                                
$ S-TYPE FUNCTIONS
   13    5    0
  94840.0000000  0.00025551 -0.00006969  0.00001912  0.00000000  0.00000000
  14220.0000000  0.00198193 -0.00053527  0.00014722  0.00000000  0.00000000
   3236.0000000  0.01027600 -0.00283709  0.00077791  0.00000000  0.00000000
    917.1000000  0.04148230 -0.01139830  0.00314546  0.00000000  0.00000000
    299.5000000  0.13198400 -0.03929290  0.01082000  0.00000000  0.00000000
    108.1000000  0.30866200 -0.09963640  0.02799570  0.00000000  0.00000000
     42.1800000  0.42064700 -0.19798300  0.05639780  0.00000000  0.00000000
     17.2800000  0.22287800 -0.11486000  0.03581900  0.00000000  0.00000000
      4.8580000  0.01640350  0.51859500 -0.19338700  0.00000000  0.00000000
      1.8180000 -0.00254255  0.60184700 -0.37209700  0.00000000  0.00000000
      0.3372000  0.00074805  0.03686120  0.62424600  0.00000000  0.00000000
      0.1232000 -0.00033096 -0.00970759  0.55172100  1.00000000  0.00000000
      0.0417000  0.00000000  0.00000000  0.00000000  0.00000000  1.00000000
$ P-TYPE FUNCTIONS
    9    4    0
    370.5000000  0.00395005 -0.00095983  0.00000000  0.00000000
     87.3300000  0.03024920 -0.00711177  0.00000000  0.00000000
     27.5900000  0.12955400 -0.03271220  0.00000000  0.00000000
     10.0000000  0.32759400 -0.07957840  0.00000000  0.00000000
      3.8250000  0.45699200 -0.13501600  0.00000000  0.00000000
      1.4940000  0.25308600 -0.00910585  0.00000000  0.00000000
      0.3921000  0.01687980  0.53780200  0.00000000  0.00000000
      0.1186000 -0.00207093  0.56906600  1.00000000  0.00000000
      0.0343000  0.00000000  0.00000000  0.00000000  1.00000000
$ D-TYPE FUNCTIONS
    2    2    0
      0.3730000  1.00000000  0.00000000
      0.1130000  0.00000000  1.00000000
a 16
$ SULFUR       (12s,8p,1d) -> [4s,3p,1d]                         
$ SULFUR       Diffuse (1s,1p,1d)                                
$ S-TYPE FUNCTIONS
   13    5    0
 110800.0000000  0.00024764 -0.00006870  0.00001991  0.00000000  0.00000000
  16610.0000000  0.00192026 -0.00052768  0.00015348  0.00000000  0.00000000
   3781.0000000  0.00996192 -0.00279671  0.00080950  0.00000000  0.00000000
   1071.0000000  0.04029750 -0.01126510  0.00328974  0.00000000  0.00000000
    349.8000000  0.12860400 -0.03888340  0.01129670  0.00000000  0.00000000
    126.3000000  0.30348000 -0.09950250  0.02963850  0.00000000  0.00000000
     49.2600000  0.42143200 -0.19974000  0.05998510  0.00000000  0.00000000
     20.1600000  0.23078100 -0.12336000  0.04132480  0.00000000  0.00000000
      5.7200000  0.01789710  0.51319400 -0.20747400  0.00000000  0.00000000
      2.1820000 -0.00297516  0.60712000 -0.39288900  0.00000000  0.00000000
      0.4327000  0.00084952  0.03967530  0.63284000  0.00000000  0.00000000
      0.1570000 -0.00036794 -0.00946864  0.55692400  1.00000000  0.00000000
      0.0507000  0.00000000  0.00000000  0.00000000  0.00000000  1.00000000
$ P-TYPE FUNCTIONS
    9    4    0
    399.7000000  0.00447541 -0.00116251  0.00000000  0.00000000
     94.1900000  0.03417080 -0.00865664  0.00000000  0.00000000
     29.7500000  0.14425000 -0.03908860  0.00000000  0.00000000
     10.7700000  0.35392800 -0.09346250  0.00000000  0.00000000
      4.1190000  0.45908500 -0.14799400  0.00000000  0.00000000
      1.6250000  0.20638300  0.03019040  0.00000000  0.00000000
      0.4726000  0.01021410  0.56157300  0.00000000  0.00000000
      0.1407000 -0.00006031  0.53477600  1.00000000  0.00000000
      0.0399000  0.00000000  0.00000000  0.00000000  1.00000000
$ D-TYPE FUNCTIONS
    2    2    0
      0.4790000  1.00000000  0.00000000
      0.1520000  0.00000000  1.00000000
a 17
$ CHLORINE     (12s,8p,1d) -> [4s,3p,1d]                         
$ CHLORINE     Diffuse (1s,1p,1d)                                
$ S-TYPE FUNCTIONS
   13    5    0
 127900.0000000  0.00024115 -0.00006789  0.00002050  0.00000000  0.00000000
  19170.0000000  0.00187095 -0.00052184  0.00015830  0.00000000  0.00000000
   4363.0000000  0.00970827 -0.00276513  0.00083364  0.00000000  0.00000000
   1236.0000000  0.03931530 -0.01115370  0.00339880  0.00000000  0.00000000
    403.6000000  0.12593200 -0.03859190  0.01167380  0.00000000  0.00000000
    145.7000000  0.29934100 -0.09948480  0.03096220  0.00000000  0.00000000
     56.8100000  0.42188600 -0.20139200  0.06295330  0.00000000  0.00000000
     23.2300000  0.23720100 -0.13031300  0.04602570  0.00000000  0.00000000
      6.6440000  0.01915310  0.50944300 -0.21931200  0.00000000  0.00000000
      2.5750000 -0.00334792  0.61072500 -0.40877300  0.00000000  0.00000000
      0.5371000  0.00092988  0.04215490  0.63846500  0.00000000  0.00000000
      0.1938000 -0.00039638 -0.00923427  0.56236200  1.00000000  0.00000000
      0.0608000  0.00000000  0.00000000  0.00000000  0.00000000  1.00000000
$ P-TYPE FUNCTIONS
    9    4    0
    417.6000000  0.00525982 -0.00143570  0.00000000  0.00000000
     98.3300000  0.03983320 -0.01077960  0.00000000  0.00000000
     31.0400000  0.16465500 -0.04700750  0.00000000  0.00000000
     11.1900000  0.38732200 -0.11103000  0.00000000  0.00000000
      4.2490000  0.45707200 -0.15327500  0.00000000  0.00000000
      1.6240000  0.15163600  0.08946090  0.00000000  0.00000000
      0.5322000  0.00181615  0.57944400  0.00000000  0.00000000
      0.1620000  0.00188296  0.48327200  1.00000000  0.00000000
      0.0466000  0.00000000  0.00000000  0.00000000  1.00000000
$ D-TYPE FUNCTIONS
    2    2    0
      0.6000000  1.00000000  0.00000000
      0.1960000  0.00000000  1.00000000
a 18
$ ARGON        (12s,8p,1d) -> [4s,3p,1d]                         
$ ARGON        Diffuse (1s,1p,1d)                                
$ S-TYPE FUNCTIONS
   13    5    0
 145700.0000000  0.00023670 -0.00006749  0.00002105  0.00000000  0.00000000
  21840.0000000  0.00183523 -0.00051852  0.00016257  0.00000000  0.00000000
   4972.0000000  0.00952860 -0.00274825  0.00085546  0.00000000  0.00000000
   1408.0000000  0.03862830 -0.01110070  0.00349745  0.00000000  0.00000000
    459.7000000  0.12408100 -0.03848200  0.01201560  0.00000000  0.00000000
    165.9000000  0.29647100 -0.09975990  0.03213680  0.00000000  0.00000000
     64.6900000  0.42206800 -0.20308800  0.06552790  0.00000000  0.00000000
     26.4400000  0.24171100 -0.13560800  0.04993700  0.00000000  0.00000000
      7.6280000  0.02005090  0.50719500 -0.22976900  0.00000000  0.00000000
      2.9960000 -0.00361000  0.61289800 -0.42100600  0.00000000  0.00000000
      0.6504000  0.00097561  0.04429680  0.64233100  0.00000000  0.00000000
      0.2337000 -0.00041132 -0.00899278  0.56754000  1.00000000  0.00000000
      0.0709000  0.00000000  0.00000000  0.00000000  0.00000000  1.00000000
$ P-TYPE FUNCTIONS
    9    4    0
    453.7000000  0.00570555 -0.00160655  0.00000000  0.00000000
    106.8000000  0.04304600 -0.01217140  0.00000000  0.00000000
     33.7300000  0.17659100 -0.05207890  0.00000000  0.00000000
     12.1300000  0.40686300 -0.12373700  0.00000000  0.00000000
      4.5940000  0.45254900 -0.15161900  0.00000000  0.00000000
      1.6780000  0.12280100  0.14242500  0.00000000  0.00000000
      0.5909000 -0.00445996  0.58450100  0.00000000  0.00000000
      0.1852000  0.00205225  0.43754000  1.00000000  0.00000000
      0.0533000  0.00000000  0.00000000  0.00000000  1.00000000
$ D-TYPE FUNCTIONS
    2    2    0
      0.7380000  1.00000000  0.00000000
      0.2400000  0.00000000  1.00000000


$Elements supported

$H He B C N O F Ne Al Si P S Cl Ar 

