$aug-cc-pCVTZ

$
$  REFERENCE
$
$  POLARIZATION AND/OR DIFFUSE FUNCTIONS
$ Elements                             References --------                     
$         ----------  H     : T.H. Dunning, Jr. J. Chem. Phys. 90, 1007 (1989).
$  Li - Ne: T.H. Dunning, Jr. J. Chem. Phys. 90, 1007 (1989) and D. E. Woon and
$           T.H. Dunning, Jr. J. Chem. Phys. 103, 4572 (1995).                 
$
$  POLARIZATION AND/OR DIFFUSE FUNCTIONS
a 1
$ HYDROGEN     (5s,2p,1d) -> [3s,2p,1d]                          
$ HYDROGEN     Diffuse (1s,1p,1d)                                
$ S-TYPE FUNCTIONS
    6    4    0
     33.8700000  0.00606800  0.00000000  0.00000000  0.00000000
      5.0950000  0.04530800  0.00000000  0.00000000  0.00000000
      1.1590000  0.20282200  0.00000000  0.00000000  0.00000000
      0.3258000  0.50390300  1.00000000  0.00000000  0.00000000
      0.1027000  0.38342100  0.00000000  1.00000000  0.00000000
      0.0252600  0.00000000  0.00000000  0.00000000  1.00000000
$ P-TYPE FUNCTIONS
    3    3    0
      1.4070000  1.00000000  0.00000000  0.00000000
      0.3880000  0.00000000  1.00000000  0.00000000
      0.1020000  0.00000000  0.00000000  1.00000000
$ D-TYPE FUNCTIONS
    2    2    0
      1.0570000  1.00000000  0.00000000
      0.2470000  0.00000000  1.00000000
a 2
$ HELIUM       (6s,2p,1d) -> [3s,2p,1d]                          
$ HELIUM       Diffuse (1s,1p,1d)                                
$ S-TYPE FUNCTIONS
    7    4    0
    234.0000000  0.00258700  0.00000000  0.00000000  0.00000000
     35.1600000  0.01953300  0.00000000  0.00000000  0.00000000
      7.9890000  0.09099800  0.00000000  0.00000000  0.00000000
      2.2120000  0.27205000  0.00000000  0.00000000  0.00000000
      0.6669000  0.47806500  1.00000000  0.00000000  0.00000000
      0.2089000  0.30773700  0.00000000  1.00000000  0.00000000
      0.0513800  0.00000000  0.00000000  0.00000000  1.00000000
$ P-TYPE FUNCTIONS
    3    3    0
      3.0440000  1.00000000  0.00000000  0.00000000
      0.7580000  0.00000000  1.00000000  0.00000000
      0.1993000  0.00000000  0.00000000  1.00000000
$ D-TYPE FUNCTIONS
    2    2    0
      1.9650000  1.00000000  0.00000000
      0.4592000  0.00000000  1.00000000
a 5
$ BORON        (10s,5p,2d,1f) -> [4s,3p,2d,1f]                   
$ BORON        Tight (s,p,d)                                     
$ BORON        Diffuse (1s,1p,1d,1f)                             
$ S-TYPE FUNCTIONS
   13    7    0
   5473.0000000  0.00055500 -0.00011200  0.00000000  0.00000000  0.00000000  0.00000000
      0.0000000
    820.9000000  0.00429100 -0.00086800  0.00000000  0.00000000  0.00000000  0.00000000
      0.0000000
    186.8000000  0.02194900 -0.00448400  0.00000000  0.00000000  0.00000000  0.00000000
      0.0000000
     52.8300000  0.08444100 -0.01768300  0.00000000  0.00000000  0.00000000  0.00000000
      0.0000000
     17.0800000  0.23855700 -0.05363900  0.00000000  0.00000000  0.00000000  0.00000000
      0.0000000
      5.9990000  0.43507200 -0.11900500  0.00000000  0.00000000  0.00000000  0.00000000
      0.0000000
      2.2080000  0.34195500 -0.16582400  0.00000000  0.00000000  0.00000000  0.00000000
      0.0000000
      0.5879000  0.03685600  0.12010700  1.00000000  0.00000000  0.00000000  0.00000000
      0.0000000
      0.2415000 -0.00954500  0.59598100  0.00000000  0.00000000  0.00000000  0.00000000
      0.0000000
      0.0861000  0.00236800  0.41102100  0.00000000  1.00000000  0.00000000  0.00000000
      0.0000000
      2.9400000  0.00000000  0.00000000  0.00000000  0.00000000  1.00000000  0.00000000
      0.0000000
      8.3110000  0.00000000  0.00000000  0.00000000  0.00000000  0.00000000  1.00000000
      0.0000000
      0.0291400  0.00000000  0.00000000  0.00000000  0.00000000  0.00000000  0.00000000
      1.0000000
$ P-TYPE FUNCTIONS
    8    6    0
     12.0500000  0.01311800  0.00000000  0.00000000  0.00000000  0.00000000  0.00000000
      2.6130000  0.07989600  0.00000000  0.00000000  0.00000000  0.00000000  0.00000000
      0.7475000  0.27727500  0.00000000  0.00000000  0.00000000  0.00000000  0.00000000
      0.2385000  0.50427000  1.00000000  0.00000000  0.00000000  0.00000000  0.00000000
      0.0769800  0.35368000  0.00000000  1.00000000  0.00000000  0.00000000  0.00000000
      6.0160000  0.00000000  0.00000000  0.00000000  1.00000000  0.00000000  0.00000000
     22.8910000  0.00000000  0.00000000  0.00000000  0.00000000  1.00000000  0.00000000
      0.0209600  0.00000000  0.00000000  0.00000000  0.00000000  0.00000000  1.00000000
$ D-TYPE FUNCTIONS
    4    4    0
      0.6610000  1.00000000  0.00000000  0.00000000  0.00000000
      0.1990000  0.00000000  1.00000000  0.00000000  0.00000000
     13.0150000  0.00000000  0.00000000  1.00000000  0.00000000
      0.0604000  0.00000000  0.00000000  0.00000000  1.00000000
$ F-TYPE FUNCTIONS
    2    2    0
      0.4900000  1.00000000  0.00000000
      0.1630000  0.00000000  1.00000000
a 6
$ CARBON       (10s,5p,2d,1f) -> [4s,3p,2d,1f]                   
$ CARBON       Tight (s,p,d)                                     
$ CARBON       Diffuse (1s,1p,1d,1f)                             
$ S-TYPE FUNCTIONS
   13    7    0
   8236.0000000  0.00053100 -0.00011300  0.00000000  0.00000000  0.00000000  0.00000000
      0.0000000
   1235.0000000  0.00410800 -0.00087800  0.00000000  0.00000000  0.00000000  0.00000000
      0.0000000
    280.8000000  0.02108700 -0.00454000  0.00000000  0.00000000  0.00000000  0.00000000
      0.0000000
     79.2700000  0.08185300 -0.01813300  0.00000000  0.00000000  0.00000000  0.00000000
      0.0000000
     25.5900000  0.23481700 -0.05576000  0.00000000  0.00000000  0.00000000  0.00000000
      0.0000000
      8.9970000  0.43440100 -0.12689500  0.00000000  0.00000000  0.00000000  0.00000000
      0.0000000
      3.3190000  0.34612900 -0.17035200  0.00000000  0.00000000  0.00000000  0.00000000
      0.0000000
      0.9059000  0.03937800  0.14038200  1.00000000  0.00000000  0.00000000  0.00000000
      0.0000000
      0.3643000 -0.00898300  0.59868400  0.00000000  0.00000000  0.00000000  0.00000000
      0.0000000
      0.1285000  0.00238500  0.39538900  0.00000000  1.00000000  0.00000000  0.00000000
      0.0000000
      4.2920000  0.00000000  0.00000000  0.00000000  0.00000000  1.00000000  0.00000000
      0.0000000
     11.8760000  0.00000000  0.00000000  0.00000000  0.00000000  0.00000000  1.00000000
      0.0000000
      0.0440200  0.00000000  0.00000000  0.00000000  0.00000000  0.00000000  0.00000000
      1.0000000
$ P-TYPE FUNCTIONS
    8    6    0
     18.7100000  0.01403100  0.00000000  0.00000000  0.00000000  0.00000000  0.00000000
      4.1330000  0.08686600  0.00000000  0.00000000  0.00000000  0.00000000  0.00000000
      1.2000000  0.29021600  0.00000000  0.00000000  0.00000000  0.00000000  0.00000000
      0.3827000  0.50100800  1.00000000  0.00000000  0.00000000  0.00000000  0.00000000
      0.1209000  0.34340600  0.00000000  1.00000000  0.00000000  0.00000000  0.00000000
      8.7780000  0.00000000  0.00000000  0.00000000  1.00000000  0.00000000  0.00000000
     33.1900000  0.00000000  0.00000000  0.00000000  0.00000000  1.00000000  0.00000000
      0.0356900  0.00000000  0.00000000  0.00000000  0.00000000  0.00000000  1.00000000
$ D-TYPE FUNCTIONS
    4    4    0
      1.0970000  1.00000000  0.00000000  0.00000000  0.00000000
      0.3180000  0.00000000  1.00000000  0.00000000  0.00000000
     14.8390000  0.00000000  0.00000000  1.00000000  0.00000000
      0.1000000  0.00000000  0.00000000  0.00000000  1.00000000
$ F-TYPE FUNCTIONS
    2    2    0
      0.7610000  1.00000000  0.00000000
      0.2680000  0.00000000  1.00000000
a 7
$ NITROGEN     (10s,5p,2d,1f) -> [4s,3p,2d,1f]                   
$ NITROGEN     Tight (s,p,d)                                     
$ NITROGEN     Diffuse (1s,1p,1d,1f)                             
$ S-TYPE FUNCTIONS
   13    7    0
  11420.0000000  0.00052300 -0.00011500  0.00000000  0.00000000  0.00000000  0.00000000
      0.0000000
   1712.0000000  0.00404500 -0.00089500  0.00000000  0.00000000  0.00000000  0.00000000
      0.0000000
    389.3000000  0.02077500 -0.00462400  0.00000000  0.00000000  0.00000000  0.00000000
      0.0000000
    110.0000000  0.08072700 -0.01852800  0.00000000  0.00000000  0.00000000  0.00000000
      0.0000000
     35.5700000  0.23307400 -0.05733900  0.00000000  0.00000000  0.00000000  0.00000000
      0.0000000
     12.5400000  0.43350100 -0.13207600  0.00000000  0.00000000  0.00000000  0.00000000
      0.0000000
      4.6440000  0.34747200 -0.17251000  0.00000000  0.00000000  0.00000000  0.00000000
      0.0000000
      1.2930000  0.04126200  0.15181400  1.00000000  0.00000000  0.00000000  0.00000000
      0.0000000
      0.5118000 -0.00850800  0.59994400  0.00000000  0.00000000  0.00000000  0.00000000
      0.0000000
      0.1787000  0.00238400  0.38746200  0.00000000  1.00000000  0.00000000  0.00000000
      0.0000000
      5.9520000  0.00000000  0.00000000  0.00000000  0.00000000  1.00000000  0.00000000
      0.0000000
     16.2010000  0.00000000  0.00000000  0.00000000  0.00000000  0.00000000  1.00000000
      0.0000000
      0.0576000  0.00000000  0.00000000  0.00000000  0.00000000  0.00000000  0.00000000
      1.0000000
$ P-TYPE FUNCTIONS
    8    6    0
     26.6300000  0.01467000  0.00000000  0.00000000  0.00000000  0.00000000  0.00000000
      5.9480000  0.09176400  0.00000000  0.00000000  0.00000000  0.00000000  0.00000000
      1.7420000  0.29868300  0.00000000  0.00000000  0.00000000  0.00000000  0.00000000
      0.5550000  0.49848700  1.00000000  0.00000000  0.00000000  0.00000000  0.00000000
      0.1725000  0.33702300  0.00000000  1.00000000  0.00000000  0.00000000  0.00000000
     11.8710000  0.00000000  0.00000000  0.00000000  1.00000000  0.00000000  0.00000000
     44.8490000  0.00000000  0.00000000  0.00000000  0.00000000  1.00000000  0.00000000
      0.0491000  0.00000000  0.00000000  0.00000000  0.00000000  0.00000000  1.00000000
$ D-TYPE FUNCTIONS
    4    4    0
      1.6540000  1.00000000  0.00000000  0.00000000  0.00000000
      0.4690000  0.00000000  1.00000000  0.00000000  0.00000000
     14.2000000  0.00000000  0.00000000  1.00000000  0.00000000
      0.1510000  0.00000000  0.00000000  0.00000000  1.00000000
$ F-TYPE FUNCTIONS
    2    2    0
      1.0930000  1.00000000  0.00000000
      0.3640000  0.00000000  1.00000000
a 8
$ OXYGEN       (10s,5p,2d,1f) -> [4s,3p,2d,1f]                   
$ OXYGEN       Tight (s,p,d)                                     
$ OXYGEN       Diffuse (1s,1p,1d,1f)                             
$ S-TYPE FUNCTIONS
   13    7    0
  15330.0000000  0.00050800 -0.00011500  0.00000000  0.00000000  0.00000000  0.00000000
      0.0000000
   2299.0000000  0.00392900 -0.00089500  0.00000000  0.00000000  0.00000000  0.00000000
      0.0000000
    522.4000000  0.02024300 -0.00463600  0.00000000  0.00000000  0.00000000  0.00000000
      0.0000000
    147.3000000  0.07918100 -0.01872400  0.00000000  0.00000000  0.00000000  0.00000000
      0.0000000
     47.5500000  0.23068700 -0.05846300  0.00000000  0.00000000  0.00000000  0.00000000
      0.0000000
     16.7600000  0.43311800 -0.13646300  0.00000000  0.00000000  0.00000000  0.00000000
      0.0000000
      6.2070000  0.35026000 -0.17574000  0.00000000  0.00000000  0.00000000  0.00000000
      0.0000000
      1.7520000  0.04272800  0.16093400  1.00000000  0.00000000  0.00000000  0.00000000
      0.0000000
      0.6882000 -0.00815400  0.60341800  0.00000000  0.00000000  0.00000000  0.00000000
      0.0000000
      0.2384000  0.00238100  0.37876500  0.00000000  1.00000000  0.00000000  0.00000000
      0.0000000
      7.8450000  0.00000000  0.00000000  0.00000000  0.00000000  1.00000000  0.00000000
      0.0000000
     21.0320000  0.00000000  0.00000000  0.00000000  0.00000000  0.00000000  1.00000000
      0.0000000
      0.0737600  0.00000000  0.00000000  0.00000000  0.00000000  0.00000000  0.00000000
      1.0000000
$ P-TYPE FUNCTIONS
    8    6    0
     34.4600000  0.01592800  0.00000000  0.00000000  0.00000000  0.00000000  0.00000000
      7.7490000  0.09974000  0.00000000  0.00000000  0.00000000  0.00000000  0.00000000
      2.2800000  0.31049200  0.00000000  0.00000000  0.00000000  0.00000000  0.00000000
      0.7156000  0.49102600  1.00000000  0.00000000  0.00000000  0.00000000  0.00000000
      0.2140000  0.33633700  0.00000000  1.00000000  0.00000000  0.00000000  0.00000000
     15.1590000  0.00000000  0.00000000  0.00000000  1.00000000  0.00000000  0.00000000
     57.4370000  0.00000000  0.00000000  0.00000000  0.00000000  1.00000000  0.00000000
      0.0597400  0.00000000  0.00000000  0.00000000  0.00000000  0.00000000  1.00000000
$ D-TYPE FUNCTIONS
    4    4    0
      2.3140000  1.00000000  0.00000000  0.00000000  0.00000000
      0.6450000  0.00000000  1.00000000  0.00000000  0.00000000
     15.8580000  0.00000000  0.00000000  1.00000000  0.00000000
      0.2140000  0.00000000  0.00000000  0.00000000  1.00000000
$ F-TYPE FUNCTIONS
    2    2    0
      1.4280000  1.00000000  0.00000000
      0.5000000  0.00000000  1.00000000
a 9
$ FLUORINE     (10s,5p,2d,1f) -> [4s,3p,2d,1f]                   
$ FLUORINE     Tight (s,p,d)                                     
$ FLUORINE     Diffuse (1s,1p,1d,1f)                             
$ S-TYPE FUNCTIONS
   13    7    0
  19500.0000000  0.00050700 -0.00011700  0.00000000  0.00000000  0.00000000  0.00000000
      0.0000000
   2923.0000000  0.00392300 -0.00091200  0.00000000  0.00000000  0.00000000  0.00000000
      0.0000000
    664.5000000  0.02020000 -0.00471700  0.00000000  0.00000000  0.00000000  0.00000000
      0.0000000
    187.5000000  0.07901000 -0.01908600  0.00000000  0.00000000  0.00000000  0.00000000
      0.0000000
     60.6200000  0.23043900 -0.05965500  0.00000000  0.00000000  0.00000000  0.00000000
      0.0000000
     21.4200000  0.43287200 -0.14001000  0.00000000  0.00000000  0.00000000  0.00000000
      0.0000000
      7.9500000  0.34996400 -0.17678200  0.00000000  0.00000000  0.00000000  0.00000000
      0.0000000
      2.2570000  0.04323300  0.17162500  1.00000000  0.00000000  0.00000000  0.00000000
      0.0000000
      0.8815000 -0.00789200  0.60504300  0.00000000  0.00000000  0.00000000  0.00000000
      0.0000000
      0.3041000  0.00238400  0.36951200  0.00000000  1.00000000  0.00000000  0.00000000
      0.0000000
      9.8120000  0.00000000  0.00000000  0.00000000  0.00000000  1.00000000  0.00000000
      0.0000000
     25.9430000  0.00000000  0.00000000  0.00000000  0.00000000  0.00000000  1.00000000
      0.0000000
      0.0915800  0.00000000  0.00000000  0.00000000  0.00000000  0.00000000  0.00000000
      1.0000000
$ P-TYPE FUNCTIONS
    8    6    0
     43.8800000  0.01666500  0.00000000  0.00000000  0.00000000  0.00000000  0.00000000
      9.9260000  0.10447200  0.00000000  0.00000000  0.00000000  0.00000000  0.00000000
      2.9300000  0.31726000  0.00000000  0.00000000  0.00000000  0.00000000  0.00000000
      0.9132000  0.48734300  1.00000000  0.00000000  0.00000000  0.00000000  0.00000000
      0.2672000  0.33460400  0.00000000  1.00000000  0.00000000  0.00000000  0.00000000
     18.7560000  0.00000000  0.00000000  0.00000000  1.00000000  0.00000000  0.00000000
     71.3480000  0.00000000  0.00000000  0.00000000  0.00000000  1.00000000  0.00000000
      0.0736100  0.00000000  0.00000000  0.00000000  0.00000000  0.00000000  1.00000000
$ D-TYPE FUNCTIONS
    4    4    0
      3.1070000  1.00000000  0.00000000  0.00000000  0.00000000
      0.8550000  0.00000000  1.00000000  0.00000000  0.00000000
     19.1080000  0.00000000  0.00000000  1.00000000  0.00000000
      0.2920000  0.00000000  0.00000000  0.00000000  1.00000000
$ F-TYPE FUNCTIONS
    2    2    0
      1.9170000  1.00000000  0.00000000
      0.7240000  0.00000000  1.00000000
a 10
$ NEON         (10s,5p,2d,1f) -> [4s,3p,2d,1f]                   
$ NEON         Tight (s,p,d)                                     
$ NEON         Diffuse (1s,1p,1d,1f)                             
$ S-TYPE FUNCTIONS
   13    7    0
  24350.0000000  0.00050200 -0.00011800  0.00000000  0.00000000  0.00000000  0.00000000
      0.0000000
   3650.0000000  0.00388100 -0.00091500  0.00000000  0.00000000  0.00000000  0.00000000
      0.0000000
    829.6000000  0.01999700 -0.00473700  0.00000000  0.00000000  0.00000000  0.00000000
      0.0000000
    234.0000000  0.07841800 -0.01923300  0.00000000  0.00000000  0.00000000  0.00000000
      0.0000000
     75.6100000  0.22967600 -0.06036900  0.00000000  0.00000000  0.00000000  0.00000000
      0.0000000
     26.7300000  0.43272200 -0.14250800  0.00000000  0.00000000  0.00000000  0.00000000
      0.0000000
      9.9270000  0.35064200 -0.17771000  0.00000000  0.00000000  0.00000000  0.00000000
      0.0000000
      2.8360000  0.04391100  0.17735200  1.00000000  0.00000000  0.00000000  0.00000000
      0.0000000
      1.1020000 -0.00764500  0.60583600  0.00000000  0.00000000  0.00000000  0.00000000
      0.0000000
      0.3782000  0.00237500  0.36510900  0.00000000  1.00000000  0.00000000  0.00000000
      0.0000000
     12.0830000  0.00000000  0.00000000  0.00000000  0.00000000  1.00000000  0.00000000
      0.0000000
     31.9470000  0.00000000  0.00000000  0.00000000  0.00000000  0.00000000  1.00000000
      0.0000000
      0.1133000  0.00000000  0.00000000  0.00000000  0.00000000  0.00000000  0.00000000
      1.0000000
$ P-TYPE FUNCTIONS
    8    6    0
     54.7000000  0.01715100  0.00000000  0.00000000  0.00000000  0.00000000  0.00000000
     12.4300000  0.10765600  0.00000000  0.00000000  0.00000000  0.00000000  0.00000000
      3.6790000  0.32168100  0.00000000  0.00000000  0.00000000  0.00000000  0.00000000
      1.1430000  0.48523200  1.00000000  0.00000000  0.00000000  0.00000000  0.00000000
      0.3300000  0.33258400  0.00000000  1.00000000  0.00000000  0.00000000  0.00000000
     22.8270000  0.00000000  0.00000000  0.00000000  1.00000000  0.00000000  0.00000000
     87.0170000  0.00000000  0.00000000  0.00000000  0.00000000  1.00000000  0.00000000
      0.0917500  0.00000000  0.00000000  0.00000000  0.00000000  0.00000000  1.00000000
$ D-TYPE FUNCTIONS
    4    4    0
      4.0140000  1.00000000  0.00000000  0.00000000  0.00000000
      1.0960000  0.00000000  1.00000000  0.00000000  0.00000000
     23.1680000  0.00000000  0.00000000  1.00000000  0.00000000
      0.3860000  0.00000000  0.00000000  0.00000000  1.00000000
$ F-TYPE FUNCTIONS
    2    2    0
      2.5440000  1.00000000  0.00000000
      1.0840000  0.00000000  1.00000000


$Elements supported

$H He B C N O F Ne 
