$ aug-cc-pVQZ-DK
$
$ Elements supported                                                            
$ Sc Ti V Cr Mn Fe Co Ni Cu Zn                                                  
$                                                                               
$ REFERENCE                                                                     
$ N.B. Balabanov and K.A. Peterson, J. Chem. Phys. 123, 064107 (2005)           
$                                                                               
$****************************************************                 
a 21
$ SCANDIUM  
$      ( 22s 18p 11d 3f 2g 1h ) -> [ 8s 7p 5d 3f 2g 1h ]      
$ aug  ( 1s 1p 1d 1f 1g 1h )    -> [ 1s 1p 1d 1f 1g 1h ]
$ S-TYPE FUNCTIONS  
   23    9    0
  8417909.00000  0.00004500 -0.00002600  0.00000500 -0.00000100 -0.00000200 -0.00000300
    -0.00000400  0.00000000  0.00000000
  1260312.00000  0.00013000 -0.00007500  0.00001500 -0.00000400 -0.00000600 -0.00001000
    -0.00001000  0.00000000  0.00000000
   286798.40000  0.00035200 -0.00020200  0.00004000 -0.00001000 -0.00001700 -0.00002600
    -0.00002800  0.00000000  0.00000000
 81234.69000000  0.00088200 -0.00050700  0.00010000 -0.00002400 -0.00004200 -0.00006700
    -0.00007000  0.00000000  0.00000000
 26503.11000000  0.00219900 -0.00126400  0.00024900 -0.00006000 -0.00010300 -0.00016000
    -0.00018100  0.00000000  0.00000000
  9568.70100000  0.00553200 -0.00319100  0.00063300 -0.00015300 -0.00027200 -0.00043500
    -0.00043200  0.00000000  0.00000000
  3732.49700000  0.01408300 -0.00816100  0.00162200 -0.00039200 -0.00065500 -0.00100500
    -0.00121200  0.00000000  0.00000000
  1548.42200000  0.03509300 -0.02060100  0.00414900 -0.00100300 -0.00182100 -0.00294900
    -0.00275200  0.00000000  0.00000000
   675.54200000  0.08143000 -0.04891600  0.01001500 -0.00242100 -0.00395900 -0.00597200
    -0.00772400  0.00000000  0.00000000
   307.25220000  0.16456900 -0.10439900  0.02240200 -0.00541900 -0.01010800 -0.01663700
    -0.01429300  0.00000000  0.00000000
   144.66720000  0.26263200 -0.18547600  0.04277100 -0.01036100 -0.01620100 -0.02368400
    -0.03513500  0.00000000  0.00000000
    70.04387000  0.27316200 -0.24433400  0.06514300 -0.01583200 -0.03189300 -0.05492300
    -0.03681400  0.00000000  0.00000000
    34.32250000  0.14121600 -0.15388700  0.04507500 -0.01100300 -0.01023900 -0.00721700
    -0.05596300  0.00000000  0.00000000
    15.61224000  0.07046000  0.18688700 -0.08586500  0.02115900  0.01554500  0.00340900
     0.11176000  0.00000000  0.00000000
     7.74372200  0.12491900  0.53336700 -0.33106600  0.08537500  0.20315300  0.38951200
     0.21416600  0.00000000  0.00000000
     3.84426000  0.08816500  0.36875600 -0.35846800  0.09641500  0.08915000  0.09254700
     0.61315900  0.00000000  0.00000000
     1.71976600  0.01132600  0.04950600  0.22104500 -0.07094100  0.02628400 -0.01644400
    -1.47587600  0.00000000  0.00000000
     0.83252300 -0.00041900 -0.00397200  0.68539700 -0.23984000 -0.96423300 -2.30783900
    -0.69765300  0.00000000  0.00000000
     0.38556400  0.00012500  0.00019500  0.36014800 -0.27201700  0.22640900  2.71745000
     2.97688300  0.00000000  0.00000000
     0.09670000 -0.00004300 -0.00035900  0.01916900  0.31270100  2.09557100  0.03849800
    -5.74687100  0.00000000  0.00000000
     0.04777800  0.00004000  0.00028800 -0.00586400  0.61376700 -1.19428400 -2.52971300
     6.95316300  0.00000000  0.00000000
     0.02236300 -0.00000700 -0.00006800  0.00275400  0.24894000 -0.64250400  1.99975900
    -3.03441700  1.00000000  0.00000000
     0.01047000  0.00000000  0.00000000  0.00000000  0.00000000  0.00000000  0.00000000
     0.00000000  0.00000000  1.00000000
$ P-TYPE FUNCTIONS  
   19    8    0
 22640.97000000  0.00003900 -0.00001300 -0.00000300  0.00000400  0.00000800 -0.00000900
     0.00000000  0.00000000
  5357.54500000  0.00017300 -0.00005700 -0.00001400  0.00001700  0.00003300 -0.00004400
     0.00000000  0.00000000
  1740.37300000  0.00078400 -0.00025700 -0.00006300  0.00007600  0.00015900 -0.00016700
     0.00000000  0.00000000
   666.61630000  0.00314100 -0.00103500 -0.00025200  0.00030700  0.00059200 -0.00083300
     0.00000000  0.00000000
   283.63840000  0.01111500 -0.00367900 -0.00090000  0.00109300  0.00227700 -0.00235000
     0.00000000  0.00000000
   129.79760000  0.03381100 -0.01133600 -0.00276100  0.00337200  0.00646200 -0.00918800
     0.00000000  0.00000000
    62.67956000  0.08713000 -0.02984800 -0.00732300  0.00888000  0.01860800 -0.01854500
     0.00000000  0.00000000
    31.50441000  0.18106600 -0.06405400 -0.01565500  0.01912300  0.03600800 -0.05375500
     0.00000000  0.00000000
    16.23525000  0.28947000 -0.10607700 -0.02626600  0.03174600  0.06941800 -0.05965300
     0.00000000  0.00000000
     8.51832400  0.32695500 -0.12801400 -0.03156900  0.03876200  0.07076100 -0.15694900
     0.00000000  0.00000000
     4.51900500  0.20891900 -0.05153800 -0.01208000  0.01464200  0.05758900  0.01293500
     0.00000000  0.00000000
     2.36659100  0.05418100  0.17530600  0.05278400 -0.06069000 -0.17674700  0.08944400
     0.00000000  0.00000000
     1.21523500  0.00167200  0.39291500  0.11381300 -0.13562700 -0.33330200  1.27681100
     0.00000000  0.00000000
     0.61434800 -0.00157100  0.39556000  0.14576200 -0.17517200 -0.56988900 -1.05914700
     0.00000000  0.00000000
     0.30074500 -0.00101600  0.17550300  0.01320300 -0.07710000  1.17825800 -1.32417200
     0.00000000  0.00000000
     0.12583400 -0.00005900  0.01902200 -0.35226100  0.56469100  0.55071900  2.36809900
     0.00000000  0.00000000
     0.05471900 -0.00002000  0.00007400 -0.55008700  0.54106500 -0.97822100 -1.17507100
     0.00000000  0.00000000
     0.02348800  0.00000400  0.00030500 -0.22638600  0.03560500 -0.07698600 -0.19297400
     1.00000000  0.00000000
     0.01008000  0.00000000  0.00000000  0.00000000  0.00000000  0.00000000  0.00000000
     0.00000000  1.00000000
$ D-TYPE FUNCTIONS  
   12    6    0
   148.02800000  0.00049000 -0.00050300 -0.00065200  0.00083500  0.00000000  0.00000000
    43.85280000  0.00412900 -0.00424400 -0.00542700  0.00838300  0.00000000  0.00000000
    16.66460000  0.01868600 -0.01928300 -0.02522500  0.03310200  0.00000000  0.00000000
     6.97893000  0.05785400 -0.06035500 -0.07720000  0.12572300  0.00000000  0.00000000
     3.12369000  0.13707800 -0.14370600 -0.18989800  0.24777300  0.00000000  0.00000000
     1.44687000  0.23101600 -0.23015000 -0.28776900  0.45353900  0.00000000  0.00000000
     0.66740700  0.29568300 -0.26314700 -0.17636800 -0.53511600  0.00000000  0.00000000
     0.30163300  0.30478300 -0.05559900  0.59924500 -0.89326800  0.00000000  0.00000000
     0.13267400  0.23992500  0.40549200  0.50023600  1.43965800  0.00000000  0.00000000
     0.05673900  0.11008900  0.48460500 -0.67338900 -0.45475200  0.00000000  0.00000000
     0.02317500  0.01245100  0.11192200 -0.29048100 -0.39839300  1.00000000  0.00000000
     0.00947000  0.00000000  0.00000000  0.00000000  0.00000000  0.00000000  1.00000000
$ F-TYPE FUNCTIONS  
    4    4    0
     1.39050000  1.00000000  0.00000000  0.00000000  0.00000000
     0.39210000  0.00000000  1.00000000  0.00000000  0.00000000
     0.11060000  0.00000000  0.00000000  1.00000000  0.00000000
     0.03067000  0.00000000  0.00000000  0.00000000  1.00000000
$ G-TYPE FUNCTIONS  
    3    3    0
     0.97570000  1.00000000  0.00000000  0.00000000
     0.25300000  0.00000000  1.00000000  0.00000000
     0.07060000  0.00000000  0.00000000  1.00000000
$ H-TYPE FUNCTIONS  
    2    2    0
     0.49340000  1.00000000  0.00000000
     0.11931000  0.00000000  1.00000000
a 22
$ TITANIUM  
$      ( 22s 18p 11d 3f 2g 1h ) -> [ 8s 7p 5d 3f 2g 1h ]   
$ aug  ( 1s 1p 1d 1f 1g 1h )    -> [ 1s 1p 1d 1f 1g 1h ]
$ S-TYPE FUNCTIONS  
   23    9    0
  9317034.00000  0.00004800 -0.00002700  0.00000600 -0.00000100 -0.00000200 -0.00000400
    -0.00000400  0.00000000  0.00000000
  1394971.00000  0.00013700 -0.00007800  0.00001600 -0.00000400 -0.00000700 -0.00001100
    -0.00001200  0.00000000  0.00000000
   317453.10000  0.00036900 -0.00020900  0.00004300 -0.00001000 -0.00001900 -0.00002900
    -0.00003300  0.00000000  0.00000000
 89921.00000000  0.00091800 -0.00052200  0.00010600 -0.00002500 -0.00004700 -0.00007400
    -0.00008000  0.00000000  0.00000000
 29338.16000000  0.00226500 -0.00129000  0.00026300 -0.00006200 -0.00011400 -0.00017700
    -0.00020800  0.00000000  0.00000000
 10592.66000000  0.00563700 -0.00322200  0.00065900 -0.00015600 -0.00029800 -0.00047200
    -0.00047700  0.00000000  0.00000000
  4132.05600000  0.01420600 -0.00815800  0.00167200 -0.00039700 -0.00071000 -0.00109400
    -0.00138000  0.00000000  0.00000000
  1714.23500000  0.03516000 -0.02045900  0.00425000 -0.00100800 -0.00196600 -0.00313200
    -0.00293400  0.00000000  0.00000000
   747.91510000  0.08133600 -0.04844400  0.01022800 -0.00242600 -0.00423900 -0.00647100
    -0.00883600  0.00000000  0.00000000
   340.19910000  0.16431300 -0.10339900  0.02286300 -0.00543100 -0.01089100 -0.01753400
    -0.01483500  0.00000000  0.00000000
   160.20600000  0.26273200 -0.18418600  0.04371500 -0.01038600 -0.01731700 -0.02599500
    -0.04123700  0.00000000  0.00000000
    77.58851000  0.27476300 -0.24396600  0.06676000 -0.01594600 -0.03465200 -0.05748300
    -0.03531300  0.00000000  0.00000000
    38.04489000  0.14338100 -0.15509200  0.04662300 -0.01113600 -0.01069100 -0.01120000
    -0.07456000  0.00000000  0.00000000
    17.35362000  0.06992600  0.18791700 -0.08824700  0.02128100  0.01558100  0.01147000
     0.15662200  0.00000000  0.00000000
     8.64206200  0.12173300  0.53612600 -0.34149700  0.08682000  0.22451200  0.40864200
     0.19709700  0.00000000  0.00000000
     4.30440400  0.08540800  0.36799100 -0.35944400  0.09461900  0.08866400  0.12576400
     0.76335600  0.00000000  0.00000000
     1.93771800  0.01095700  0.04940900  0.23702200 -0.07369700  0.01596900 -0.16129300
    -2.13441100  0.00000000  0.00000000
     0.93659400 -0.00036200 -0.00382500  0.68743500 -0.24121800 -1.05199900 -2.23501500
     0.40495100  0.00000000  0.00000000
     0.43262400  0.00009500  0.00008700  0.35002500 -0.25636500  0.36772900  2.85738500
     2.11532200  0.00000000  0.00000000
     0.10735200 -0.00003100 -0.00030800  0.01790400  0.31686700  2.00243200 -0.48268800
    -5.08218200  0.00000000  0.00000000
     0.05203400  0.00003900  0.00028500 -0.00543800  0.60620100 -1.22631400 -1.87888700
     6.44235000  0.00000000  0.00000000
     0.02403800 -0.00000300 -0.00004800  0.00253700  0.24872000 -0.56670600  1.74390500
    -2.93985600  1.00000000  0.00000000
     0.01110000  0.00000000  0.00000000  0.00000000  0.00000000  0.00000000  0.00000000
     0.00000000  0.00000000  1.00000000
$ P-TYPE FUNCTIONS  
   19    8    0
 25537.33000000  0.00004100 -0.00001400  0.00000300  0.00000400  0.00000800 -0.00001000
     0.00000000  0.00000000
  6042.24300000  0.00017500 -0.00005900  0.00001400  0.00001800  0.00003400 -0.00004500
     0.00000000  0.00000000
  1962.65300000  0.00078000 -0.00026200  0.00006300  0.00007900  0.00016100 -0.00017700
     0.00000000  0.00000000
   751.73380000  0.00309200 -0.00104100  0.00024900  0.00031400  0.00059300 -0.00082400
     0.00000000  0.00000000
   319.88330000  0.01090900 -0.00369100  0.00088800  0.00111300  0.00228300 -0.00245500
     0.00000000  0.00000000
   146.43000000  0.03321100 -0.01138400  0.00272500  0.00343200  0.00646300 -0.00905600
     0.00000000  0.00000000
    70.74861000  0.08588300 -0.03008600  0.00726500  0.00909400  0.01876300 -0.01960300
     0.00000000  0.00000000
    35.59088000  0.17952400 -0.06500500  0.01561500  0.01966600  0.03644100 -0.05316800
     0.00000000  0.00000000
    18.36893000  0.28888800 -0.10850900  0.02645000  0.03304800  0.07101100 -0.06593100
     0.00000000  0.00000000
     9.65865500  0.32769600 -0.13123300  0.03176600  0.04020200  0.07109100 -0.14870200
     0.00000000  0.00000000
     5.13673000  0.21007000 -0.05138000  0.01208000  0.01501200  0.05835000 -0.02246800
     0.00000000  0.00000000
     2.69887200  0.05492500  0.17972500 -0.05320400 -0.06409700 -0.18593400  0.18038700
     0.00000000  0.00000000
     1.38970300  0.00182400  0.39622000 -0.11294000 -0.13987500 -0.32936800  1.17047100
     0.00000000  0.00000000
     0.70316300 -0.00158300  0.39157500 -0.14292200 -0.17952700 -0.54469800 -1.00918700
     0.00000000  0.00000000
     0.34412300 -0.00100100  0.17308200 -0.00962700 -0.04998800  1.16039200 -1.28041300
     0.00000000  0.00000000
     0.14137500 -0.00006000  0.01881300  0.35406800  0.57101800  0.53102600  2.28362300
     0.00000000  0.00000000
     0.06079100 -0.00001600 -0.00029600  0.54821700  0.52244600 -0.96731300 -1.13353300
     0.00000000  0.00000000
     0.02583100  0.00000300  0.00036800  0.22568300  0.03485500 -0.08149500 -0.20076200
     1.00000000  0.00000000
     0.01098000  0.00000000  0.00000000  0.00000000  0.00000000  0.00000000  0.00000000
     0.00000000  1.00000000
$ D-TYPE FUNCTIONS  
   12    6    0
   199.97200000  0.00038700 -0.00039500 -0.00062700 -0.00070400  0.00000000  0.00000000
    59.18690000  0.00336200 -0.00343300 -0.00545900 -0.00702900  0.00000000  0.00000000
    22.60130000  0.01613700 -0.01654600 -0.02667000 -0.03068100  0.00000000  0.00000000
     9.57391000  0.05190500 -0.05384300 -0.08822500 -0.11798400  0.00000000  0.00000000
     4.31771000  0.12862400 -0.13562200 -0.22469800 -0.27368800  0.00000000  0.00000000
     2.02373000  0.22911900 -0.22819900 -0.32854400 -0.38220800  0.00000000  0.00000000
     0.94716900  0.30191700 -0.25631900 -0.11583500  0.54167000  0.00000000  0.00000000
     0.43387700  0.30964900 -0.05392100  0.61648800  0.76507100  0.00000000  0.00000000
     0.19212600  0.23461900  0.38740700  0.41784600 -1.28343600  0.00000000  0.00000000
     0.08140400  0.10487600  0.49955200 -0.60846800  0.27574000  0.00000000  0.00000000
     0.03223300  0.01252000  0.13187900 -0.28500300  0.54430000  1.00000000  0.00000000
     0.01276000  0.00000000  0.00000000  0.00000000  0.00000000  0.00000000  1.00000000
$ F-TYPE FUNCTIONS  
    4    4    0
     2.23310000  1.00000000  0.00000000  0.00000000  0.00000000
     0.63320000  0.00000000  1.00000000  0.00000000  0.00000000
     0.17960000  0.00000000  0.00000000  1.00000000  0.00000000
     0.05449000  0.00000000  0.00000000  0.00000000  1.00000000
$ G-TYPE FUNCTIONS  
    3    3    0
     1.55030000  1.00000000  0.00000000  0.00000000
     0.39470000  0.00000000  1.00000000  0.00000000
     0.12313000  0.00000000  0.00000000  1.00000000
$ H-TYPE FUNCTIONS  
    2    2    0
     0.85240000  1.00000000  0.00000000
     0.26253000  0.00000000  1.00000000
a 23
$ VANADIUM  
$      ( 22s 18p 11d 3f 2g 1h ) -> [ 8s 7p 5d 3f 2g 1h ]   
$ aug  ( 1s 1p 1d 1f 1g 1h )    -> [ 1s 1p 1d 1f 1g 1h ]
$ S-TYPE FUNCTIONS  
   23    9    0
 10251780.00000  0.00005100 -0.00002800  0.00000600 -0.00000100 -0.00000300 -0.00000400
    -0.00000500  0.00000000  0.00000000
  1534920.00000  0.00014500 -0.00008000  0.00001700 -0.00000400 -0.00000800 -0.00001200
    -0.00001400  0.00000000  0.00000000
   349300.90000  0.00038800 -0.00021500  0.00004500 -0.00001100 -0.00002000 -0.00003200
    -0.00003700  0.00000000  0.00000000
 98942.05000000  0.00095900 -0.00053300  0.00011300 -0.00002600 -0.00005100 -0.00008100
    -0.00008900  0.00000000  0.00000000
 32281.36000000  0.00234600 -0.00130500  0.00027600 -0.00006400 -0.00012200 -0.00019100
    -0.00023200  0.00000000  0.00000000
 11655.27000000  0.00577800 -0.00322500  0.00068500 -0.00015900 -0.00031800 -0.00050200
    -0.00052000  0.00000000  0.00000000
  4546.54800000  0.01441800 -0.00808900  0.00172200 -0.00040100 -0.00074800 -0.00116300
    -0.00151800  0.00000000  0.00000000
  1886.18500000  0.03544100 -0.02015200  0.00434600 -0.00101200 -0.00206100 -0.00327100
    -0.00312100  0.00000000  0.00000000
   822.94170000  0.08171500 -0.04758200  0.01042600 -0.00242600 -0.00441500 -0.00683500
    -0.00968800  0.00000000  0.00000000
   374.34390000  0.16496500 -0.10158600  0.02328200 -0.00543100 -0.01138100 -0.01818500
    -0.01552900  0.00000000  0.00000000
   176.30690000  0.26417500 -0.18147900  0.04454800 -0.01038400 -0.01800800 -0.02765300
    -0.04571700  0.00000000  0.00000000
    85.40661000  0.27763300 -0.24184000  0.06814700 -0.01599600 -0.03638800 -0.05933600
    -0.03546000  0.00000000  0.00000000
    41.90435000  0.14606000 -0.15469100  0.04778300 -0.01117600 -0.01091600 -0.01399100
    -0.08714000  0.00000000  0.00000000
    19.15525000  0.06832500  0.19062200 -0.09096400  0.02148500  0.01586600  0.01778100
     0.18760500  0.00000000  0.00000000
     9.57161700  0.11536500  0.53972700 -0.35091100  0.08787900  0.23856100  0.42394400
     0.20226500  0.00000000  0.00000000
     4.78008600  0.08027000  0.36670500 -0.35820800  0.09229200  0.08612700  0.14432500
     0.84082200  0.00000000  0.00000000
     2.16186000  0.01020600  0.04893600  0.25238200 -0.07628400  0.00451100 -0.27176100
    -2.58070700  0.00000000  0.00000000
     1.04271100 -0.00030700 -0.00375700  0.68813500 -0.24091900 -1.09364700 -2.14484100
     1.19034600  0.00000000  0.00000000
     0.48028200  0.00006100 -0.00004100  0.34043400 -0.24254200  0.45305700  2.90612800
     1.47320500  0.00000000  0.00000000
     0.11763800 -0.00002000 -0.00026200  0.01673200  0.32019000  1.93090900 -0.78818500
    -4.54416100  0.00000000  0.00000000
     0.05617400  0.00003700  0.00028800 -0.00496700  0.59916600 -1.23276300 -1.46590600
     5.99676100  0.00000000  0.00000000
     0.02566100  0.00000100 -0.00002900  0.00239500  0.24884700 -0.52156900  1.56778800
    -2.83283900  1.00000000  0.00000000
     0.01172000  0.00000000  0.00000000  0.00000000  0.00000000  0.00000000  0.00000000
     0.00000000  0.00000000  1.00000000
$ P-TYPE FUNCTIONS  
   19    8    0
 28563.32000000  0.00004300 -0.00001500  0.00000400  0.00000400  0.00000900 -0.00001100
     0.00000000  0.00000000
  6757.19100000  0.00017800 -0.00006100  0.00001500  0.00001800  0.00003600 -0.00005000
     0.00000000  0.00000000
  2194.65200000  0.00078100 -0.00026700  0.00006500  0.00008100  0.00016800 -0.00019000
     0.00000000  0.00000000
   840.52570000  0.00306200 -0.00104900  0.00025200  0.00031800  0.00061500 -0.00087500
     0.00000000  0.00000000
   357.66660000  0.01076800 -0.00370700  0.00089800  0.00112400  0.00235600 -0.00260700
     0.00000000  0.00000000
   163.75340000  0.03279200 -0.01143800  0.00275600  0.00346800  0.00667700 -0.00961300
     0.00000000  0.00000000
    79.14466000  0.08503600 -0.03032000  0.00737600  0.00921400  0.01944100 -0.02094600
     0.00000000  0.00000000
    39.83858000  0.17858200 -0.06587100  0.01593300  0.02004600  0.03802000 -0.05709500
     0.00000000  0.00000000
    20.58536000  0.28878300 -0.11063600  0.02719500  0.03388400  0.07439400 -0.07125000
     0.00000000  0.00000000
    10.84307000  0.32825200 -0.13379600  0.03259400  0.04128800  0.07466600 -0.15852000
     0.00000000  0.00000000
     5.77796900  0.21045700 -0.05047000  0.01182100  0.01470000  0.05969800 -0.01879300
     0.00000000  0.00000000
     3.04317000  0.05519000  0.18413800 -0.05583700 -0.06621800 -0.20284600  0.24094700
     0.00000000  0.00000000
     1.57023900  0.00188300  0.39867600 -0.11563500 -0.14368700 -0.34679100  1.14238500
     0.00000000  0.00000000
     0.79497500 -0.00162700  0.38778300 -0.13863700 -0.17801800 -0.49717300 -1.13662000
     0.00000000  0.00000000
     0.38898000 -0.00100700  0.17100700  0.00221300 -0.03358300  1.15930200 -1.07748800
     0.00000000  0.00000000
     0.15733500 -0.00006200  0.01856500  0.35204200  0.57644000  0.47911200  2.16020700
     0.00000000  0.00000000
     0.06658300 -0.00001300 -0.00055900  0.54115600  0.51107100 -0.94559200 -1.13133700
     0.00000000  0.00000000
     0.02784400  0.00000200  0.00041300  0.23183800  0.03263200 -0.07011100 -0.17065900
     1.00000000  0.00000000
     0.01172000  0.00000000  0.00000000  0.00000000  0.00000000  0.00000000  0.00000000
     0.00000000  1.00000000
$ D-TYPE FUNCTIONS  
   12    6    0
   244.34700000  0.00035100 -0.00037200 -0.00057500 -0.00073100  0.00000000  0.00000000
    72.29260000  0.00308500 -0.00327700 -0.00507700 -0.00709500  0.00000000  0.00000000
    27.64930000  0.01525800 -0.01627900 -0.02551700 -0.03318600  0.00000000  0.00000000
    11.77780000  0.05024500 -0.05431600 -0.08683400 -0.12694200  0.00000000  0.00000000
     5.33731000  0.12652300 -0.13991100 -0.22856500 -0.32508600  0.00000000  0.00000000
     2.51760000  0.22928000 -0.23900000 -0.33765600 -0.36250000  0.00000000  0.00000000
     1.18881000  0.30340600 -0.25380700 -0.09176600  0.66891300  0.00000000  0.00000000
     0.54996700  0.30886700 -0.03032200  0.61992200  0.60374300  0.00000000  0.00000000
     0.24573800  0.23108900  0.38394700  0.39374700 -1.21648100  0.00000000  0.00000000
     0.10450400  0.10370900  0.48798200 -0.60298000  0.28170100  0.00000000  0.00000000
     0.04114500  0.01356500  0.13793800 -0.29330000  0.51468000  1.00000000  0.00000000
     0.01620000  0.00000000  0.00000000  0.00000000  0.00000000  0.00000000  1.00000000
$ F-TYPE FUNCTIONS  
    4    4    0
     3.03180000  1.00000000  0.00000000  0.00000000  0.00000000
     0.87330000  0.00000000  1.00000000  0.00000000  0.00000000
     0.25160000  0.00000000  0.00000000  1.00000000  0.00000000
     0.08053000  0.00000000  0.00000000  0.00000000  1.00000000
$ G-TYPE FUNCTIONS  
    3    3    0
     2.12650000  1.00000000  0.00000000  0.00000000
     0.55640000  0.00000000  1.00000000  0.00000000
     0.18929000  0.00000000  0.00000000  1.00000000
$ H-TYPE FUNCTIONS  
    2    2    0
     1.28750000  1.00000000  0.00000000
     0.45499000  0.00000000  1.00000000
a 24
$ CHROMIUM  
$      ( 22s 18p 11d 3f 2g 1h ) -> [ 8s 7p 5d 3f 2g 1h ]   
$ aug  ( 1s 1p 1d 1f 1g 1h )    -> [ 1s 1p 1d 1f 1g 1h ]
$ S-TYPE FUNCTIONS  
   23    9    0
 11016640.00000  0.00005400 -0.00003000  0.00000600 -0.00000100 -0.00000300 -0.00000500
    -0.00000500  0.00000000  0.00000000
  1649423.00000  0.00015400 -0.00008600  0.00001800 -0.00000400 -0.00000800 -0.00001300
    -0.00001500  0.00000000  0.00000000
   375358.90000  0.00041200 -0.00022800  0.00004900 -0.00001100 -0.00002200 -0.00003500
    -0.00004200  0.00000000  0.00000000
   106323.60000  0.00101200 -0.00056200  0.00012100 -0.00002800 -0.00005500 -0.00008700
    -0.00009900  0.00000000  0.00000000
 34689.76000000  0.00246000 -0.00136700  0.00029400 -0.00006700 -0.00013100 -0.00020800
    -0.00025900  0.00000000  0.00000000
 12524.83000000  0.00600800 -0.00335200  0.00072500 -0.00016600 -0.00033800 -0.00053200
    -0.00056600  0.00000000  0.00000000
  4885.75200000  0.01487000 -0.00833900  0.00180900 -0.00041200 -0.00078600 -0.00125400
    -0.00168300  0.00000000  0.00000000
  2026.91800000  0.03630900 -0.02064800  0.00454000 -0.00103900 -0.00216600 -0.00339900
    -0.00330800  0.00000000  0.00000000
   884.36450000  0.08330800 -0.04854300  0.01083700 -0.00246300 -0.00458700 -0.00736100
    -0.01073900  0.00000000  0.00000000
   402.31700000  0.16736200 -0.10328800  0.02415900 -0.00554800 -0.01190400 -0.01861000
    -0.01603400  0.00000000  0.00000000
   189.52710000  0.26610300 -0.18365200  0.04596200 -0.01043800 -0.01849200 -0.03012800
    -0.05115800  0.00000000  0.00000000
    91.86095000  0.27613800 -0.24267800  0.06989700 -0.01623900 -0.03787200 -0.05872800
    -0.03314300  0.00000000  0.00000000
    45.12476000  0.14296800 -0.14970000  0.04669100 -0.01038500 -0.00936300 -0.01902700
    -0.10149800  0.00000000  0.00000000
    20.62512000  0.06956900  0.20619100 -0.09992900  0.02242500  0.01770200  0.03884800
     0.23327100  0.00000000  0.00000000
    10.31973000  0.11535800  0.54629500 -0.36857000  0.09247500  0.25479900  0.41879200
     0.20146300  0.00000000  0.00000000
     5.15772300  0.07605000  0.35193300 -0.34245300  0.08336500  0.07072400  0.18535900
     0.88031400  0.00000000  0.00000000
     2.31262800  0.00897000  0.04345100  0.29851300 -0.08214700 -0.02570700 -0.52156900
    -3.10308700  0.00000000  0.00000000
     1.10307900 -0.00026300 -0.00348700  0.69765300 -0.25902500 -1.13635800 -1.80758700
     2.32903900  0.00000000  0.00000000
     0.49804200  0.00007100  0.00005200  0.29569200 -0.20417600  0.62814000  2.87250500
     0.44516500  0.00000000  0.00000000
     0.11824700 -0.00001100 -0.00019600  0.00959000  0.37777700  1.88333700 -1.34488200
    -3.88820700  0.00000000  0.00000000
     0.05735600  0.00004000  0.00028600 -0.00107500  0.55889700 -1.39294900 -0.72009200
     5.56154600  0.00000000  0.00000000
     0.02576000  0.00000400 -0.00001300  0.00127700  0.22768500 -0.41273500  1.26885700
    -2.72342800  1.00000000  0.00000000
     0.01157000  0.00000000  0.00000000  0.00000000  0.00000000  0.00000000  0.00000000
     0.00000000  0.00000000  1.00000000
$ P-TYPE FUNCTIONS  
   19    8    0
 31539.89000000  0.00004600 -0.00001600  0.00000400  0.00000500  0.00001000 -0.00001300
     0.00000000  0.00000000
  7460.23400000  0.00018400 -0.00006400  0.00001500  0.00001900  0.00003900 -0.00005400
     0.00000000  0.00000000
  2422.62200000  0.00079300 -0.00027500  0.00006500  0.00008300  0.00017900 -0.00020700
     0.00000000  0.00000000
   927.75470000  0.00307400 -0.00107000  0.00025200  0.00032500  0.00065000 -0.00093200
     0.00000000  0.00000000
   394.80410000  0.01076500 -0.00376500  0.00089300  0.00114400  0.00247200 -0.00279900
     0.00000000  0.00000000
   180.80270000  0.03274800 -0.01160700  0.00273700  0.00353500  0.00702300 -0.01019700
     0.00000000  0.00000000
    87.42393000  0.08499500 -0.03080300  0.00733100  0.00937500  0.02040500 -0.02258100
     0.00000000  0.00000000
    44.03427000  0.17885100 -0.06710200  0.01588600  0.02053100  0.04021000 -0.06085300
     0.00000000  0.00000000
    22.77704000  0.28967400 -0.11302400  0.02718000  0.03464800  0.07845800 -0.07796400
     0.00000000  0.00000000
    12.01547000  0.32835000 -0.13595800  0.03242700  0.04238900  0.07947200 -0.16768200
     0.00000000  0.00000000
     6.41175100  0.20900500 -0.04781500  0.01087100  0.01337300  0.05885100 -0.01077900
     0.00000000  0.00000000
     3.38113600  0.05439400  0.19073100 -0.05650600 -0.06840100 -0.22402700  0.31095700
     0.00000000  0.00000000
     1.74705400  0.00200500  0.40119000 -0.11446600 -0.14876200 -0.37026300  1.09762400
     0.00000000  0.00000000
     0.88500400 -0.00143800  0.38277100 -0.13296400 -0.17324900 -0.43767000 -1.27955600
     0.00000000  0.00000000
     0.43302800 -0.00091100  0.16743100  0.00471400 -0.02076300  1.16453700 -0.85692000
     0.00000000  0.00000000
     0.17396200 -0.00005200  0.01804000  0.34405500  0.57827200  0.41548600  2.04116500
     0.00000000  0.00000000
     0.07282300 -0.00001200 -0.00065400  0.54127900  0.50319200 -0.91432800 -1.12027100
     0.00000000  0.00000000
     0.02995200  0.00000200  0.00041600  0.24039800  0.03237400 -0.06277700 -0.15359800
     1.00000000  0.00000000
     0.01232000  0.00000000  0.00000000  0.00000000  0.00000000  0.00000000  0.00000000
     0.00000000  1.00000000
$ D-TYPE FUNCTIONS  
   12    6    0
   281.31200000  0.00034700 -0.00039400 -0.00056300  0.00079700  0.00000000  0.00000000
    83.18850000  0.00307000 -0.00349400 -0.00500800  0.00763900  0.00000000  0.00000000
    31.83960000  0.01539500 -0.01759000 -0.02549200  0.03697000  0.00000000  0.00000000
    13.60260000  0.05131900 -0.05962100 -0.08818200  0.14243900  0.00000000  0.00000000
     6.18298000  0.12966800 -0.15451400 -0.23539900  0.37587100  0.00000000  0.00000000
     2.92270000  0.23478100 -0.26032300 -0.33964100  0.32318500  0.00000000  0.00000000
     1.38216000  0.30804300 -0.25006100 -0.03761500 -0.83343300  0.00000000  0.00000000
     0.63946000  0.30805600  0.02278100  0.66024600 -0.37305400  0.00000000  0.00000000
     0.28489800  0.22392500  0.41923400  0.29654400  1.21355300  0.00000000  0.00000000
     0.12004500  0.09467900  0.45206100 -0.65576100 -0.48294500  0.00000000  0.00000000
     0.04622900  0.01068500  0.10339800 -0.23999700 -0.37487600  1.00000000  0.00000000
     0.01780000  0.00000000  0.00000000  0.00000000  0.00000000  0.00000000  1.00000000
$ F-TYPE FUNCTIONS  
    4    4    0
     3.72890000  1.00000000  0.00000000  0.00000000  0.00000000
     1.08240000  0.00000000  1.00000000  0.00000000  0.00000000
     0.31420000  0.00000000  0.00000000  1.00000000  0.00000000
     0.10242000  0.00000000  0.00000000  0.00000000  1.00000000
$ G-TYPE FUNCTIONS  
    3    3    0
     2.58800000  1.00000000  0.00000000  0.00000000
     0.68480000  0.00000000  1.00000000  0.00000000
     0.24002000  0.00000000  0.00000000  1.00000000
$ H-TYPE FUNCTIONS  
    2    2    0
     1.64720000  1.00000000  0.00000000
     0.61479000  0.00000000  1.00000000
a 25
$ MANGANESE 
$      ( 22s 18p 11d 3f 2g 1h ) -> [ 8s 7p 5d 3f 2g 1h ]   
$ aug  ( 1s 1p 1d 1f 1g 1h )    -> [ 1s 1p 1d 1f 1g 1h ]
$ S-TYPE FUNCTIONS  
   23    9    0
 12210500.00000  0.00005800 -0.00002800  0.00000700 -0.00000200 -0.00000300 -0.00000500
    -0.00000600  0.00000000  0.00000000
  1828157.00000  0.00016500 -0.00007900  0.00001900 -0.00000400 -0.00000900 -0.00001400
    -0.00001600  0.00000000  0.00000000
   416030.30000  0.00043800 -0.00020900  0.00005100 -0.00001100 -0.00002300 -0.00003700
    -0.00004400  0.00000000  0.00000000
   117843.60000  0.00107000 -0.00051200  0.00012500 -0.00002800 -0.00005700 -0.00009100
    -0.00010400  0.00000000  0.00000000
 38448.14000000  0.00257600 -0.00123600  0.00030200 -0.00006700 -0.00013400 -0.00021300
    -0.00026600  0.00000000  0.00000000
 13881.71000000  0.00622700 -0.00300000  0.00073500 -0.00016400 -0.00034100 -0.00054400
    -0.00058700  0.00000000  0.00000000
  5415.00200000  0.01525500 -0.00739200  0.00181600 -0.00040500 -0.00079000 -0.00125400
    -0.00167700  0.00000000  0.00000000
  2246.46000000  0.03699300 -0.01819900  0.00452000 -0.00100900 -0.00214500 -0.00342400
    -0.00340700  0.00000000  0.00000000
   980.14630000  0.08470200 -0.04277500  0.01076300 -0.00239900 -0.00456000 -0.00724000
    -0.01050600  0.00000000  0.00000000
   445.89520000  0.17075000 -0.09167400  0.02396500 -0.00535700 -0.01173400 -0.01877400
    -0.01675100  0.00000000  0.00000000
   210.05580000  0.27439700 -0.16570000  0.04583800 -0.01022900 -0.01851800 -0.02945600
    -0.04955500  0.00000000  0.00000000
   101.80460000  0.29204300 -0.22590600  0.07017100 -0.01579300 -0.03758700 -0.06067800
    -0.03814200  0.00000000  0.00000000
    50.01126000  0.15622200 -0.14600200  0.04899200 -0.01094700 -0.01091900 -0.01724600
    -0.09515200  0.00000000  0.00000000
    22.93939000  0.05706200  0.20134100 -0.09694300  0.02189600  0.01729300  0.02783700
     0.21129100  0.00000000  0.00000000
    11.52264000  0.08083500  0.55110900 -0.36678300  0.08815400  0.24918100  0.43394500
     0.23156200  0.00000000  0.00000000
     5.77633800  0.05542400  0.36494000 -0.35068900  0.08583600  0.08036700  0.16459200
     0.87528100  0.00000000  0.00000000
     2.62595900  0.00662900  0.04686200  0.28268900 -0.08057900 -0.01877000 -0.40971600
    -2.97295500  0.00000000  0.00000000
     1.26032200 -0.00027900 -0.00491000  0.68774400 -0.23342200 -1.09689800 -1.96456000
     1.94053300  0.00000000  0.00000000
     0.57713000 -0.00007200 -0.00081100  0.32082700 -0.21803500  0.52800500  2.83954900
     0.80654400  0.00000000  0.00000000
     0.13658200 -0.00000300 -0.00023100  0.01429700  0.32130000  1.80577200 -0.96623800
    -3.86527400  0.00000000  0.00000000
     0.06353500  0.00001800  0.00026100 -0.00396100  0.58718600 -1.16837100 -1.13934200
     5.36549500  0.00000000  0.00000000
     0.02852100  0.00000400 -0.00001900  0.00215300  0.25160400 -0.50160200  1.40391500
    -2.64546500  1.00000000  0.00000000
     0.01280000  0.00000000  0.00000000  0.00000000  0.00000000  0.00000000  0.00000000
     0.00000000  0.00000000  1.00000000
$ P-TYPE FUNCTIONS  
   19    8    0
 35005.12000000  0.00004800 -0.00001700 -0.00000400  0.00000500  0.00001100 -0.00001500
     0.00000000  0.00000000
  8279.46200000  0.00018700 -0.00006500 -0.00001500  0.00002000  0.00004200 -0.00006000
     0.00000000  0.00000000
  2688.46500000  0.00079500 -0.00027600 -0.00006400  0.00008700  0.00018900 -0.00023300
     0.00000000  0.00000000
  1029.49000000  0.00304500 -0.00106300 -0.00024400  0.00033100  0.00067000 -0.00099200
     0.00000000  0.00000000
   438.07080000  0.01062200 -0.00372800 -0.00086200  0.00116800  0.00257200 -0.00310700
     0.00000000  0.00000000
   200.61530000  0.03231200 -0.01149600 -0.00264000  0.00358300  0.00721200 -0.01081600
     0.00000000  0.00000000
    97.00769000  0.08410600 -0.03060300 -0.00710400  0.00961400  0.02133200 -0.02535000
     0.00000000  0.00000000
    48.87052000  0.17786700 -0.06706700 -0.01544900  0.02096300  0.04158200 -0.06475100
     0.00000000  0.00000000
    25.29281000  0.28967400 -0.11370300 -0.02667000  0.03609500  0.08329600 -0.09065700
     0.00000000  0.00000000
    13.35382000  0.32951600 -0.13707300 -0.03171200  0.04326000  0.08121400 -0.17008900
     0.00000000  0.00000000
     7.13178600  0.21010600 -0.04677900 -0.01063800  0.01459300  0.06639000 -0.03862400
     0.00000000  0.00000000
     3.76436500  0.05430900  0.19381000  0.05567500 -0.07391700 -0.25445200  0.44462100
     0.00000000  0.00000000
     1.94626500  0.00092100  0.40328000  0.11037200 -0.15081300 -0.37883800  1.05920000
     0.00000000  0.00000000
     0.98545500 -0.00254500  0.38020000  0.12798800 -0.17843400 -0.39112100 -1.54637800
     0.00000000  0.00000000
     0.48186500 -0.00138600  0.16599100 -0.00592500  0.00786300  1.17242800 -0.45685300
     0.00000000  0.00000000
     0.18822220 -0.00010100  0.01760600 -0.34030600  0.58957000  0.34332900  1.79880000
     0.00000000  0.00000000
     0.07753957 -0.00000600 -0.00097900 -0.53997800  0.48123900 -0.89134000 -1.09623000
     0.00000000  0.00000000
     0.03154945  0.00000000  0.00049000 -0.24636200  0.02783400 -0.04349800 -0.10788900
     1.00000000  0.00000000
     0.01284000  0.00000000  0.00000000  0.00000000  0.00000000  0.00000000  0.00000000
     0.00000000  1.00000000
$ D-TYPE FUNCTIONS  
   12    6    0
   313.10900000  0.00035900 -0.00036600 -0.00057800 -0.00073500  0.00000000  0.00000000
    92.52760000  0.00318300 -0.00325500 -0.00517000 -0.00664200  0.00000000  0.00000000
    35.41910000  0.01604700 -0.01644100 -0.02634400 -0.03388400  0.00000000  0.00000000
    15.15770000  0.05374800 -0.05586500 -0.09197500 -0.12260800  0.00000000  0.00000000
     6.90964000  0.13498100 -0.14380700 -0.24281300 -0.35008000  0.00000000  0.00000000
     3.27256000  0.24079800 -0.24536500 -0.34187200 -0.31915700  0.00000000  0.00000000
     1.54936000  0.30995400 -0.23701400 -0.02695400  0.72285300  0.00000000  0.00000000
     0.71709400  0.30334800  0.01682100  0.60385200  0.45594200  0.00000000  0.00000000
     0.31931000  0.21629900  0.38268000  0.33601900 -1.05899300  0.00000000  0.00000000
     0.13415700  0.09171800  0.47036800 -0.55118600  0.15455300  0.00000000  0.00000000
     0.05140000  0.01148600  0.15516300 -0.32721100  0.57808400  1.00000000  0.00000000
     0.01969000  0.00000000  0.00000000  0.00000000  0.00000000  0.00000000  1.00000000
$ F-TYPE FUNCTIONS  
    4    4    0
     4.42610000  1.00000000  0.00000000  0.00000000  0.00000000
     1.29890000  0.00000000  1.00000000  0.00000000  0.00000000
     0.38120000  0.00000000  0.00000000  1.00000000  0.00000000
     0.12624000  0.00000000  0.00000000  0.00000000  1.00000000
$ G-TYPE FUNCTIONS  
    3    3    0
     3.12730000  1.00000000  0.00000000  0.00000000
     0.85200000  0.00000000  1.00000000  0.00000000
     0.31119000  0.00000000  0.00000000  1.00000000
$ H-TYPE FUNCTIONS  
    2    2    0
     1.96600000  1.00000000  0.00000000
     0.75513000  0.00000000  1.00000000
a 26
$ IRON      
$      ( 22s 18p 11d 3f 2g 1h ) -> [ 8s 7p 5d 3f 2g 1h ]   
$ aug  ( 1s 1p 1d 1f 1g 1h )    -> [ 1s 1p 1d 1f 1g 1h ]
$ S-TYPE FUNCTIONS  
   23    9    0
 13277140.00000  0.00006000 -0.00003100  0.00000700 -0.00000200 -0.00000300 -0.00000500
    -0.00000600  0.00000000  0.00000000
  1987888.00000  0.00017000 -0.00008800  0.00002100 -0.00000400 -0.00000900 -0.00001500
    -0.00001700  0.00000000  0.00000000
   452387.10000  0.00045000 -0.00023200  0.00005400 -0.00001200 -0.00002400 -0.00003900
    -0.00004500  0.00000000  0.00000000
   128143.70000  0.00109300 -0.00056500  0.00013200 -0.00002900 -0.00005900 -0.00009600
    -0.00010700  0.00000000  0.00000000
 41809.17000000  0.00261300 -0.00135300  0.00031600 -0.00006900 -0.00013700 -0.00022400
    -0.00027200  0.00000000  0.00000000
 15095.33000000  0.00626000 -0.00325600  0.00076400 -0.00016700 -0.00034400 -0.00056200
    -0.00059400  0.00000000  0.00000000
  5888.43800000  0.01519500 -0.00794800  0.00186900 -0.00040800 -0.00079400 -0.00130100
    -0.00169000  0.00000000  0.00000000
  2442.87600000  0.03657700 -0.01941300  0.00462100 -0.00100900 -0.00213000 -0.00347500
    -0.00338300  0.00000000  0.00000000
  1065.85700000  0.08337500 -0.04538200  0.01096100 -0.00239000 -0.00454400 -0.00746200
    -0.01050200  0.00000000  0.00000000
   484.90960000  0.16763400 -0.09679900  0.02436400 -0.00532900 -0.01157000 -0.01887000
    -0.01644000  0.00000000  0.00000000
   228.45850000  0.26886000 -0.17397200  0.04659600 -0.01017800 -0.01848100 -0.03056800
    -0.04962200  0.00000000  0.00000000
   110.74530000  0.28523500 -0.23509400  0.07137400 -0.01572000 -0.03693300 -0.06028900
    -0.03654100  0.00000000  0.00000000
    54.43116000  0.15253200 -0.15118800  0.04989000 -0.01092000 -0.01152900 -0.02059200
    -0.09690900  0.00000000  0.00000000
    25.01096000  0.06338100  0.20127800 -0.09958800  0.02206300  0.01922900  0.03578600
     0.21407500  0.00000000  0.00000000
    12.59262000  0.09672400  0.54940000 -0.37392300  0.08807500  0.24430400  0.42168700
     0.20104500  0.00000000  0.00000000
     6.32320200  0.06547000  0.36093300 -0.34890400  0.08365000  0.08270200  0.20923300
     0.96994100  0.00000000  0.00000000
     2.88338400  0.00796300  0.04656000  0.29208000 -0.08175000 -0.03994500 -0.49750300
    -3.14262800  0.00000000  0.00000000
     1.38286800 -0.00025300 -0.00401600  0.68711200 -0.22939200 -1.03970400 -1.86831900
     2.12670500  0.00000000  0.00000000
     0.63220100 -0.00003200 -0.00047300  0.31527900 -0.20982400  0.49530300  2.75458400
     0.69895700  0.00000000  0.00000000
     0.14923800 -0.00000700 -0.00020900  0.01385500  0.30950300  1.69574400 -0.83310900
    -3.72988900  0.00000000  0.00000000
     0.06849400  0.00001900  0.00021500 -0.00343900  0.58498500 -0.96369800 -1.23115200
     5.14573300  0.00000000  0.00000000
     0.03038100  0.00000300 -0.00002100  0.00215100  0.26279100 -0.60368300  1.39864900
    -2.52759800  1.00000000  0.00000000
     0.01348000  0.00000000  0.00000000  0.00000000  0.00000000  0.00000000  0.00000000
     0.00000000  0.00000000  1.00000000
$ P-TYPE FUNCTIONS  
   19    8    0
 38282.05000000  0.00005100 -0.00001800  0.00000400  0.00000600  0.00001300 -0.00001600
     0.00000000  0.00000000
  9061.55600000  0.00019300 -0.00006800  0.00001500  0.00002300  0.00004600 -0.00006500
     0.00000000  0.00000000
  2944.45000000  0.00080700 -0.00028500  0.00006200  0.00009600  0.00020600 -0.00025600
     0.00000000  0.00000000
  1128.15800000  0.00305400 -0.00108200  0.00023500  0.00035800  0.00071600 -0.00104000
     0.00000000  0.00000000
   480.33800000  0.01059100 -0.00377300  0.00082700  0.00127000  0.00275900 -0.00337000
     0.00000000  0.00000000
   220.13680000  0.03214200 -0.01161100  0.00252200  0.00384200  0.00764300 -0.01124100
     0.00000000  0.00000000
   106.54820000  0.08364900 -0.03090300  0.00679600  0.01044100  0.02287300 -0.02758200
     0.00000000  0.00000000
    53.74262000  0.17715000 -0.06786100  0.01478200  0.02247900  0.04408100 -0.06702100
     0.00000000  0.00000000
    27.86318000  0.28908600 -0.11534900  0.02565300  0.03959900  0.08998400 -0.10069400
     0.00000000  0.00000000
    14.74382000  0.32915700 -0.13891400  0.03031300  0.04598300  0.08534000 -0.17031100
     0.00000000  0.00000000
     7.89335100  0.21042300 -0.04662500  0.01020100  0.01757900  0.07727800 -0.07832300
     0.00000000  0.00000000
     4.17949700  0.05517400  0.19467000 -0.05319300 -0.08502800 -0.29724500  0.60774500
     0.00000000  0.00000000
     2.16566900  0.00151100  0.40401000 -0.10367800 -0.16090900 -0.40671800  0.96457600
     0.00000000  0.00000000
     1.09724000 -0.00218300  0.37867800 -0.12099800 -0.19452800 -0.31215500 -1.79277300
     0.00000000  0.00000000
     0.53608500 -0.00121800  0.16659600  0.00310800  0.05820500  1.20525500 -0.02628900
     0.00000000  0.00000000
     0.20245300 -0.00008500  0.01753400  0.32831500  0.62598100  0.18949900  1.54609900
     0.00000000  0.00000000
     0.08169500 -0.00000200 -0.00135500  0.54224300  0.42714600 -0.84245400 -1.09496900
     0.00000000  0.00000000
     0.03261400 -0.00000100  0.00057800  0.25940800  0.01738800 -0.01683700 -0.05481900
     1.00000000  0.00000000
     0.01302000  0.00000000  0.00000000  0.00000000  0.00000000  0.00000000  0.00000000
     0.00000000  1.00000000
$ D-TYPE FUNCTIONS  
   12    6    0
   350.99500000  0.00035900 -0.00039500 -0.00057000 -0.00081900  0.00000000  0.00000000
   103.66700000  0.00318500 -0.00353000 -0.00511700 -0.00701300  0.00000000  0.00000000
    39.70430000  0.01617600 -0.01794100 -0.02623400 -0.03784700  0.00000000  0.00000000
    17.03100000  0.05455300 -0.06146100 -0.09206900 -0.13141400  0.00000000  0.00000000
     7.78902000  0.13673000 -0.15831600 -0.24644000 -0.40940000  0.00000000  0.00000000
     3.69955000  0.24202400 -0.26934000 -0.35021500 -0.28936700  0.00000000  0.00000000
     1.75532000  0.30848700 -0.24122600  0.03073600  0.91757700  0.00000000  0.00000000
     0.81284500  0.30040300  0.05857000  0.64773600  0.20208400  0.00000000  0.00000000
     0.36144100  0.21646300  0.41161500  0.24002400 -1.07616700  0.00000000  0.00000000
     0.15134600  0.09433000  0.43616000 -0.60480300  0.40176900  0.00000000  0.00000000
     0.05751300  0.01240500  0.11687300 -0.26768600  0.41503800  1.00000000  0.00000000
     0.02186000  0.00000000  0.00000000  0.00000000  0.00000000  0.00000000  1.00000000
$ F-TYPE FUNCTIONS  
    4    4    0
     5.15880000  1.00000000  0.00000000  0.00000000  0.00000000
     1.53440000  0.00000000  1.00000000  0.00000000  0.00000000
     0.45640000  0.00000000  0.00000000  1.00000000  0.00000000
     0.15270000  0.00000000  0.00000000  0.00000000  1.00000000
$ G-TYPE FUNCTIONS  
    3    3    0
     3.74760000  1.00000000  0.00000000  0.00000000
     1.05050000  0.00000000  1.00000000  0.00000000
     0.39815000  0.00000000  0.00000000  1.00000000
$ H-TYPE FUNCTIONS  
    2    2    0
     2.34480000  1.00000000  0.00000000
     0.93245000  0.00000000  1.00000000
a 27
$ COBALT    
$      ( 22s 18p 11d 3f 2g 1h ) -> [ 8s 7p 5d 3f 2g 1h ]   
$ aug  ( 1s 1p 1d 1f 1g 1h )    -> [ 1s 1p 1d 1f 1g 1h ]
$ S-TYPE FUNCTIONS  
   23    9    0
 14370220.00000  0.00006300 -0.00003300  0.00000800 -0.00000200 -0.00000300 -0.00000600
    -0.00000600  0.00000000  0.00000000
  2151540.00000  0.00017800 -0.00009400  0.00002200 -0.00000500 -0.00000900 -0.00001600
    -0.00001800  0.00000000  0.00000000
   489625.70000  0.00046800 -0.00024600  0.00005700 -0.00001200 -0.00002400 -0.00004200
    -0.00004700  0.00000000  0.00000000
   138690.30000  0.00113000 -0.00059600  0.00013900 -0.00003000 -0.00005900 -0.00010200
    -0.00011100  0.00000000  0.00000000
 45249.89000000  0.00268300 -0.00141800  0.00033000 -0.00007000 -0.00013800 -0.00023900
    -0.00028000  0.00000000  0.00000000
 16337.62000000  0.00637400 -0.00338200  0.00079100 -0.00016900 -0.00034300 -0.00059100
    -0.00060500  0.00000000  0.00000000
  6373.07300000  0.01533800 -0.00818500  0.00192000 -0.00041000 -0.00078800 -0.00136700
    -0.00171400  0.00000000  0.00000000
  2643.95800000  0.03665600 -0.01984900  0.00471400 -0.00100700 -0.00208500 -0.00358300
    -0.00337600  0.00000000  0.00000000
  1153.61400000  0.08318300 -0.04619100  0.01113300 -0.00237600 -0.00446700 -0.00778200
    -0.01057100  0.00000000  0.00000000
   524.86060000  0.16685500 -0.09827200  0.02469900 -0.00528600 -0.01123700 -0.01927100
    -0.01619400  0.00000000  0.00000000
   247.30690000  0.26729200 -0.17630400  0.04720600 -0.01009000 -0.01818500 -0.03201400
    -0.05003700  0.00000000  0.00000000
   119.90630000  0.28337400 -0.23779200  0.07229500 -0.01557900 -0.03566900 -0.06091200
    -0.03494700  0.00000000  0.00000000
    58.96429000  0.15174800 -0.15238600  0.05038300 -0.01079500 -0.01193200 -0.02361500
    -0.09934100  0.00000000  0.00000000
    27.13616000  0.06524900  0.20362200 -0.10239300  0.02222700  0.02123700  0.04374200
     0.21945600  0.00000000  0.00000000
    13.68912000  0.10040500  0.55016800 -0.38021800  0.08765700  0.23483000  0.41957500
     0.17842600  0.00000000  0.00000000
     6.88277100  0.06723100  0.35780700 -0.34544000  0.08092100  0.08484800  0.24549300
     1.04019500  0.00000000  0.00000000
     3.14464700  0.00812600  0.04576600  0.30249200 -0.08276100 -0.06156400 -0.59134800
    -3.30148200  0.00000000  0.00000000
     1.50626600 -0.00026100 -0.00389000  0.68605900 -0.22466100 -0.96334900 -1.77230800
     2.34549500  0.00000000  0.00000000
     0.68726800 -0.00003900 -0.00048400  0.30895400 -0.20158000  0.44354600  2.67902000
     0.54365700  0.00000000  0.00000000
     0.16097200 -0.00000800 -0.00020100  0.01320600  0.30176600  1.59949500 -0.72749900
    -3.57612600  0.00000000  0.00000000
     0.07301700  0.00001400  0.00017900 -0.00311700  0.58109300 -0.76952600 -1.27470800
     4.94210900  0.00000000  0.00000000
     0.03207100  0.00000100 -0.00002600  0.00208300  0.27154200 -0.70641900  1.36676000
    -2.42724700  1.00000000  0.00000000
     0.01409000  0.00000000  0.00000000  0.00000000  0.00000000  0.00000000  0.00000000
     0.00000000  0.00000000  1.00000000
$ P-TYPE FUNCTIONS  
   19    8    0
 41961.40000000  0.00005300 -0.00001900  0.00000400  0.00000700  0.00001400  0.00001800
     0.00000000  0.00000000
  9928.30600000  0.00019800 -0.00007100  0.00001600  0.00002500  0.00004900  0.00006800
     0.00000000  0.00000000
  3224.97100000  0.00081600 -0.00029100  0.00006400  0.00010300  0.00021700  0.00027200
     0.00000000  0.00000000
  1235.29300000  0.00305400 -0.00109400  0.00024000  0.00038000  0.00075300  0.00106500
     0.00000000  0.00000000
   525.84690000  0.01054400 -0.00379600  0.00084100  0.00134100  0.00285200  0.00354300
     0.00000000  0.00000000
   240.97620000  0.03196300 -0.01166700  0.00256400  0.00405300  0.00800000  0.01143100
     0.00000000  0.00000000
   116.64180000  0.08327500 -0.03109500  0.00691400  0.01103300  0.02364100  0.02911600
     0.00000000  0.00000000
    58.84834000  0.17680100 -0.06847300  0.01509700  0.02382200  0.04645900  0.06810500
     0.00000000  0.00000000
    30.52910000  0.28925200 -0.11681300  0.02625600  0.04213200  0.09308400  0.10824400
     0.00000000  0.00000000
    16.16943000  0.32940900 -0.14034000  0.03104800  0.04892600  0.09211300  0.17097000
     0.00000000  0.00000000
     8.66423600  0.21030300 -0.04553100  0.01006400  0.01823700  0.07742200  0.10383200
     0.00000000  0.00000000
     4.59194300  0.05514800  0.19798900 -0.05460200 -0.09277900 -0.32142700 -0.74773900
     0.00000000  0.00000000
     2.38104800  0.00157800  0.40524600 -0.10634600 -0.17429100 -0.43864900 -0.80927800
     0.00000000  0.00000000
     1.20624600 -0.00214500  0.37661800 -0.12105500 -0.19495800 -0.21910600  1.83736400
     0.00000000  0.00000000
     0.58882200 -0.00118800  0.16425000  0.00631300  0.08664400  1.17944500 -0.14066100
     0.00000000  0.00000000
     0.22489300 -0.00008000  0.01732600  0.32832200  0.61960700  0.13243900 -1.43989200
     0.00000000  0.00000000
     0.09044800 -0.00000300 -0.00115900  0.54043800  0.41551700 -0.81092100  1.04983000
     0.00000000  0.00000000
     0.03582000  0.00000000  0.00052600  0.26154000  0.02007600 -0.02504700  0.06708100
     1.00000000  0.00000000
     0.01419000  0.00000000  0.00000000  0.00000000  0.00000000  0.00000000  0.00000000
     0.00000000  1.00000000
$ D-TYPE FUNCTIONS  
   12    6    0
   371.56600000  0.00039800 -0.00046000 -0.00061100 -0.00091900  0.00000000  0.00000000
   110.11500000  0.00348100 -0.00406100 -0.00541600 -0.00759700  0.00000000  0.00000000
    42.42550000  0.01736200 -0.02025800 -0.02723500 -0.04101100  0.00000000  0.00000000
    18.33690000  0.05768200 -0.06858200 -0.09420800 -0.13799900  0.00000000  0.00000000
     8.45730000  0.14181100 -0.17346300 -0.24959600 -0.43927400  0.00000000  0.00000000
     4.04179000  0.24565600 -0.28587200 -0.34407400 -0.23453600  0.00000000  0.00000000
     1.92603000  0.30750200 -0.22884200  0.08303200  0.97367900  0.00000000  0.00000000
     0.89428100  0.29559500  0.10002400  0.65109800  0.07504000  0.00000000  0.00000000
     0.39798800  0.21216700  0.42132800  0.17780300 -1.03066800  0.00000000  0.00000000
     0.16650000  0.09289600  0.40546800 -0.61558200  0.44349000  0.00000000  0.00000000
     0.06302500  0.01244200  0.10251700 -0.25692500  0.38136600  1.00000000  0.00000000
     0.02386000  0.00000000  0.00000000  0.00000000  0.00000000  0.00000000  1.00000000
$ F-TYPE FUNCTIONS  
    4    4    0
     5.94100000  1.00000000  0.00000000  0.00000000  0.00000000
     1.78500000  0.00000000  1.00000000  0.00000000  0.00000000
     0.53630000  0.00000000  0.00000000  1.00000000  0.00000000
     0.18087000  0.00000000  0.00000000  0.00000000  1.00000000
$ G-TYPE FUNCTIONS  
    3    3    0
     4.38700000  1.00000000  0.00000000  0.00000000
     1.25100000  0.00000000  1.00000000  0.00000000
     0.48521000  0.00000000  0.00000000  1.00000000
$ H-TYPE FUNCTIONS  
    2    2    0
     2.74850000  1.00000000  0.00000000
     1.12461000  0.00000000  1.00000000
a 28
$ NICKEL    
$      ( 22s 18p 11d 3f 2g 1h ) -> [ 8s 7p 5d 3f 2g 1h ]   
$ aug  ( 1s 1p 1d 1f 1g 1h )    -> [ 1s 1p 1d 1f 1g 1h ]
$ S-TYPE FUNCTIONS  
   23    9    0
 15503020.00000  0.00006800 -0.00003100  0.00000800 -0.00000200 -0.00000400 -0.00000600
    -0.00000700  0.00000000  0.00000000
  2321071.00000  0.00019200 -0.00008700  0.00002300 -0.00000500 -0.00001000 -0.00001700
    -0.00001900  0.00000000  0.00000000
   528180.20000  0.00050300 -0.00022800  0.00006000 -0.00001300 -0.00002600 -0.00004500
    -0.00005000  0.00000000  0.00000000
   149604.00000  0.00120800 -0.00054900  0.00014500 -0.00003100 -0.00006300 -0.00010800
    -0.00011700  0.00000000  0.00000000
 48809.07000000  0.00284900 -0.00129700  0.00034300 -0.00007300 -0.00014600 -0.00025300
    -0.00029400  0.00000000  0.00000000
 17622.39000000  0.00671500 -0.00307200  0.00081400 -0.00017300 -0.00035900 -0.00061400
    -0.00062900  0.00000000  0.00000000
  6874.20100000  0.01602600 -0.00737900  0.00196000 -0.00041500 -0.00082400 -0.00143300
    -0.00176900  0.00000000  0.00000000
  2851.85700000  0.03804500 -0.01780500  0.00477900 -0.00101300 -0.00214700 -0.00364700
    -0.00345300  0.00000000  0.00000000
  1244.33400000  0.08601600 -0.04138400  0.01124100 -0.00238100 -0.00463000 -0.00812600
    -0.01081100  0.00000000  0.00000000
   566.15470000  0.17247300 -0.08847700  0.02488000 -0.00528600 -0.01146600 -0.01933600
    -0.01639700  0.00000000  0.00000000
   266.78730000  0.27714700 -0.16053300  0.04752200 -0.01008200 -0.01888500 -0.03377800
    -0.05113200  0.00000000  0.00000000
   129.37520000  0.29687800 -0.22114500  0.07270800 -0.01555500 -0.03609100 -0.05973300
    -0.03477300  0.00000000  0.00000000
    63.65161000  0.16072200 -0.14293000  0.05048700 -0.01072800 -0.01319300 -0.02919500
    -0.10200900  0.00000000  0.00000000
    29.33302000  0.05320900  0.21050900 -0.10491000  0.02258700  0.02493500  0.05767200
     0.22481300  0.00000000  0.00000000
    14.82212000  0.06707800  0.55717800 -0.38415800  0.08782300  0.23515100  0.39629800
     0.16662900  0.00000000  0.00000000
     7.46051300  0.04510400  0.35874700 -0.34051000  0.07875000  0.09955900  0.32628200
     1.15040800  0.00000000  0.00000000
     3.41357600  0.00516300  0.04480500  0.31286900 -0.08413100 -0.09912500 -0.76599900
    -3.66776000  0.00000000  0.00000000
     1.63288400 -0.00016800 -0.00477100  0.67878900 -0.22123500 -0.95202300 -1.59511100
     2.90890600  0.00000000  0.00000000
     0.74357900 -0.00008100 -0.00097100  0.30741900 -0.19437000  0.47900000  2.60515600
     0.12330700  0.00000000  0.00000000
     0.17259200  0.00000000 -0.00022500  0.01466500  0.29581500  1.49972800 -0.76476900
    -3.25688700  0.00000000  0.00000000
     0.07742000  0.00000000  0.00014500 -0.00395400  0.57688500 -0.65335900 -1.17491300
     4.63034400  0.00000000  0.00000000
     0.03370100  0.00000100 -0.00004200  0.00229000  0.27905900 -0.74611100  1.30473200
    -2.30726400  1.00000000  0.00000000
     0.01467000  0.00000000  0.00000000  0.00000000  0.00000000  0.00000000  0.00000000
     0.00000000  0.00000000  1.00000000
$ P-TYPE FUNCTIONS  
   19    8    0
 45066.62000000  0.00005700 -0.00002000  0.00000400  0.00000900  0.00001500  0.00002100
     0.00000000  0.00000000
 10662.64000000  0.00020800 -0.00007400  0.00001500  0.00003100  0.00005400  0.00007700
     0.00000000  0.00000000
  3463.43100000  0.00084600 -0.00030200  0.00006200  0.00012900  0.00023300  0.00030400
     0.00000000  0.00000000
  1326.62400000  0.00313400 -0.00112600  0.00022700  0.00046700  0.00080600  0.00117100
     0.00000000  0.00000000
   564.74140000  0.01076500 -0.00388600  0.00079400  0.00166900  0.00302300  0.00390200
     0.00000000  0.00000000
   258.82880000  0.03254100 -0.01191800  0.00241000  0.00494200  0.00850500  0.01248900
     0.00000000  0.00000000
   125.31150000  0.08462000 -0.03170800  0.00650100  0.01370300  0.02497400  0.03201200
     0.00000000  0.00000000
    63.24233000  0.17925300 -0.06974900  0.01414200  0.02888200  0.04931000  0.07420300
     0.00000000  0.00000000
    32.82406000  0.29207700 -0.11858300  0.02460100  0.05250900  0.09771200  0.11867200
     0.00000000  0.00000000
    17.39692000  0.32908000 -0.14059200  0.02848700  0.05752500  0.09782300  0.18884400
     0.00000000  0.00000000
     9.32439400  0.20605000 -0.03918200  0.00797300  0.02334100  0.07479300  0.10424500
     0.00000000  0.00000000
     4.93883900  0.05218000  0.20703700 -0.05247500 -0.13147900 -0.37289300 -0.98572300
     0.00000000  0.00000000
     2.56202500  0.00079300  0.40686600 -0.09615000 -0.21251800 -0.45210700 -0.52241200
     0.00000000  0.00000000
     1.29929400 -0.00249700  0.36721300 -0.10989100 -0.21495100 -0.08318100  2.00848500
     0.00000000  0.00000000
     0.63467800 -0.00134000  0.16253200  0.00527700  0.22642900  1.18108100 -0.65167300
     0.00000000  0.00000000
     0.23259940 -0.00009600  0.01794900  0.31605600  0.63903300 -0.09963000 -1.09106700
     0.00000000  0.00000000
     0.09152300  0.00000500 -0.00161000  0.54141700  0.31297400 -0.74370200  1.00980800
     0.00000000  0.00000000
     0.03557400 -0.00000200  0.00066200  0.27566100  0.01200400  0.00040900  0.00826500
     1.00000000  0.00000000
     0.01383000  0.00000000  0.00000000  0.00000000  0.00000000  0.00000000  0.00000000
     0.00000000  1.00000000
$ D-TYPE FUNCTIONS  
   12    6    0
   432.27420000  0.00035100 -0.00036000  0.00050700 -0.00073000  0.00000000  0.00000000
   127.45700000  0.00311600 -0.00321900  0.00457700 -0.00627700  0.00000000  0.00000000
    48.83096000  0.01601100 -0.01654800  0.02354900 -0.03406300  0.00000000  0.00000000
    21.01675000  0.05461400 -0.05727100  0.08318700 -0.11843900  0.00000000  0.00000000
     9.65710300  0.13649500 -0.14687300  0.22108900 -0.36639000  0.00000000  0.00000000
     4.60305300  0.23891100 -0.24790100  0.33981300 -0.32055300  0.00000000  0.00000000
     2.18924400  0.30000200 -0.22348900  0.03907800  0.69397700  0.00000000  0.00000000
     1.01439300  0.29069600  0.01323900 -0.52215200  0.46238400  0.00000000  0.00000000
     0.45035250  0.22097700  0.31047700 -0.39505700 -0.82147900  0.00000000  0.00000000
     0.18765310  0.12032300  0.45225100  0.36565900 -0.18601700  0.00000000  0.00000000
     0.07047793  0.03336900  0.25881900  0.48749200  0.66430200  1.00000000  0.00000000
     0.02647000  0.00000000  0.00000000  0.00000000  0.00000000  0.00000000  1.00000000
$ F-TYPE FUNCTIONS  
    4    4    0
     6.83030000  1.00000000  0.00000000  0.00000000  0.00000000
     2.07480000  0.00000000  1.00000000  0.00000000  0.00000000
     0.63020000  0.00000000  0.00000000  1.00000000  0.00000000
     0.21526000  0.00000000  0.00000000  0.00000000  1.00000000
$ G-TYPE FUNCTIONS  
    3    3    0
     5.33150000  1.00000000  0.00000000  0.00000000
     1.52150000  0.00000000  1.00000000  0.00000000
     0.61121000  0.00000000  0.00000000  1.00000000
$ H-TYPE FUNCTIONS  
    2    2    0
     3.19480000  1.00000000  0.00000000
     1.34382000  0.00000000  1.00000000
a 29
$ COPPER    
$      ( 22s 18p 11d 3f 2g 1h ) -> [ 8s 7p 5d 3f 2g 1h ]   
$ aug  ( 1s 1p 1d 1f 1g 1h )    -> [ 1s 1p 1d 1f 1g 1h ]
$ S-TYPE FUNCTIONS  
   23    9    0
 16665490.00000  0.00006900 -0.00003900  0.00000900 -0.00000200 -0.00000300 -0.00000700
    -0.00000700  0.00000000  0.00000000
  2495213.00000  0.00019200 -0.00010800  0.00002400 -0.00000500 -0.00000900 -0.00001900
    -0.00002000  0.00000000  0.00000000
   567850.70000  0.00050200 -0.00028300  0.00006400 -0.00001300 -0.00002400 -0.00004900
    -0.00005200  0.00000000  0.00000000
   160853.10000  0.00120000 -0.00067600  0.00015300 -0.00003100 -0.00005900 -0.00011700
    -0.00012100  0.00000000  0.00000000
 52481.86000000  0.00281200 -0.00158800  0.00035900 -0.00007300 -0.00013700 -0.00027200
    -0.00030000  0.00000000  0.00000000
 18948.85000000  0.00657600 -0.00373000  0.00084700 -0.00017300 -0.00033200 -0.00065800
    -0.00064100  0.00000000  0.00000000
  7391.65500000  0.01556300 -0.00888000  0.00202400 -0.00041300 -0.00075800 -0.00151500
    -0.00178300  0.00000000  0.00000000
  3066.51700000  0.03666000 -0.02122300  0.00490000 -0.00100200 -0.00195600 -0.00385900
    -0.00346300  0.00000000  0.00000000
  1337.99400000  0.08240100 -0.04889900  0.01147300 -0.00234400 -0.00421400 -0.00846900
    -0.01077800  0.00000000  0.00000000
   608.78300000  0.16433200 -0.10332200  0.02534100 -0.00519200 -0.01037200 -0.02039200
    -0.01632200  0.00000000  0.00000000
   286.89800000  0.26214500 -0.18417800  0.04832500 -0.00989100 -0.01714400 -0.03489600
    -0.05082100  0.00000000  0.00000000
   139.15300000  0.27646600 -0.24627900  0.07389200 -0.01524500 -0.03252600 -0.06340800
    -0.03445100  0.00000000  0.00000000
    68.49455000  0.14789000 -0.15575800  0.05091500 -0.01044900 -0.01201700 -0.02807800
    -0.10117200  0.00000000  0.00000000
    31.60108000  0.07159900  0.20838900 -0.10831400  0.02256600  0.02396300  0.05705800
     0.22466700  0.00000000  0.00000000
    15.99158000  0.11442200  0.55007400 -0.39144900  0.08644800  0.21196100  0.43027500
     0.16994300  0.00000000  0.00000000
     8.05651000  0.07473300  0.34998000 -0.33699100  0.07533100  0.08428000  0.29730200
     1.11326100  0.00000000  0.00000000
     3.69032900  0.00890100  0.04380900  0.32234400 -0.08421300 -0.08947200 -0.77236500
    -3.56321400  0.00000000  0.00000000
     1.76290200 -0.00032400 -0.00366900  0.68295700 -0.21516500 -0.80919600 -1.57986200
     2.76750900  0.00000000  0.00000000
     0.80126900 -0.00005800 -0.00050700  0.29702800 -0.18662300  0.32421700  2.53508500
     0.21888000  0.00000000  0.00000000
     0.18424300 -0.00001300 -0.00018600  0.01197400  0.28992800  1.44728900 -0.55165300
    -3.26603100  0.00000000  0.00000000
     0.08179300  0.00000700  0.00011500 -0.00269200  0.57227800 -0.44313200 -1.31225700
     4.56097200  0.00000000  0.00000000
     0.03530300 -0.00000300 -0.00003900  0.00191100  0.28710100 -0.88184800  1.28186100
    -2.24796300  1.00000000  0.00000000
     0.01524000  0.00000000  0.00000000  0.00000000  0.00000000  0.00000000  0.00000000
     0.00000000  0.00000000  1.00000000
$ P-TYPE FUNCTIONS  
   19    8    0
 48218.41000000  0.00006100 -0.00002200  0.00000400  0.00000900  0.00001700  0.00002100
     0.00000000  0.00000000
 11420.55000000  0.00021800 -0.00007900  0.00001500  0.00003000  0.00005800  0.00008000
     0.00000000  0.00000000
  3713.56900000  0.00087300 -0.00031700  0.00006200  0.00012400  0.00024600  0.00029900
     0.00000000  0.00000000
  1423.76200000  0.00319900 -0.00116700  0.00022600  0.00044300  0.00084200  0.00119900
     0.00000000  0.00000000
   606.60410000  0.01091500 -0.00400200  0.00078400  0.00157400  0.00313100  0.00374400
     0.00000000  0.00000000
   278.25640000  0.03286500 -0.01222800  0.00237000  0.00463400  0.00878700  0.01270800
     0.00000000  0.00000000
   134.84490000  0.08525800 -0.03246300  0.00638800  0.01284400  0.02570900  0.03033200
     0.00000000  0.00000000
    68.12254000  0.18026900 -0.07129400  0.01385900  0.02697000  0.05075200  0.07598300
     0.00000000  0.00000000
    35.40088000  0.29302900 -0.12102200  0.02411400  0.04912000  0.10025500  0.10850200
     0.00000000  0.00000000
    18.79029000  0.32820300 -0.14214500  0.02757100  0.05299300  0.10052500  0.20515400
     0.00000000  0.00000000
    10.08356000  0.20377200 -0.03636800  0.00709700  0.02061700  0.07335000  0.05701500
     0.00000000  0.00000000
     5.34612000  0.05146100  0.21254700 -0.05192400 -0.12266500 -0.38872600 -0.91178200
     0.00000000  0.00000000
     2.77522800  0.00137300  0.40986700 -0.09260400 -0.19119100 -0.44954700 -0.54096200
     0.00000000  0.00000000
     1.40756400 -0.00189300  0.36532400 -0.10556400 -0.20744300 -0.07661700  1.94976200
     0.00000000  0.00000000
     0.68721300 -0.00103400  0.15591600  0.00637800  0.19264600  1.18207000 -0.58803900
     0.00000000  0.00000000
     0.24739700 -0.00006000  0.01549700  0.31177600  0.64900100 -0.09965900 -1.13022400
     0.00000000  0.00000000
     0.09618700  0.00000000 -0.00154500  0.54075100  0.32873200 -0.71712100  1.04414600
     0.00000000  0.00000000
     0.03694800 -0.00000100  0.00059300  0.28207400  0.01000400  0.00545500  0.00012800
     1.00000000  0.00000000
     0.01419000  0.00000000  0.00000000  0.00000000  0.00000000  0.00000000  0.00000000
     0.00000000  1.00000000
$ D-TYPE FUNCTIONS  
   12    6    0
   556.31700000  0.00026100 -0.00032400  0.00038900 -0.00060300  0.00000000  0.00000000
   163.69200000  0.00234400 -0.00291800  0.00353400 -0.00505400  0.00000000  0.00000000
    62.79730000  0.01248600 -0.01559400  0.01893600 -0.02932000  0.00000000  0.00000000
    27.24780000  0.04428200 -0.05596100  0.06892800 -0.10163200  0.00000000  0.00000000
    12.62980000  0.11593400 -0.15181600  0.19727200 -0.35267300  0.00000000  0.00000000
     6.10341000  0.21745000 -0.27978700  0.34873600 -0.42138900  0.00000000  0.00000000
     2.96544800  0.29142100 -0.27153300  0.05970300  0.73433000  0.00000000  0.00000000
     1.41265300  0.29835700  0.01809000 -0.55969900  0.55649400  0.00000000  0.00000000
     0.64984500  0.23798600  0.35620400 -0.38802600 -0.97654500  0.00000000  0.00000000
     0.28370100  0.13325300  0.42016000  0.43832700 -0.08991300  0.00000000  0.00000000
     0.11332900  0.03512400  0.19377800  0.48886300  0.65433200  1.00000000  0.00000000
     0.04527000  0.00000000  0.00000000  0.00000000  0.00000000  0.00000000  1.00000000
$ F-TYPE FUNCTIONS  
    4    4    0
     7.68370000  1.00000000  0.00000000  0.00000000  0.00000000
     2.36570000  0.00000000  1.00000000  0.00000000  0.00000000
     0.72840000  0.00000000  0.00000000  1.00000000  0.00000000
     0.25007000  0.00000000  0.00000000  0.00000000  1.00000000
$ G-TYPE FUNCTIONS  
    3    3    0
     5.94230000  1.00000000  0.00000000  0.00000000
     1.74940000  0.00000000  1.00000000  0.00000000
     0.71035000  0.00000000  0.00000000  1.00000000
$ H-TYPE FUNCTIONS  
    2    2    0
     3.72930000  1.00000000  0.00000000
     1.62276000  0.00000000  1.00000000
a 30
$ ZINC      
$      ( 22s 18p 11d 3f 2g 1h ) -> [ 8s 7p 5d 3f 2g 1h ]   
$ aug  ( 1s 1p 1d 1f 1g 1h )    -> [ 1s 1p 1d 1f 1g 1h ]
$ S-TYPE FUNCTIONS  
   23    9    0
 17852930.00000  0.00007900 -0.00002500  0.00000900 -0.00000200 -0.00000500  0.00000700
    -0.00001000  0.00000000  0.00000000
  2673038.00000  0.00022000 -0.00006900  0.00002600 -0.00000500 -0.00001500  0.00002100
    -0.00002800  0.00000000  0.00000000
   608324.40000  0.00057300 -0.00018100  0.00006900 -0.00001400 -0.00003900  0.00005400
    -0.00007300  0.00000000  0.00000000
   172317.60000  0.00136400 -0.00043200  0.00016400 -0.00003300 -0.00009300  0.00012700
    -0.00017100  0.00000000  0.00000000
 56222.69000000  0.00317900 -0.00100800  0.00038200 -0.00007700 -0.00021300  0.00029900
    -0.00041400  0.00000000  0.00000000
 20299.85000000  0.00738200 -0.00235800  0.00089500 -0.00018200 -0.00051700  0.00069500
    -0.00091400  0.00000000  0.00000000
  7918.87100000  0.01734300 -0.00558800  0.00212200 -0.00042900 -0.00115800  0.00167000
    -0.00237400  0.00000000  0.00000000
  3285.34000000  0.04062900 -0.01337700  0.00510300 -0.00103600 -0.00301700  0.00394000
    -0.00501200  0.00000000  0.00000000
  1433.52400000  0.09112800 -0.03110600  0.01188800 -0.00240500 -0.00632800  0.00944600
    -0.01390700  0.00000000  0.00000000
   652.28890000  0.18241500 -0.06758200  0.02618600 -0.00533700 -0.01599200  0.02015200
    -0.02451700  0.00000000  0.00000000
   307.43600000  0.29446100 -0.12662000  0.04980500 -0.01009000 -0.02538300  0.04047100
    -0.06337000  0.00000000  0.00000000
   149.14660000  0.32085800 -0.18428600  0.07596600 -0.01567100 -0.05087800  0.05821100
    -0.06185200  0.00000000  0.00000000
    73.45108000  0.17639400 -0.12100300  0.05176600 -0.01040000 -0.01479300  0.04809200
    -0.10684800  0.00000000  0.00000000
    33.92562000  0.02695000  0.22201900 -0.11297800  0.02312600  0.03055700 -0.10617800
     0.22543100  0.00000000  0.00000000
    17.18947000 -0.00146200  0.56094700 -0.40129800  0.08994500  0.34757000 -0.38222900
     0.56748000  0.00000000  0.00000000
     8.66659500  0.00098800  0.35248600 -0.33473700  0.07351200  0.10940300 -0.51358700
     1.01075200  0.00000000  0.00000000
     3.97250500 -0.00045400  0.04543300  0.33310000 -0.08500300 -0.22084000  1.53579600
    -5.56117000  0.00000000  0.00000000
     1.89466500  0.00016700  0.00005200  0.68897200 -0.22896900 -1.30441100  0.67490300
     6.99150000  0.00000000  0.00000000
     0.85938500 -0.00006700  0.00100900  0.28486400 -0.18109300  1.06635700 -2.54223600
    -3.54246000  0.00000000  0.00000000
     0.19525600  0.00002100 -0.00011800  0.00824400  0.34799900  1.42717400  2.33682400
     0.03952800  0.00000000  0.00000000
     0.08585400 -0.00001500  0.00008900 -0.00309300  0.57004000 -1.26136100 -0.90722200
     1.62668300  0.00000000  0.00000000
     0.03678100  0.00000500 -0.00002800  0.00079500  0.23667700 -0.19922200 -0.45937100
    -1.31771600  1.00000000  0.00000000
     0.01576000  0.00000000  0.00000000  0.00000000  0.00000000  0.00000000  0.00000000
     0.00000000  0.00000000  1.00000000
$ P-TYPE FUNCTIONS  
   19    8    0
 52867.93000000  0.00006300 -0.00002400  0.00000400  0.00000800  0.00001700 -0.00002200
     0.00000000  0.00000000
 12511.79000000  0.00022100 -0.00008300  0.00001500  0.00002700  0.00005800 -0.00008000
     0.00000000  0.00000000
  4065.28600000  0.00087100 -0.00032700  0.00006100  0.00010900  0.00024600 -0.00028600
     0.00000000  0.00000000
  1557.59500000  0.00315500 -0.00119100  0.00021800  0.00038500  0.00082100 -0.00118500
     0.00000000  0.00000000
   663.28920000  0.01071400 -0.00406500  0.00075500  0.00135400  0.00309000 -0.00349300
     0.00000000  0.00000000
   304.15610000  0.03222800 -0.01240200  0.00227600  0.00400800  0.00850000 -0.01253200
     0.00000000  0.00000000
   147.36800000  0.08377000 -0.03297600  0.00615300  0.01105500  0.02541700 -0.02813700
     0.00000000  0.00000000
    74.45469000  0.17784400 -0.07268300  0.01339000  0.02349100  0.04921000 -0.07600000
     0.00000000  0.00000000
    38.71493000  0.29057900 -0.12398400  0.02346700  0.04257700  0.10066900 -0.09850600
     0.00000000  0.00000000
    20.57022000  0.32750000 -0.14629000  0.02689200  0.04686100  0.09650900 -0.21436700
     0.00000000  0.00000000
    11.05425000  0.20592300 -0.04022800  0.00744200  0.01772200  0.08192700 -0.02651100
     0.00000000  0.00000000
     5.87466100  0.05491400  0.20981900 -0.04977600 -0.10030300 -0.38340100  0.77288800
     0.00000000  0.00000000
     3.05293600  0.00490900  0.41136500 -0.08906300 -0.16339300 -0.41820300  0.68749800
     0.00000000  0.00000000
     1.54722500  0.00097300  0.36882200 -0.10288100 -0.18939300 -0.16770700 -1.87484400
     0.00000000  0.00000000
     0.75415100  0.00018400  0.15420100  0.00422100  0.11724400  1.19480900  0.38645000
     0.00000000  0.00000000
     0.26555300  0.00005000  0.01414200  0.30498000  0.64695000 -0.00192100  1.24361500
     0.00000000  0.00000000
     0.10190800 -0.00001200 -0.00150400  0.54105000  0.37995200 -0.73376600 -1.07259700
     0.00000000  0.00000000
     0.03862300  0.00000300  0.00057000  0.29142000  0.00902100  0.01051500  0.00321500
     1.00000000  0.00000000
     0.01464000  0.00000000  0.00000000  0.00000000  0.00000000  0.00000000  0.00000000
     0.00000000  1.00000000
$ D-TYPE FUNCTIONS  
   12    6    0
   690.08470000  0.00020800 -0.00029000 -0.00032200  0.00045700  0.00000000  0.00000000
   202.30660000  0.00188000 -0.00263000 -0.00298000  0.00379100  0.00000000  0.00000000
    77.44594000  0.01031500 -0.01453400 -0.01635300  0.02303600  0.00000000  0.00000000
    33.68378000  0.03793400 -0.05393300 -0.06167300  0.08120200  0.00000000  0.00000000
    15.66998000  0.10289000 -0.15242700 -0.18589000  0.29379300  0.00000000  0.00000000
     7.62247000  0.20268100 -0.30009700 -0.37500800  0.44773700  0.00000000  0.00000000
     3.74997800  0.28453000 -0.31030100 -0.04018200 -0.60335400  0.00000000  0.00000000
     1.81815100  0.30243000  0.02185700  0.61095900 -0.69040400  0.00000000  0.00000000
     0.85559700  0.24892500  0.39612200  0.33865200  0.97606800  0.00000000  0.00000000
     0.38384200  0.14229600  0.39680900 -0.48913400  0.22860700  0.00000000  0.00000000
     0.15795200  0.03782000  0.13962900 -0.46518300 -0.80745800  1.00000000  0.00000000
     0.06500000  0.00000000  0.00000000  0.00000000  0.00000000  0.00000000  1.00000000
$ F-TYPE FUNCTIONS  
    4    4    0
     8.64080000  1.00000000  0.00000000  0.00000000  0.00000000
     2.69470000  0.00000000  1.00000000  0.00000000  0.00000000
     0.84030000  0.00000000  0.00000000  1.00000000  0.00000000
     0.29390000  0.00000000  0.00000000  0.00000000  1.00000000
$ G-TYPE FUNCTIONS  
    3    3    0
     6.82150000  1.00000000  0.00000000  0.00000000
     2.03780000  0.00000000  1.00000000  0.00000000
     0.84730000  0.00000000  0.00000000  1.00000000
$ H-TYPE FUNCTIONS  
    2    2    0
     4.33960000  1.00000000  0.00000000
     1.96054000  0.00000000  1.00000000
 
$ END OF BASIS
 
