$cc-pV6Z

$
$  REFERENCE
a 1
$ HYDROGEN     (10s,5p,4d,3f,2g,1h) -> [6s,5p,4d,3f,2g,1h]       
$ S-TYPE FUNCTIONS
   10    6    0
   1776.7755600  0.00004400  0.00000000  0.00000000  0.00000000  0.00000000  0.00000000
    254.0177120  0.00037200  0.00000000  0.00000000  0.00000000  0.00000000  0.00000000
     54.6980390  0.00209400  0.00000000  0.00000000  0.00000000  0.00000000  0.00000000
     15.0183440  0.00886300  0.00000000  0.00000000  0.00000000  0.00000000  0.00000000
      4.9150780  0.03054000  0.00000000  0.00000000  0.00000000  0.00000000  0.00000000
      1.7949240  0.09034200  1.00000000  0.00000000  0.00000000  0.00000000  0.00000000
      0.7107160  0.21323900  0.00000000  1.00000000  0.00000000  0.00000000  0.00000000
      0.3048020  0.35235000  0.00000000  0.00000000  1.00000000  0.00000000  0.00000000
      0.1380460  0.33965700  0.00000000  0.00000000  0.00000000  1.00000000  0.00000000
      0.0621570  0.10733000  0.00000000  0.00000000  0.00000000  0.00000000  1.00000000
$ P-TYPE FUNCTIONS
    5    5    0
      4.3950000  1.00000000  0.00000000  0.00000000  0.00000000  0.00000000
      1.9950000  0.00000000  1.00000000  0.00000000  0.00000000  0.00000000
      0.9060000  0.00000000  0.00000000  1.00000000  0.00000000  0.00000000
      0.4110000  0.00000000  0.00000000  0.00000000  1.00000000  0.00000000
      0.1866000  0.00000000  0.00000000  0.00000000  0.00000000  1.00000000
$ D-TYPE FUNCTIONS
    4    4    0
      4.9740000  1.00000000  0.00000000  0.00000000  0.00000000
      2.2150000  0.00000000  1.00000000  0.00000000  0.00000000
      0.9860000  0.00000000  0.00000000  1.00000000  0.00000000
      0.4390000  0.00000000  0.00000000  0.00000000  1.00000000
$ F-TYPE FUNCTIONS
    3    3    0
      3.6650000  1.00000000  0.00000000  0.00000000
      1.6190000  0.00000000  1.00000000  0.00000000
      0.7150000  0.00000000  0.00000000  1.00000000
$ G-TYPE FUNCTIONS
    2    2    0
      3.4480000  1.00000000  0.00000000
      1.3120000  0.00000000  1.00000000
$ H-TYPE FUNCTIONS
    1    1    0
      2.7580000  1.00000000
a 6
$ CARBON       (16s,11p,5d,4f,3g,2h,1i) -> [7s,6p,5d,4f,3g,2h,1i]
$ S-TYPE FUNCTIONS
   16    7    0
 312229.0000000  0.00000600  0.00000100  0.00000000  0.00000000  0.00000000  0.00000000
      0.0000000
  46749.6900000  0.00004400  0.00000900  0.00000000  0.00000000  0.00000000  0.00000000
      0.0000000
  10638.5500000  0.00023200  0.00004900  0.00000000  0.00000000  0.00000000  0.00000000
      0.0000000
   3013.2870000  0.00097900  0.00020900  0.00000000  0.00000000  0.00000000  0.00000000
      0.0000000
    983.0464000  0.00355000  0.00760000  0.00000000  0.00000000  0.00000000  0.00000000
      0.0000000
    354.8877000  0.01143900  0.00245400  0.00000000  0.00000000  0.00000000  0.00000000
      0.0000000
    138.4034000  0.03300200  0.00720200  0.00000000  0.00000000  0.00000000  0.00000000
      0.0000000
     57.3618400  0.08399600  0.01879500  0.00000000  0.00000000  0.00000000  0.00000000
      0.0000000
     24.9283800  0.18068400  0.04324900  0.00000000  0.00000000  0.00000000  0.00000000
      0.0000000
     11.2296400  0.30498900  0.08262100  0.00000000  0.00000000  0.00000000  0.00000000
      0.0000000
      5.2015490  0.34128800  0.12851800  0.00000000  0.00000000  0.00000000  0.00000000
      0.0000000
      2.4265640  0.00000000  0.00000000  1.00000000  0.00000000  0.00000000  0.00000000
      0.0000000
      0.9673440  0.00000000  0.00000000  0.00000000  1.00000000  0.00000000  0.00000000
      0.0000000
      0.4455990  0.00000000  0.00000000  0.00000000  0.00000000  1.00000000  0.00000000
      0.0000000
      0.1971220  0.00000000  0.00000000  0.00000000  0.00000000  0.00000000  1.00000000
      0.0000000
      0.0863470  0.00000000  0.00000000  0.00000000  0.00000000  0.00000000  0.00000000
      1.0000000
$ P-TYPE FUNCTIONS
   11    6    0
    478.6415000  0.00006200  0.00000000  0.00000000  0.00000000  0.00000000  0.00000000
    113.4184000  0.00053700  0.00000000  0.00000000  0.00000000  0.00000000  0.00000000
     36.8162300  0.00292600  0.00000000  0.00000000  0.00000000  0.00000000  0.00000000
     13.9649200  0.01150300  0.00000000  0.00000000  0.00000000  0.00000000  0.00000000
      5.8078700  0.03572100  0.00000000  0.00000000  0.00000000  0.00000000  0.00000000
      2.4359400  0.09312000  0.00000000  0.00000000  0.00000000  0.00000000  0.00000000
      1.1737790  0.00000000  1.00000000  0.00000000  0.00000000  0.00000000  0.00000000
      0.5536750  0.00000000  0.00000000  1.00000000  0.00000000  0.00000000  0.00000000
      0.2621730  0.00000000  0.00000000  0.00000000  1.00000000  0.00000000  0.00000000
      0.1236170  0.00000000  0.00000000  0.00000000  0.00000000  1.00000000  0.00000000
      0.0566710  0.00000000  0.00000000  0.00000000  0.00000000  0.00000000  1.00000000
$ D-TYPE FUNCTIONS
    5    5    0
      5.5584000  1.00000000  0.00000000  0.00000000  0.00000000  0.00000000
      2.3160000  0.00000000  1.00000000  0.00000000  0.00000000  0.00000000
      0.9650000  0.00000000  0.00000000  1.00000000  0.00000000  0.00000000
      0.4020830  0.00000000  0.00000000  0.00000000  1.00000000  0.00000000
      0.1675350  0.00000000  0.00000000  0.00000000  0.00000000  1.00000000
$ F-TYPE FUNCTIONS
    4    4    0
      2.8629090  1.00000000  0.00000000  0.00000000  0.00000000
      1.1928790  0.00000000  1.00000000  0.00000000  0.00000000
      0.4970330  0.00000000  0.00000000  1.00000000  0.00000000
      0.2070970  0.00000000  0.00000000  0.00000000  1.00000000
$ G-TYPE FUNCTIONS
    3    3    0
      3.1260000  1.00000000  0.00000000  0.00000000
      1.3400000  0.00000000  1.00000000  0.00000000
      0.5583330  0.00000000  0.00000000  1.00000000
$ H-TYPE FUNCTIONS
    2    2    0
      1.9055100  1.00000000  0.00000000
      0.7939620  0.00000000  1.00000000
$ I-TYPE FUNCTIONS
    1    1    0
      1.5090000  1.00000000
a 7
$ NITROGEN     (16s,11p,5d,4f,3g,2h,1i) -> [7s,6p,5d,4f,3g,2h,1i]
$ S-TYPE FUNCTIONS
   16    7    0
 432381.1000000  0.00000600  0.00000100  0.00000000  0.00000000  0.00000000  0.00000000
      0.0000000
  64743.4200000  0.00004300  0.00001000  0.00000000  0.00000000  0.00000000  0.00000000
      0.0000000
  14733.7000000  0.00022900  0.00005000  0.00000000  0.00000000  0.00000000  0.00000000
      0.0000000
   4173.2540000  0.00096500  0.00021300  0.00000000  0.00000000  0.00000000  0.00000000
      0.0000000
   1361.4770000  0.00350000  0.00077500  0.00000000  0.00000000  0.00000000  0.00000000
      0.0000000
    491.5049000  0.01128400  0.00250400  0.00000000  0.00000000  0.00000000  0.00000000
      0.0000000
    191.6857000  0.03259900  0.00736200  0.00000000  0.00000000  0.00000000  0.00000000
      0.0000000
     79.4549900  0.08323000  0.01928600  0.00000000  0.00000000  0.00000000  0.00000000
      0.0000000
     34.5496800  0.17993000  0.04469900  0.00000000  0.00000000  0.00000000  0.00000000
      0.0000000
     15.5867300  0.30495500  0.08604800  0.00000000  0.00000000  0.00000000  0.00000000
      0.0000000
      7.2354440  0.34115900  0.13324900  0.00000000  0.00000000  0.00000000  0.00000000
      0.0000000
      3.3837390  0.00000000  0.00000000  1.00000000  0.00000000  0.00000000  0.00000000
      0.0000000
      1.3697280  0.00000000  0.00000000  0.00000000  1.00000000  0.00000000  0.00000000
      0.0000000
      0.6250890  0.00000000  0.00000000  0.00000000  0.00000000  1.00000000  0.00000000
      0.0000000
      0.2748190  0.00000000  0.00000000  0.00000000  0.00000000  0.00000000  1.00000000
      0.0000000
      0.1192090  0.00000000  0.00000000  0.00000000  0.00000000  0.00000000  0.00000000
      1.0000000
$ P-TYPE FUNCTIONS
   11    6    0
    673.5556000  0.00006400  0.00000000  0.00000000  0.00000000  0.00000000  0.00000000
    159.5845000  0.00056200  0.00000000  0.00000000  0.00000000  0.00000000  0.00000000
     51.8017000  0.00308500  0.00000000  0.00000000  0.00000000  0.00000000  0.00000000
     19.6734300  0.01229800  0.00000000  0.00000000  0.00000000  0.00000000  0.00000000
      8.1753450  0.03862500  0.00000000  0.00000000  0.00000000  0.00000000  0.00000000
      3.6161310  0.09981500  0.00000000  0.00000000  0.00000000  0.00000000  0.00000000
      1.6734140  0.00000000  1.00000000  0.00000000  0.00000000  0.00000000  0.00000000
      0.7892460  0.00000000  0.00000000  1.00000000  0.00000000  0.00000000  0.00000000
      0.3723390  0.00000000  0.00000000  0.00000000  1.00000000  0.00000000  0.00000000
      0.1740380  0.00000000  0.00000000  0.00000000  0.00000000  1.00000000  0.00000000
      0.0786810  0.00000000  0.00000000  0.00000000  0.00000000  0.00000000  1.00000000
$ D-TYPE FUNCTIONS
    5    5    0
      7.6780800  1.00000000  0.00000000  0.00000000  0.00000000  0.00000000
      3.1992000  0.00000000  1.00000000  0.00000000  0.00000000  0.00000000
      1.3330000  0.00000000  0.00000000  1.00000000  0.00000000  0.00000000
      0.5554170  0.00000000  0.00000000  0.00000000  1.00000000  0.00000000
      0.2314240  0.00000000  0.00000000  0.00000000  0.00000000  1.00000000
$ F-TYPE FUNCTIONS
    4    4    0
      4.0080730  1.00000000  0.00000000  0.00000000  0.00000000
      1.6700300  0.00000000  1.00000000  0.00000000  0.00000000
      0.6958460  0.00000000  0.00000000  1.00000000  0.00000000
      0.2899360  0.00000000  0.00000000  0.00000000  1.00000000
$ G-TYPE FUNCTIONS
    3    3    0
      4.0632000  1.00000000  0.00000000  0.00000000
      1.6930000  0.00000000  1.00000000  0.00000000
      0.7054170  0.00000000  0.00000000  1.00000000
$ H-TYPE FUNCTIONS
    2    2    0
      2.7792530  1.00000000  0.00000000
      1.1580220  0.00000000  1.00000000
$ I-TYPE FUNCTIONS
    1    1    0
      2.2220000  1.00000000
a 8
$ OXYGEN       (16s,10p,5d,4f,3g,2h,1i) -> [7s,6p,5d,4f,3g,2h,1i]
$ S-TYPE FUNCTIONS
   16    7    0
 570979.8000000  0.00000600 -0.00000100  0.00000000  0.00000000  0.00000000  0.00000000
      0.0000000
  85496.9000000  0.00004300 -0.00001000  0.00000000  0.00000000  0.00000000  0.00000000
      0.0000000
  19456.6500000  0.00022700 -0.00005100  0.00000000  0.00000000  0.00000000  0.00000000
      0.0000000
   5511.0300000  0.00095700 -0.00021700  0.00000000  0.00000000  0.00000000  0.00000000
      0.0000000
   1797.9190000  0.00347200 -0.00079100  0.00000000  0.00000000  0.00000000  0.00000000
      0.0000000
    649.0677000  0.01119600 -0.00255900  0.00000000  0.00000000  0.00000000  0.00000000
      0.0000000
    253.1386000  0.03237500 -0.00753000  0.00000000  0.00000000  0.00000000  0.00000000
      0.0000000
    104.9379000  0.08283500 -0.01978200  0.00000000  0.00000000  0.00000000  0.00000000
      0.0000000
     45.6503600  0.17966800 -0.04608600  0.00000000  0.00000000  0.00000000  0.00000000
      0.0000000
     20.6176200  0.30520100 -0.08918900  0.00000000  0.00000000  0.00000000  0.00000000
      0.0000000
      9.5867590  0.34088900 -0.13755000  0.00000000  0.00000000  0.00000000  0.00000000
      0.0000000
      4.4925100  0.17742200 -0.10510800  1.00000000  0.00000000  0.00000000  0.00000000
      0.0000000
      1.8369430  0.02047000  0.14478400  0.00000000  1.00000000  0.00000000  0.00000000
      0.0000000
      0.8348030 -0.00095900  0.44160000  0.00000000  0.00000000  1.00000000  0.00000000
      0.0000000
      0.3657220  0.00105300  0.44454500  0.00000000  0.00000000  0.00000000  1.00000000
      0.0000000
      0.1570340 -0.00009600  0.12823200  0.00000000  0.00000000  0.00000000  0.00000000
      1.0000000
$ P-TYPE FUNCTIONS
   10    6    0
    525.7638000  0.00016700  0.00000000  0.00000000  0.00000000  0.00000000  0.00000000
    124.6306000  0.00143300  0.00000000  0.00000000  0.00000000  0.00000000  0.00000000
     40.3430000  0.00754800  0.00000000  0.00000000  0.00000000  0.00000000  0.00000000
     15.1783100  0.02860100  0.00000000  0.00000000  0.00000000  0.00000000  0.00000000
      6.2450390  0.08436100  0.00000000  0.00000000  0.00000000  0.00000000  0.00000000
      2.7326240  0.18742700  1.00000000  0.00000000  0.00000000  0.00000000  0.00000000
      1.2272000  0.29795300  0.00000000  1.00000000  0.00000000  0.00000000  0.00000000
      0.5491900  0.33862300  0.00000000  0.00000000  1.00000000  0.00000000  0.00000000
      0.2417760  0.24723300  0.00000000  0.00000000  0.00000000  1.00000000  0.00000000
      0.1025050  0.07002400  0.00000000  0.00000000  0.00000000  0.00000000  1.00000000
$ D-TYPE FUNCTIONS
    5    5    0
      7.7002000  1.00000000  0.00000000  0.00000000  0.00000000  0.00000000
      3.3625000  0.00000000  1.00000000  0.00000000  0.00000000  0.00000000
      1.4684000  0.00000000  0.00000000  1.00000000  0.00000000  0.00000000
      0.6412000  0.00000000  0.00000000  0.00000000  1.00000000  0.00000000
      0.2800000  0.00000000  0.00000000  0.00000000  0.00000000  1.00000000
$ F-TYPE FUNCTIONS
    4    4    0
      6.2537000  1.00000000  0.00000000  0.00000000  0.00000000
      2.7084000  0.00000000  1.00000000  0.00000000  0.00000000
      1.1729000  0.00000000  0.00000000  1.00000000  0.00000000
      0.5080000  0.00000000  0.00000000  0.00000000  1.00000000
$ G-TYPE FUNCTIONS
    3    3    0
      5.0017000  1.00000000  0.00000000  0.00000000
      2.1158000  0.00000000  1.00000000  0.00000000
      0.8950000  0.00000000  0.00000000  1.00000000
$ H-TYPE FUNCTIONS
    2    2    0
      4.0207000  1.00000000  0.00000000
      1.5530000  0.00000000  1.00000000
$ I-TYPE FUNCTIONS
    1    1    0
      2.6000000  1.00000000


$Elements supported

$H C N O 

