$cc-pCVQZ

$
$  REFERENCE
$
$  POLARIZATION AND/OR DIFFUSE FUNCTIONS
$ Elements                             References --------                     
$         ----------  H     : T.H. Dunning, Jr. J. Chem. Phys. 90, 1007 (1989).
$  Li - Ne: T.H. Dunning, Jr. J. Chem. Phys. 90, 1007 (1989) and D. E. Woon and
$           T.H. Dunning, Jr. J. Chem. Phys. 103, 4572 (1995).                 
a 1
$ HYDROGEN     (6s,3p,2d,1f) -> [4s,3p,2d,1f]                    
$ S-TYPE FUNCTIONS
    6    4    0
     82.6400000  0.00200600  0.00000000  0.00000000  0.00000000
     12.4100000  0.01534300  0.00000000  0.00000000  0.00000000
      2.8240000  0.07557900  0.00000000  0.00000000  0.00000000
      0.7977000  0.25687500  1.00000000  0.00000000  0.00000000
      0.2581000  0.49736800  0.00000000  1.00000000  0.00000000
      0.0898900  0.29613300  0.00000000  0.00000000  1.00000000
$ P-TYPE FUNCTIONS
    3    3    0
      2.2920000  1.00000000  0.00000000  0.00000000
      0.8380000  0.00000000  1.00000000  0.00000000
      0.2920000  0.00000000  0.00000000  1.00000000
$ D-TYPE FUNCTIONS
    2    2    0
      2.0620000  1.00000000  0.00000000
      0.6620000  0.00000000  1.00000000
$ F-TYPE FUNCTIONS
    1    1    0
      1.3970000  1.00000000
a 2
$ HELIUM       (7s,3p,2d,1f) -> [4s,3p,2d,1f]                    
$ S-TYPE FUNCTIONS
    7    4    0
    528.5000000  0.00094000  0.00000000  0.00000000  0.00000000
     79.3100000  0.00721400  0.00000000  0.00000000  0.00000000
     18.0500000  0.03597500  0.00000000  0.00000000  0.00000000
      5.0850000  0.12778200  0.00000000  0.00000000  0.00000000
      1.6090000  0.30847000  1.00000000  0.00000000  0.00000000
      0.5363000  0.45305200  0.00000000  1.00000000  0.00000000
      0.1833000  0.23888400  0.00000000  0.00000000  1.00000000
$ P-TYPE FUNCTIONS
    3    3    0
      5.9940000  1.00000000  0.00000000  0.00000000
      1.7450000  0.00000000  1.00000000  0.00000000
      0.5600000  0.00000000  0.00000000  1.00000000
$ D-TYPE FUNCTIONS
    2    2    0
      4.2990000  1.00000000  0.00000000
      1.2230000  0.00000000  1.00000000
$ F-TYPE FUNCTIONS
    1    1    0
      2.6800000  1.00000000
a 5
$ BORON        (12s,6p,3d,2f,1g) -> [5s,4p,3d,2f,1g]             
$ BORON        Tight (s,p,d,f)                                   
$ S-TYPE FUNCTIONS
   15    8    0
  23870.0000000  0.00008800 -0.00001800  0.00000000  0.00000000  0.00000000  0.00000000
      0.0000000  0.00000000
   3575.0000000  0.00068700 -0.00013900  0.00000000  0.00000000  0.00000000  0.00000000
      0.0000000  0.00000000
    812.8000000  0.00360000 -0.00072500  0.00000000  0.00000000  0.00000000  0.00000000
      0.0000000  0.00000000
    229.7000000  0.01494900 -0.00306300  0.00000000  0.00000000  0.00000000  0.00000000
      0.0000000  0.00000000
     74.6900000  0.05143500 -0.01058100  0.00000000  0.00000000  0.00000000  0.00000000
      0.0000000  0.00000000
     26.8100000  0.14330200 -0.03136500  0.00000000  0.00000000  0.00000000  0.00000000
      0.0000000  0.00000000
     10.3200000  0.30093500 -0.07101200  0.00000000  0.00000000  0.00000000  0.00000000
      0.0000000  0.00000000
      4.1780000  0.40352600 -0.13210300  0.00000000  0.00000000  0.00000000  0.00000000
      0.0000000  0.00000000
      1.7270000  0.22534000 -0.12307200  0.00000000  0.00000000  0.00000000  0.00000000
      0.0000000  0.00000000
      0.4704000  0.01540700  0.26181900  1.00000000  0.00000000  0.00000000  0.00000000
      0.0000000  0.00000000
      0.1896000 -0.00395500  0.58666200  0.00000000  1.00000000  0.00000000  0.00000000
      0.0000000  0.00000000
      0.0739400  0.00112400  0.29049400  0.00000000  0.00000000  1.00000000  0.00000000
      0.0000000  0.00000000
      4.8640000  0.00000000  0.00000000  0.00000000  0.00000000  0.00000000  1.00000000
      0.0000000  0.00000000
     13.2880000  0.00000000  0.00000000  0.00000000  0.00000000  0.00000000  0.00000000
      1.0000000  0.00000000
     36.3040000  0.00000000  0.00000000  0.00000000  0.00000000  0.00000000  0.00000000
      0.0000000  1.00000000
$ P-TYPE FUNCTIONS
    9    7    0
     22.2600000  0.00509500  0.00000000  0.00000000  0.00000000  0.00000000  0.00000000
      0.0000000
      5.0580000  0.03320600  0.00000000  0.00000000  0.00000000  0.00000000  0.00000000
      0.0000000
      1.4870000  0.13231400  0.00000000  0.00000000  0.00000000  0.00000000  0.00000000
      0.0000000
      0.5071000  0.33181800  1.00000000  0.00000000  0.00000000  0.00000000  0.00000000
      0.0000000
      0.1812000  0.47206300  0.00000000  1.00000000  0.00000000  0.00000000  0.00000000
      0.0000000
      0.0646300  0.25797900  0.00000000  0.00000000  1.00000000  0.00000000  0.00000000
      0.0000000
      5.4890000  0.00000000  0.00000000  0.00000000  0.00000000  1.00000000  0.00000000
      0.0000000
     16.3020000  0.00000000  0.00000000  0.00000000  0.00000000  0.00000000  1.00000000
      0.0000000
     48.4180000  0.00000000  0.00000000  0.00000000  0.00000000  0.00000000  0.00000000
      1.0000000
$ D-TYPE FUNCTIONS
    5    5    0
      1.1100000  1.00000000  0.00000000  0.00000000  0.00000000  0.00000000
      0.4020000  0.00000000  1.00000000  0.00000000  0.00000000  0.00000000
      0.1450000  0.00000000  0.00000000  1.00000000  0.00000000  0.00000000
      6.6400000  0.00000000  0.00000000  0.00000000  1.00000000  0.00000000
     24.4620000  0.00000000  0.00000000  0.00000000  0.00000000  1.00000000
$ F-TYPE FUNCTIONS
    3    3    0
      0.8820000  1.00000000  0.00000000  0.00000000
      0.3110000  0.00000000  1.00000000  0.00000000
     18.7940000  0.00000000  0.00000000  1.00000000
$ G-TYPE FUNCTIONS
    1    1    0
      0.6730000  1.00000000
a 6
$ CARBON       (12s,6p,3d,2f,1g) -> [5s,4p,3d,2f,1g]             
$ CARBON       Tight (s,p,d,f)                                   
$ S-TYPE FUNCTIONS
   15    8    0
  33980.0000000  0.00009100 -0.00001900  0.00000000  0.00000000  0.00000000  0.00000000
      0.0000000  0.00000000
   5089.0000000  0.00070400 -0.00015100  0.00000000  0.00000000  0.00000000  0.00000000
      0.0000000  0.00000000
   1157.0000000  0.00369300 -0.00078500  0.00000000  0.00000000  0.00000000  0.00000000
      0.0000000  0.00000000
    326.6000000  0.01536000 -0.00332400  0.00000000  0.00000000  0.00000000  0.00000000
      0.0000000  0.00000000
    106.1000000  0.05292900 -0.01151200  0.00000000  0.00000000  0.00000000  0.00000000
      0.0000000  0.00000000
     38.1100000  0.14704300 -0.03416000  0.00000000  0.00000000  0.00000000  0.00000000
      0.0000000  0.00000000
     14.7500000  0.30563100 -0.07717300  0.00000000  0.00000000  0.00000000  0.00000000
      0.0000000  0.00000000
      6.0350000  0.39934500 -0.14149300  0.00000000  0.00000000  0.00000000  0.00000000
      0.0000000  0.00000000
      2.5300000  0.21705100 -0.11801900  0.00000000  0.00000000  0.00000000  0.00000000
      0.0000000  0.00000000
      0.7355000  0.01589400  0.27380600  1.00000000  0.00000000  0.00000000  0.00000000
      0.0000000  0.00000000
      0.2905000 -0.00308400  0.58651000  0.00000000  1.00000000  0.00000000  0.00000000
      0.0000000  0.00000000
      0.1111000  0.00097800  0.28543000  0.00000000  0.00000000  1.00000000  0.00000000
      0.0000000  0.00000000
      7.2160000  0.00000000  0.00000000  0.00000000  0.00000000  0.00000000  1.00000000
      0.0000000  0.00000000
     19.5700000  0.00000000  0.00000000  0.00000000  0.00000000  0.00000000  0.00000000
      1.0000000  0.00000000
     53.0730000  0.00000000  0.00000000  0.00000000  0.00000000  0.00000000  0.00000000
      0.0000000  1.00000000
$ P-TYPE FUNCTIONS
    9    7    0
     34.5100000  0.00537800  0.00000000  0.00000000  0.00000000  0.00000000  0.00000000
      0.0000000
      7.9150000  0.03613200  0.00000000  0.00000000  0.00000000  0.00000000  0.00000000
      0.0000000
      2.3680000  0.14249300  0.00000000  0.00000000  0.00000000  0.00000000  0.00000000
      0.0000000
      0.8132000  0.34215000  1.00000000  0.00000000  0.00000000  0.00000000  0.00000000
      0.0000000
      0.2890000  0.46386400  0.00000000  1.00000000  0.00000000  0.00000000  0.00000000
      0.0000000
      0.1007000  0.25002800  0.00000000  0.00000000  1.00000000  0.00000000  0.00000000
      0.0000000
      8.1820000  0.00000000  0.00000000  0.00000000  0.00000000  1.00000000  0.00000000
      0.0000000
     24.1860000  0.00000000  0.00000000  0.00000000  0.00000000  0.00000000  1.00000000
      0.0000000
     71.4940000  0.00000000  0.00000000  0.00000000  0.00000000  0.00000000  0.00000000
      1.0000000
$ D-TYPE FUNCTIONS
    5    5    0
      1.8480000  1.00000000  0.00000000  0.00000000  0.00000000  0.00000000
      0.6490000  0.00000000  1.00000000  0.00000000  0.00000000  0.00000000
      0.2280000  0.00000000  0.00000000  1.00000000  0.00000000  0.00000000
      8.6560000  0.00000000  0.00000000  0.00000000  1.00000000  0.00000000
     33.2130000  0.00000000  0.00000000  0.00000000  0.00000000  1.00000000
$ F-TYPE FUNCTIONS
    3    3    0
      1.4190000  1.00000000  0.00000000  0.00000000
      0.4850000  0.00000000  1.00000000  0.00000000
     24.6940000  0.00000000  0.00000000  1.00000000
$ G-TYPE FUNCTIONS
    1    1    0
      1.0110000  1.00000000
a 7
$ NITROGEN     (12s,6p,3d,2f,1g) -> [5s,4p,3d,2f,1g]             
$ NITROGEN     Tight (s,p,d,f)                                   
$ S-TYPE FUNCTIONS
   15    8    0
  45840.0000000  0.00009200 -0.00002000  0.00000000  0.00000000  0.00000000  0.00000000
      0.0000000  0.00000000
   6868.0000000  0.00071700 -0.00015900  0.00000000  0.00000000  0.00000000  0.00000000
      0.0000000  0.00000000
   1563.0000000  0.00374900 -0.00082400  0.00000000  0.00000000  0.00000000  0.00000000
      0.0000000  0.00000000
    442.4000000  0.01553200 -0.00347800  0.00000000  0.00000000  0.00000000  0.00000000
      0.0000000  0.00000000
    144.3000000  0.05314600 -0.01196600  0.00000000  0.00000000  0.00000000  0.00000000
      0.0000000  0.00000000
     52.1800000  0.14678700 -0.03538800  0.00000000  0.00000000  0.00000000  0.00000000
      0.0000000  0.00000000
     20.3400000  0.30466300 -0.08007700  0.00000000  0.00000000  0.00000000  0.00000000
      0.0000000  0.00000000
      8.3810000  0.39768400 -0.14672200  0.00000000  0.00000000  0.00000000  0.00000000
      0.0000000  0.00000000
      3.5290000  0.21764100 -0.11636000  0.00000000  0.00000000  0.00000000  0.00000000
      0.0000000  0.00000000
      1.0540000  0.01696300  0.27991900  1.00000000  0.00000000  0.00000000  0.00000000
      0.0000000  0.00000000
      0.4118000 -0.00274500  0.58548100  0.00000000  1.00000000  0.00000000  0.00000000
      0.0000000  0.00000000
      0.1552000  0.00095300  0.28402800  0.00000000  0.00000000  1.00000000  0.00000000
      0.0000000  0.00000000
      9.8620000  0.00000000  0.00000000  0.00000000  0.00000000  0.00000000  1.00000000
      0.0000000  0.00000000
     26.6270000  0.00000000  0.00000000  0.00000000  0.00000000  0.00000000  0.00000000
      1.0000000  0.00000000
     71.8940000  0.00000000  0.00000000  0.00000000  0.00000000  0.00000000  0.00000000
      0.0000000  1.00000000
$ P-TYPE FUNCTIONS
    9    7    0
     49.3300000  0.00553300  0.00000000  0.00000000  0.00000000  0.00000000  0.00000000
      0.0000000
     11.3700000  0.03796200  0.00000000  0.00000000  0.00000000  0.00000000  0.00000000
      0.0000000
      3.4350000  0.14902800  0.00000000  0.00000000  0.00000000  0.00000000  0.00000000
      0.0000000
      1.1820000  0.34892200  1.00000000  0.00000000  0.00000000  0.00000000  0.00000000
      0.0000000
      0.4173000  0.45897200  0.00000000  1.00000000  0.00000000  0.00000000  0.00000000
      0.0000000
      0.1428000  0.24492300  0.00000000  0.00000000  1.00000000  0.00000000  0.00000000
      0.0000000
     11.3200000  0.00000000  0.00000000  0.00000000  0.00000000  1.00000000  0.00000000
      0.0000000
     33.3490000  0.00000000  0.00000000  0.00000000  0.00000000  0.00000000  1.00000000
      0.0000000
     98.2450000  0.00000000  0.00000000  0.00000000  0.00000000  0.00000000  0.00000000
      1.0000000
$ D-TYPE FUNCTIONS
    5    5    0
      2.8370000  1.00000000  0.00000000  0.00000000  0.00000000  0.00000000
      0.9680000  0.00000000  1.00000000  0.00000000  0.00000000  0.00000000
      0.3350000  0.00000000  0.00000000  1.00000000  0.00000000  0.00000000
     11.8280000  0.00000000  0.00000000  0.00000000  1.00000000  0.00000000
     45.2180000  0.00000000  0.00000000  0.00000000  0.00000000  1.00000000
$ F-TYPE FUNCTIONS
    3    3    0
      2.0270000  1.00000000  0.00000000  0.00000000
      0.6850000  0.00000000  1.00000000  0.00000000
     28.3640000  0.00000000  0.00000000  1.00000000
$ G-TYPE FUNCTIONS
    1    1    0
      1.4270000  1.00000000
a 8
$ OXYGEN       (12s,6p,3d,2f,1g) -> [5s,4p,3d,2f,1g]             
$ OXYGEN       Tight (s,p,d,f)                                   
$ S-TYPE FUNCTIONS
   15    8    0
  61420.0000000  0.00009000 -0.00002000  0.00000000  0.00000000  0.00000000  0.00000000
      0.0000000  0.00000000
   9199.0000000  0.00069800 -0.00015900  0.00000000  0.00000000  0.00000000  0.00000000
      0.0000000  0.00000000
   2091.0000000  0.00366400 -0.00082900  0.00000000  0.00000000  0.00000000  0.00000000
      0.0000000  0.00000000
    590.9000000  0.01521800 -0.00350800  0.00000000  0.00000000  0.00000000  0.00000000
      0.0000000  0.00000000
    192.3000000  0.05242300 -0.01215600  0.00000000  0.00000000  0.00000000  0.00000000
      0.0000000  0.00000000
     69.3200000  0.14592100 -0.03626100  0.00000000  0.00000000  0.00000000  0.00000000
      0.0000000  0.00000000
     26.9700000  0.30525800 -0.08299200  0.00000000  0.00000000  0.00000000  0.00000000
      0.0000000  0.00000000
     11.1000000  0.39850800 -0.15209000  0.00000000  0.00000000  0.00000000  0.00000000
      0.0000000  0.00000000
      4.6820000  0.21698000 -0.11533100  0.00000000  0.00000000  0.00000000  0.00000000
      0.0000000  0.00000000
      1.4280000  0.01759400  0.28897900  1.00000000  0.00000000  0.00000000  0.00000000
      0.0000000  0.00000000
      0.5547000 -0.00250200  0.58612800  0.00000000  1.00000000  0.00000000  0.00000000
      0.0000000  0.00000000
      0.2067000  0.00095400  0.27762400  0.00000000  0.00000000  1.00000000  0.00000000
      0.0000000  0.00000000
     12.9740000  0.00000000  0.00000000  0.00000000  0.00000000  0.00000000  1.00000000
      0.0000000  0.00000000
     34.9000000  0.00000000  0.00000000  0.00000000  0.00000000  0.00000000  0.00000000
      1.0000000  0.00000000
     93.8810000  0.00000000  0.00000000  0.00000000  0.00000000  0.00000000  0.00000000
      0.0000000  1.00000000
$ P-TYPE FUNCTIONS
    9    7    0
     63.4200000  0.00604400  0.00000000  0.00000000  0.00000000  0.00000000  0.00000000
      0.0000000
     14.6600000  0.04179900  0.00000000  0.00000000  0.00000000  0.00000000  0.00000000
      0.0000000
      4.4590000  0.16114300  0.00000000  0.00000000  0.00000000  0.00000000  0.00000000
      0.0000000
      1.5310000  0.35673100  1.00000000  0.00000000  0.00000000  0.00000000  0.00000000
      0.0000000
      0.5302000  0.44830900  0.00000000  1.00000000  0.00000000  0.00000000  0.00000000
      0.0000000
      0.1750000  0.24494000  0.00000000  0.00000000  1.00000000  0.00000000  0.00000000
      0.0000000
     14.4750000  0.00000000  0.00000000  0.00000000  0.00000000  1.00000000  0.00000000
      0.0000000
     42.7300000  0.00000000  0.00000000  0.00000000  0.00000000  0.00000000  1.00000000
      0.0000000
    126.1400000  0.00000000  0.00000000  0.00000000  0.00000000  0.00000000  0.00000000
      1.0000000
$ D-TYPE FUNCTIONS
    5    5    0
      3.7750000  1.00000000  0.00000000  0.00000000  0.00000000  0.00000000
      1.3000000  0.00000000  1.00000000  0.00000000  0.00000000  0.00000000
      0.4440000  0.00000000  0.00000000  1.00000000  0.00000000  0.00000000
     14.9270000  0.00000000  0.00000000  0.00000000  1.00000000  0.00000000
     57.5440000  0.00000000  0.00000000  0.00000000  0.00000000  1.00000000
$ F-TYPE FUNCTIONS
    3    3    0
      2.6660000  1.00000000  0.00000000  0.00000000
      0.8590000  0.00000000  1.00000000  0.00000000
     26.4830000  0.00000000  0.00000000  1.00000000
$ G-TYPE FUNCTIONS
    1    1    0
      1.8460000  1.00000000
a 9
$ FLUORINE     (12s,6p,3d,2f,1g) -> [5s,4p,3d,2f,1g]             
$ FLUORINE     Tight (s,p,d,f)                                   
$ S-TYPE FUNCTIONS
   15    8    0
  74530.0000000  0.00009500 -0.00002200  0.00000000  0.00000000  0.00000000  0.00000000
      0.0000000  0.00000000
  11170.0000000  0.00073800 -0.00017200  0.00000000  0.00000000  0.00000000  0.00000000
      0.0000000  0.00000000
   2543.0000000  0.00385800 -0.00089100  0.00000000  0.00000000  0.00000000  0.00000000
      0.0000000  0.00000000
    721.0000000  0.01592600 -0.00374800  0.00000000  0.00000000  0.00000000  0.00000000
      0.0000000  0.00000000
    235.9000000  0.05428900 -0.01286200  0.00000000  0.00000000  0.00000000  0.00000000
      0.0000000  0.00000000
     85.6000000  0.14951300 -0.03806100  0.00000000  0.00000000  0.00000000  0.00000000
      0.0000000  0.00000000
     33.5500000  0.30825200 -0.08623900  0.00000000  0.00000000  0.00000000  0.00000000
      0.0000000  0.00000000
     13.9300000  0.39485300 -0.15586500  0.00000000  0.00000000  0.00000000  0.00000000
      0.0000000  0.00000000
      5.9150000  0.21103100 -0.11091400  0.00000000  0.00000000  0.00000000  0.00000000
      0.0000000  0.00000000
      1.8430000  0.01715100  0.29876100  1.00000000  0.00000000  0.00000000  0.00000000
      0.0000000  0.00000000
      0.7124000 -0.00201500  0.58501300  0.00000000  1.00000000  0.00000000  0.00000000
      0.0000000  0.00000000
      0.2637000  0.00086900  0.27115900  0.00000000  0.00000000  1.00000000  0.00000000
      0.0000000  0.00000000
     16.3190000  0.00000000  0.00000000  0.00000000  0.00000000  0.00000000  1.00000000
      0.0000000  0.00000000
     43.7840000  0.00000000  0.00000000  0.00000000  0.00000000  0.00000000  0.00000000
      1.0000000  0.00000000
    117.4720000  0.00000000  0.00000000  0.00000000  0.00000000  0.00000000  0.00000000
      0.0000000  1.00000000
$ P-TYPE FUNCTIONS
    9    7    0
     80.3900000  0.00634700  0.00000000  0.00000000  0.00000000  0.00000000  0.00000000
      0.0000000
     18.6300000  0.04420400  0.00000000  0.00000000  0.00000000  0.00000000  0.00000000
      0.0000000
      5.6940000  0.16851400  0.00000000  0.00000000  0.00000000  0.00000000  0.00000000
      0.0000000
      1.9530000  0.36156300  1.00000000  0.00000000  0.00000000  0.00000000  0.00000000
      0.0000000
      0.6702000  0.44217800  0.00000000  1.00000000  0.00000000  0.00000000  0.00000000
      0.0000000
      0.2166000  0.24343500  0.00000000  0.00000000  1.00000000  0.00000000  0.00000000
      0.0000000
     18.1190000  0.00000000  0.00000000  0.00000000  0.00000000  1.00000000  0.00000000
      0.0000000
     53.5050000  0.00000000  0.00000000  0.00000000  0.00000000  0.00000000  1.00000000
      0.0000000
    158.0010000  0.00000000  0.00000000  0.00000000  0.00000000  0.00000000  0.00000000
      1.0000000
$ D-TYPE FUNCTIONS
    5    5    0
      5.0140000  1.00000000  0.00000000  0.00000000  0.00000000  0.00000000
      1.7250000  0.00000000  1.00000000  0.00000000  0.00000000  0.00000000
      0.5860000  0.00000000  0.00000000  1.00000000  0.00000000  0.00000000
     18.9430000  0.00000000  0.00000000  0.00000000  1.00000000  0.00000000
     72.7980000  0.00000000  0.00000000  0.00000000  0.00000000  1.00000000
$ F-TYPE FUNCTIONS
    3    3    0
      3.5620000  1.00000000  0.00000000  0.00000000
      1.1480000  0.00000000  1.00000000  0.00000000
     25.1610000  0.00000000  0.00000000  1.00000000
$ G-TYPE FUNCTIONS
    1    1    0
      2.3760000  1.00000000
a 10
$ NEON         (12s,6p,3d,2f,1g) -> [5s,4p,3d,2f,1g]             
$ NEON         Tight (s,p,d)                                     
$ S-TYPE FUNCTIONS
   15    8    0
  99920.0000000  0.00008600 -0.00002000  0.00000000  0.00000000  0.00000000  0.00000000
      0.0000000  0.00000000
  14960.0000000  0.00066900 -0.00015800  0.00000000  0.00000000  0.00000000  0.00000000
      0.0000000  0.00000000
   3399.0000000  0.00351800 -0.00082400  0.00000000  0.00000000  0.00000000  0.00000000
      0.0000000  0.00000000
    958.9000000  0.01466700 -0.00350000  0.00000000  0.00000000  0.00000000  0.00000000
      0.0000000  0.00000000
    311.2000000  0.05096200 -0.01223300  0.00000000  0.00000000  0.00000000  0.00000000
      0.0000000  0.00000000
    111.7000000  0.14374400 -0.03701700  0.00000000  0.00000000  0.00000000  0.00000000
      0.0000000  0.00000000
     43.3200000  0.30456200 -0.08611300  0.00000000  0.00000000  0.00000000  0.00000000
      0.0000000  0.00000000
     17.8000000  0.40010500 -0.15838100  0.00000000  0.00000000  0.00000000  0.00000000
      0.0000000  0.00000000
      7.5030000  0.21864400 -0.11428800  0.00000000  0.00000000  0.00000000  0.00000000
      0.0000000  0.00000000
      2.3370000  0.01866400  0.29819100  1.00000000  0.00000000  0.00000000  0.00000000
      0.0000000  0.00000000
      0.9001000 -0.00216700  0.58578400  0.00000000  1.00000000  0.00000000  0.00000000
      0.0000000  0.00000000
      0.3301000  0.00095100  0.27246700  0.00000000  0.00000000  1.00000000  0.00000000
      0.0000000  0.00000000
     20.1800000  0.00000000  0.00000000  0.00000000  0.00000000  0.00000000  1.00000000
      0.0000000  0.00000000
     54.0420000  0.00000000  0.00000000  0.00000000  0.00000000  0.00000000  0.00000000
      1.0000000  0.00000000
    144.7250000  0.00000000  0.00000000  0.00000000  0.00000000  0.00000000  0.00000000
      0.0000000  1.00000000
$ P-TYPE FUNCTIONS
    9    7    0
     99.6800000  0.00656600  0.00000000  0.00000000  0.00000000  0.00000000  0.00000000
      0.0000000
     23.1500000  0.04597900  0.00000000  0.00000000  0.00000000  0.00000000  0.00000000
      0.0000000
      7.1080000  0.17341900  0.00000000  0.00000000  0.00000000  0.00000000  0.00000000
      0.0000000
      2.4410000  0.36457100  1.00000000  0.00000000  0.00000000  0.00000000  0.00000000
      0.0000000
      0.8339000  0.43818500  0.00000000  1.00000000  0.00000000  0.00000000  0.00000000
      0.0000000
      0.2662000  0.24168000  0.00000000  0.00000000  1.00000000  0.00000000  0.00000000
      0.0000000
     22.2220000  0.00000000  0.00000000  0.00000000  0.00000000  1.00000000  0.00000000
      0.0000000
     65.6220000  0.00000000  0.00000000  0.00000000  0.00000000  0.00000000  1.00000000
      0.0000000
    193.7800000  0.00000000  0.00000000  0.00000000  0.00000000  0.00000000  0.00000000
      1.0000000
$ D-TYPE FUNCTIONS
    5    5    0
      6.4710000  1.00000000  0.00000000  0.00000000  0.00000000  0.00000000
      2.2130000  0.00000000  1.00000000  0.00000000  0.00000000  0.00000000
      0.7470000  0.00000000  0.00000000  1.00000000  0.00000000  0.00000000
     23.6130000  0.00000000  0.00000000  0.00000000  1.00000000  0.00000000
     90.1070000  0.00000000  0.00000000  0.00000000  0.00000000  1.00000000
$ F-TYPE FUNCTIONS
    3    3    0
      4.6570000  1.00000000  0.00000000  0.00000000
      1.5240000  0.00000000  1.00000000  0.00000000
     28.8300000  0.00000000  0.00000000  1.00000000
$ G-TYPE FUNCTIONS
    1    1    0
      2.9830000  1.00000000


$Elements supported

$H He B C N O F Ne 
