$Elements                             References
$  --------                             ----------
$H - Ba; Hf - At:
$      1) K. Eichkorn, O. Treutler, H. Ohm, M. Haser and R. Ahlrichs,
$         Chem. Phys. Letters 240, 283 (1995).
$      2) K. Eichkorn, F. Weigend, O. Treutler, R. Ahlrichs,
$         Theor. Chem. Acc. 97, 119 (1997)
a 1
$ Basis = Ahlrichs Coulomb Fitting
$ HYDROGEN     (3s,2p,1d)
$ S-TYPE FUNCTIONS
    4    3    0
      9.308130000   0.034466180   0.000000000   0.000000000
      2.306718000   0.122533800   0.000000000   0.000000000
      0.752012000   0.000000000   0.182500210   0.000000000
      0.273978000   0.000000000   0.000000000   0.022150550
$ P-TYPE FUNCTIONS
    2    2    0
      2.032704000   0.029513660   0.000000000
      0.790252000   0.000000000   0.032755870
$ D-TYPE FUNCTIONS
    1    1    0
      2.019548000   1.000000000
a 2
$ Basis = Ahlrichs Coulomb Fitting
$ HELIUM       (2s,2p)
$ S-TYPE FUNCTIONS
    4    2    0
     37.393930000   0.109967050   0.000000000
      6.986690000   0.375204770   0.000000000
      1.923445000   0.418477460   0.000000000
      0.628757000   0.000000000   0.108098760
$ P-TYPE FUNCTIONS
    2    2    0
      3.600216900  -0.035547430   0.000000000
      1.500090400   0.000000000  -0.030523940
a 3
$ Basis = Ahlrichs Coulomb Fitting
$ LITHIUM      (7s,2p,2d,1f)
$ S-TYPE FUNCTIONS
    9    7    0
    173.289709000   0.080148750   0.000000000   0.000000000   0.000000000   0.000000000   0.000000000
       0.000000000
     47.834436000   0.252205650   0.000000000   0.000000000   0.000000000   0.000000000   0.000000000
       0.000000000
     14.753627000   0.665209030   0.000000000   0.000000000   0.000000000   0.000000000   0.000000000
       0.000000000
      5.052147000   0.000000000   0.776580780   0.000000000   0.000000000   0.000000000   0.000000000
       0.000000000
      1.901550000   0.000000000   0.000000000   0.271847550   0.000000000   0.000000000   0.000000000
       0.000000000
      0.775515000   0.000000000   0.000000000   0.000000000  -0.013621380   0.000000000   0.000000000
       0.000000000
      0.336355000   0.000000000   0.000000000   0.000000000   0.000000000  -0.009158090   0.000000000
       0.000000000
      0.151659000   0.000000000   0.000000000   0.000000000   0.000000000   0.000000000   0.035823790
       0.000000000
      0.069296000   0.000000000   0.000000000   0.000000000   0.000000000   0.000000000   0.000000000
       0.019364500
$ P-TYPE FUNCTIONS
    2    2    0
      0.377864000   0.006194130   0.000000000
      0.159554000   0.000000000  -0.016714520
$ D-TYPE FUNCTIONS
    2    2    0
      0.560493000   0.000084700   0.000000000
      0.237378000   0.000000000   0.001305040
$ F-TYPE FUNCTIONS
    1    1    0
      0.468426000  -0.001734190
a 4

$
$ Basis = Ahlrichs Coulomb Fitting
$ERYLLIUM    (7s,2p,2d,1f)
$ S-TYPE FUNCTIONS
    9    7    0
    268.616242000   0.155834230   0.000000000   0.000000000   0.000000000   0.000000000   0.000000000
       0.000000000
     76.015198000   0.462997920   0.000000000   0.000000000   0.000000000   0.000000000   0.000000000
       0.000000000
     23.916298000   1.167841410   0.000000000   0.000000000   0.000000000   0.000000000   0.000000000
       0.000000000
      8.310854000   0.000000000   1.244059150   0.000000000   0.000000000   0.000000000   0.000000000
       0.000000000
      3.157956000   0.000000000   0.000000000   0.298696650   0.000000000   0.000000000   0.000000000
       0.000000000
      1.294040000   0.000000000   0.000000000   0.000000000  -0.080963140   0.000000000   0.000000000
       0.000000000
      0.561718000   0.000000000   0.000000000   0.000000000   0.000000000   0.035797990   0.000000000
       0.000000000
      0.252830000   0.000000000   0.000000000   0.000000000   0.000000000   0.000000000   0.125027780
       0.000000000
      0.115217000   0.000000000   0.000000000   0.000000000   0.000000000   0.000000000   0.000000000
       0.031672200
$ P-TYPE FUNCTIONS
    2    2    0
      3.734251000  -0.033555930   0.000000000
      1.113026000   0.000000000   0.010778400
$ D-TYPE FUNCTIONS
    2    2    0
      0.918714000  -0.004158910   0.000000000
      0.355682000   0.000000000  -0.030892780
$ F-TYPE FUNCTIONS
    1    1    0
      0.395370000   1.000000000
a 5
$
$ Basis = Ahlrichs Coulomb Fitting
$ BORON        (7s,3p,3d,1f)
$ S-TYPE FUNCTIONS
    9    7    0
    392.034458000   0.245931010   0.000000000   0.000000000   0.000000000   0.000000000   0.000000000
       0.000000000
    117.497240000   0.643032420   0.000000000   0.000000000   0.000000000   0.000000000   0.000000000
       0.000000000
     38.124596000   1.687359330   0.000000000   0.000000000   0.000000000   0.000000000   0.000000000
       0.000000000
     13.300122000   0.000000000   1.802167740   0.000000000   0.000000000   0.000000000   0.000000000
       0.000000000
      4.943892000   0.000000000   0.000000000   0.384960250   0.000000000   0.000000000   0.000000000
       0.000000000
      1.936417000   0.000000000   0.000000000   0.000000000  -0.156858910   0.000000000   0.000000000
       0.000000000
      0.788705000   0.000000000   0.000000000   0.000000000   0.000000000   0.215152060   0.000000000
       0.000000000
      0.329117000   0.000000000   0.000000000   0.000000000   0.000000000   0.000000000   0.203050800
       0.000000000
      0.138468000   0.000000000   0.000000000   0.000000000   0.000000000   0.000000000   0.000000000
       0.028415100
$ P-TYPE FUNCTIONS
    3    3    0
      1.222976000  -0.017675020   0.000000000   0.000000000
      0.494853000   0.000000000  -0.007723460   0.000000000
      0.208793000   0.000000000   0.000000000  -0.043175220
$ D-TYPE FUNCTIONS
    3    3    0
      2.401898000   0.034346760   0.000000000   0.000000000
      0.764497000   0.000000000   0.056173630   0.000000000
      0.257494000   0.000000000   0.000000000   0.021633960
$ F-TYPE FUNCTIONS
    1    1    0
      0.913067000   0.027924650
a 6
$
$ Basis = Ahlrichs Coulomb Fitting
$ CARBON       (7s,3p,3d,1f)
$ S-TYPE FUNCTIONS
    9    7    0
    591.553927000   0.315820200   0.000000000   0.000000000   0.000000000   0.000000000   0.000000000
       0.000000000
    172.117940000   0.875038630   0.000000000   0.000000000   0.000000000   0.000000000   0.000000000
       0.000000000
     54.799259000   2.307605240   0.000000000   0.000000000   0.000000000   0.000000000   0.000000000
       0.000000000
     18.959094000   0.000000000   2.417972150   0.000000000   0.000000000   0.000000000   0.000000000
       0.000000000
      7.059930000   0.000000000   0.000000000   0.413457620   0.000000000   0.000000000   0.000000000
       0.000000000
      2.794849000   0.000000000   0.000000000   0.000000000  -0.190009540   0.000000000   0.000000000
       0.000000000
      1.158634000   0.000000000   0.000000000   0.000000000   0.000000000   0.377071050   0.000000000
       0.000000000
      0.494324000   0.000000000   0.000000000   0.000000000   0.000000000   0.000000000   0.347917880
       0.000000000
      0.212969000   0.000000000   0.000000000   0.000000000   0.000000000   0.000000000   0.000000000
       0.054740800
$ P-TYPE FUNCTIONS
    3    3    0
      0.327847400   0.053190990   0.000000000   0.000000000
      0.786833700   0.000000000   0.001344200   0.000000000
      1.971018300   0.000000000   0.000000000   0.022198600
$ D-TYPE FUNCTIONS
    3    3    0
      4.013301000   0.052468410   0.000000000   0.000000000
      1.247505000   0.000000000   0.080267830   0.000000000
      0.408148000   0.000000000   0.000000000   0.029636170
$ F-TYPE FUNCTIONS
    1    1    0
      0.900000000   1.000000000
a 7
$
$ Basis = Ahlrichs Coulomb Fitting
$ NITROGEN     (7s,3p,3d,1f)
$ S-TYPE FUNCTIONS
    9    7    0
    791.076935000   0.415675060   0.000000000   0.000000000   0.000000000   0.000000000   0.000000000
       0.000000000
    229.450184000   1.147506940   0.000000000   0.000000000   0.000000000   0.000000000   0.000000000
       0.000000000
     72.886960000   3.019357670   0.000000000   0.000000000   0.000000000   0.000000000   0.000000000
       0.000000000
     25.181596000   0.000000000   3.032330410   0.000000000   0.000000000   0.000000000   0.000000000
       0.000000000
      9.371697000   0.000000000   0.000000000   0.387849490   0.000000000   0.000000000   0.000000000
       0.000000000
      3.710655000   0.000000000   0.000000000   0.000000000  -0.182929310   0.000000000   0.000000000
       0.000000000
      1.539463000   0.000000000   0.000000000   0.000000000   0.000000000   0.652389390   0.000000000
       0.000000000
      0.657553000   0.000000000   0.000000000   0.000000000   0.000000000   0.000000000   0.499910670
       0.000000000
      0.283654000   0.000000000   0.000000000   0.000000000   0.000000000   0.000000000   0.000000000
       0.073868800
$ P-TYPE FUNCTIONS
    3    3    0
      0.470739200   0.067405750   0.000000000   0.000000000
      1.129774100   0.000000000  -0.022505550   0.000000000
      2.830084000   0.000000000   0.000000000   0.035545570
$ D-TYPE FUNCTIONS
    3    3    0
      5.832986500   0.041604040   0.000000000   0.000000000
      1.732686500   0.000000000   0.011059700   0.000000000
      0.545242500   0.000000000   0.000000000   0.048407960
$ F-TYPE FUNCTIONS
    1    1    0
      1.826480000   1.000000000
a 8
$
$ Basis = Ahlrichs Coulomb Fitting
$ OXYGEN       (7s,3p,3d,1f)
$ S-TYPE FUNCTIONS
    9    7    0
    957.843253000   0.562496240   0.000000000   0.000000000   0.000000000   0.000000000   0.000000000
       0.000000000
    281.967425000   1.491089850   0.000000000   0.000000000   0.000000000   0.000000000   0.000000000
       0.000000000
     90.199832000   3.865477330   0.000000000   0.000000000   0.000000000   0.000000000   0.000000000
       0.000000000
     31.138299000   0.000000000   3.605777250   0.000000000   0.000000000   0.000000000   0.000000000
       0.000000000
     11.493732000   0.000000000   0.000000000   0.230058580   0.000000000   0.000000000   0.000000000
       0.000000000
      4.484049000   0.000000000   0.000000000   0.000000000  -0.050157690   0.000000000   0.000000000
       0.000000000
      1.823504000   0.000000000   0.000000000   0.000000000   0.000000000   1.050704630   0.000000000
       0.000000000
      0.760903000   0.000000000   0.000000000   0.000000000   0.000000000   0.000000000   0.585654880
       0.000000000
      0.320292000   0.000000000   0.000000000   0.000000000   0.000000000   0.000000000   0.000000000
       0.074991300
$ P-TYPE FUNCTIONS
    3    3    0
      0.614708900  -0.085578440   0.000000000   0.000000000
      1.475301300   0.000000000   0.041799960   0.000000000
      3.695629700   0.000000000   0.000000000  -0.058551080
$ D-TYPE FUNCTIONS
    3    3    0
      7.652672000   0.091068730   0.000000000   0.000000000
      2.217868000   0.000000000   0.111631340   0.000000000
      0.682337000   0.000000000   0.000000000   0.046006660
$ F-TYPE FUNCTIONS
    1    1    0
      2.191780800   1.000000000
a 9
$
$ Basis = Ahlrichs Coulomb Fitting
$ FLUORINE     (7s,3p,4d,1f)
$ S-TYPE FUNCTIONS
    9    7    0
   1156.702310000   0.714311860   0.000000000   0.000000000   0.000000000   0.000000000   0.000000000
       0.000000000
    345.040302000   1.845541950   0.000000000   0.000000000   0.000000000   0.000000000   0.000000000
       0.000000000
    111.332058000   4.710952700   0.000000000   0.000000000   0.000000000   0.000000000   0.000000000
       0.000000000
     38.590234000   0.000000000   4.213295150   0.000000000   0.000000000   0.000000000   0.000000000
       0.000000000
     14.241466000   0.000000000   0.000000000   0.117722220   0.000000000   0.000000000   0.000000000
       0.000000000
      5.534132000   0.000000000   0.000000000   0.000000000   0.158947020   0.000000000   0.000000000
       0.000000000
      2.235096000   0.000000000   0.000000000   0.000000000   0.000000000   1.496376820   0.000000000
       0.000000000
      0.924514000   0.000000000   0.000000000   0.000000000   0.000000000   0.000000000   0.680567500
       0.000000000
      0.385516000   0.000000000   0.000000000   0.000000000   0.000000000   0.000000000   0.000000000
       0.112979000
$ P-TYPE FUNCTIONS
    3    3    0
      3.126934200   1.000000000   0.000000000   0.000000000
      1.267402000   0.000000000   1.000000000   0.000000000
      0.528084200   0.000000000   0.000000000   1.000000000
$ D-TYPE FUNCTIONS
    4    4    0
     23.185570000  -0.041064210   0.000000000   0.000000000   0.000000000
      6.682483000   0.000000000  -0.133270130   0.000000000   0.000000000
      2.167677000   0.000000000   0.000000000  -0.123502520   0.000000000
      0.733849000   0.000000000   0.000000000   0.000000000  -0.031950390
$ F-TYPE FUNCTIONS
    1    1    0
      2.557077600   1.000000000
a 10
$
$ Basis = Ahlrichs Coulomb Fitting
$ NEON         (6s,3p,3d,1f)
$ S-TYPE FUNCTIONS
    8    6    0
   1273.305720000   0.896242050   0.000000000   0.000000000   0.000000000   0.000000000   0.000000000
    414.747950000   2.134537360   0.000000000   0.000000000   0.000000000   0.000000000   0.000000000
    138.155858000   5.432439580   0.000000000   0.000000000   0.000000000   0.000000000   0.000000000
     46.890369000   0.000000000   5.124476770   0.000000000   0.000000000   0.000000000   0.000000000
     16.152052000   0.000000000   0.000000000  -0.133437120   0.000000000   0.000000000   0.000000000
      5.623716000   0.000000000   0.000000000   0.000000000   0.898305050   0.000000000   0.000000000
      1.970762000   0.000000000   0.000000000   0.000000000   0.000000000   2.095233380   0.000000000
      0.692129000   0.000000000   0.000000000   0.000000000   0.000000000   0.000000000   0.441961150
$ P-TYPE FUNCTIONS
    3    3    0
      5.923040600   0.003339750   0.000000000   0.000000000
      2.364487200   0.000000000  -0.009915040   0.000000000
      0.985203000   0.000000000   0.000000000   0.007443460
$ D-TYPE FUNCTIONS
    3    3    0
     11.643272000  -0.001368350   0.000000000   0.000000000
      3.497364200   0.000000000   0.001910580   0.000000000
      1.110274300   0.000000000   0.000000000  -0.003162670
$ F-TYPE FUNCTIONS
    1    1    0
      3.776000000   0.000544130
a 11
$
$ Basis = Ahlrichs Coulomb Fitting
$ SODIUM       (5s,2p,2d,1f)
$ S-TYPE FUNCTIONS
   12    5    0
   1822.596860000   0.877088260   0.000000000   0.000000000   0.000000000   0.000000000
    614.833756000   1.874077830   0.000000000   0.000000000   0.000000000   0.000000000
    216.823638000   5.134946270   0.000000000   0.000000000   0.000000000   0.000000000
     79.701175000   6.503210660   0.000000000   0.000000000   0.000000000   0.000000000
     30.433939000   1.679783370   0.000000000   0.000000000   0.000000000   0.000000000
     12.025685000  -0.539199110   0.000000000   0.000000000   0.000000000   0.000000000
      4.896024000   2.211573290   0.000000000   0.000000000   0.000000000   0.000000000
      2.044068000   1.903233480   0.000000000   0.000000000   0.000000000   0.000000000
      0.870628000   0.000000000   0.282946000   0.000000000   0.000000000   0.000000000
      0.376255000   0.000000000   0.000000000   0.001719880   0.000000000   0.000000000
      0.164045000   0.000000000   0.000000000   0.000000000   0.007216840   0.000000000
      0.071735000   0.000000000   0.000000000   0.000000000   0.000000000   0.033491180
$ P-TYPE FUNCTIONS
    4    2    0
      0.287042000   0.006456030   0.000000000
      0.126363000  -0.009737810   0.000000000
      0.066867000  -0.014479560   0.000000000
      0.037939000   0.000000000   0.001918200
$ D-TYPE FUNCTIONS
    4    2    0
      0.327481000  -0.000594720   0.000000000
      0.094458000   0.004141070   0.000000000
      0.028478000  -0.000458360   0.000000000
      0.008717000   0.000000000   0.000037170
$ F-TYPE FUNCTIONS
    1    1    0
      0.134953000  -0.000408900
$
$ Supported elements:
$   H, He, Li, Be, B, C, N, O, F, Ne, Na
$
