$Ahlrichs VTZ

$
$  REFERENCE
$ Elements                             References --------
$         ---------- H - Kr: A. Schafer, H. Horn and R. Ahlrichs, J. Chem. Phys
$ . 97, 2571 (1992).
a 1
$ HYDROGEN     (5s) -> [3s]
$ S-TYPE FUNCTIONS
    5    3    0
     34.061341000   0.006025200   0.000000000   0.000000000
      5.123574600   0.045021090   0.000000000   0.000000000
      1.164662600   0.201897260   0.000000000   0.000000000
      0.327230400   0.000000000   1.000000000   0.000000000
      0.103072400   0.000000000   0.000000000   1.000000000
a 2
$ HELIUM       (5s) -> [3s]
$ S-TYPE FUNCTIONS
    5    3    0
     98.078321600   0.007580310   0.000000000   0.000000000
     14.764404200   0.054848620   0.000000000   0.000000000
      3.318583100   0.220743820   0.000000000   0.000000000
      0.874138700   0.000000000   1.000000000   0.000000000
      0.244599000   0.000000000   0.000000000   1.000000000
a 3
$ LITHIUM      (10s) -> [6s]
$ S-TYPE FUNCTIONS
   10    6    0
   3341.402881200   0.000688260   0.000000000   0.000000000   0.000000000   0.000000000   0.000000000
    500.951593100   0.005329640   0.000000000   0.000000000   0.000000000   0.000000000   0.000000000
    114.011031100   0.027564370   0.000000000   0.000000000   0.000000000   0.000000000   0.000000000
     32.265473100   0.109882430   0.000000000   0.000000000   0.000000000   0.000000000   0.000000000
     10.472058500   0.339430490   0.000000000   0.000000000   0.000000000   0.000000000   0.000000000
      3.697828400   0.000000000   1.000000000   0.000000000   0.000000000   0.000000000   0.000000000
      1.371208500   0.000000000   0.000000000   1.000000000   0.000000000   0.000000000   0.000000000
      0.519084600   0.000000000   0.000000000   0.000000000   1.000000000   0.000000000   0.000000000
      0.074532900   0.000000000   0.000000000   0.000000000   0.000000000   1.000000000   0.000000000
      0.028233600   0.000000000   0.000000000   0.000000000   0.000000000   0.000000000   1.000000000
a 4
$ BERYLLIUM    (10s) -> [6s]
$ S-TYPE FUNCTIONS
   10    6    0
   6526.147779600   0.000437320   0.000000000   0.000000000   0.000000000   0.000000000   0.000000000
    978.354964200   0.003388210   0.000000000   0.000000000   0.000000000   0.000000000   0.000000000
    222.658657600   0.017563090   0.000000000   0.000000000   0.000000000   0.000000000   0.000000000
     63.013028300   0.070580480   0.000000000   0.000000000   0.000000000   0.000000000   0.000000000
     20.468720200   0.222638360   0.000000000   0.000000000   0.000000000   0.000000000   0.000000000
      7.269248700   0.000000000   1.000000000   0.000000000   0.000000000   0.000000000   0.000000000
      2.739370100   0.000000000   0.000000000   1.000000000   0.000000000   0.000000000   0.000000000
      1.061579100   0.000000000   0.000000000   0.000000000   1.000000000   0.000000000   0.000000000
      0.181584400   0.000000000   0.000000000   0.000000000   0.000000000   1.000000000   0.000000000
      0.058826800   0.000000000   0.000000000   0.000000000   0.000000000   0.000000000   1.000000000
a 5
$ BORON        (10s,6p) -> [6s,3p]
$ S-TYPE FUNCTIONS
   10    6    0
   5658.499200000   0.000552080   0.000000000   0.000000000   0.000000000   0.000000000   0.000000000
    848.697030000   0.004265140   0.000000000   0.000000000   0.000000000   0.000000000   0.000000000
    193.136560000   0.021853170   0.000000000   0.000000000   0.000000000   0.000000000   0.000000000
     54.586317000   0.084570680   0.000000000   0.000000000   0.000000000   0.000000000   0.000000000
     17.600126000   0.243047640   0.000000000   0.000000000   0.000000000   0.000000000   0.000000000
      6.126961800   0.000000000   1.000000000   0.000000000   0.000000000   0.000000000   0.000000000
      2.224527000   0.000000000   0.000000000   1.000000000   0.000000000   0.000000000   0.000000000
      0.556503500   0.000000000   0.000000000   0.000000000   1.000000000   0.000000000   0.000000000
      0.238762300   0.000000000   0.000000000   0.000000000   0.000000000   1.000000000   0.000000000
      0.085794000   0.000000000   0.000000000   0.000000000   0.000000000   0.000000000   1.000000000
$ P-TYPE FUNCTIONS
    6    3    0
     22.455802000  -0.005026060   0.000000000   0.000000000
      5.103067500  -0.032826980   0.000000000   0.000000000
      1.498409600  -0.131409410   0.000000000   0.000000000
      0.509890700  -0.331252640   0.000000000   0.000000000
      0.181913500   0.000000000   1.000000000   0.000000000
      0.064827200   0.000000000   0.000000000   1.000000000
a 6
$ CARBON       (10s,6p) -> [6s,3p]
$ S-TYPE FUNCTIONS
   10    6    0
   8506.038400000   0.000533740   0.000000000   0.000000000   0.000000000   0.000000000   0.000000000
   1275.732900000   0.004125020   0.000000000   0.000000000   0.000000000   0.000000000   0.000000000
    290.311870000   0.021171340   0.000000000   0.000000000   0.000000000   0.000000000   0.000000000
     82.056200000   0.082417860   0.000000000   0.000000000   0.000000000   0.000000000   0.000000000
     26.479641000   0.240128580   0.000000000   0.000000000   0.000000000   0.000000000   0.000000000
      9.241458500   0.000000000   1.000000000   0.000000000   0.000000000   0.000000000   0.000000000
      3.364353000   0.000000000   0.000000000   1.000000000   0.000000000   0.000000000   0.000000000
      0.871741600   0.000000000   0.000000000   0.000000000   1.000000000   0.000000000   0.000000000
      0.363523500   0.000000000   0.000000000   0.000000000   0.000000000   1.000000000   0.000000000
      0.128731400   0.000000000   0.000000000   0.000000000   0.000000000   0.000000000   1.000000000
$ P-TYPE FUNCTIONS
    6    3    0
     34.709496000   0.005330100   0.000000000   0.000000000
      7.959088300   0.035865810   0.000000000   0.000000000
      2.378697200   0.142002990   0.000000000   0.000000000
      0.815400700   0.342031050   0.000000000   0.000000000
      0.289537800   0.000000000   1.000000000   0.000000000
      0.100847500   0.000000000   0.000000000   1.000000000
a 7
$ NITROGEN     (10s,6p) -> [6s,3p]
$ S-TYPE FUNCTIONS
   10    6    0
  11913.416756000  -0.000522970   0.000000000   0.000000000   0.000000000   0.000000000   0.000000000
   1786.721383400  -0.004042840   0.000000000   0.000000000   0.000000000   0.000000000   0.000000000
    406.590128300  -0.020772720   0.000000000   0.000000000   0.000000000   0.000000000   0.000000000
    114.925250700  -0.081183140   0.000000000   0.000000000   0.000000000   0.000000000   0.000000000
     37.105883400  -0.238714970   0.000000000   0.000000000   0.000000000   0.000000000   0.000000000
     12.971676200   0.000000000   1.000000000   0.000000000   0.000000000   0.000000000   0.000000000
      4.730229100   0.000000000   0.000000000   1.000000000   0.000000000   0.000000000   0.000000000
      1.252518400   0.000000000   0.000000000   0.000000000   1.000000000   0.000000000   0.000000000
      0.512600700   0.000000000   0.000000000   0.000000000   0.000000000   1.000000000   0.000000000
      0.179397100   0.000000000   0.000000000   0.000000000   0.000000000   0.000000000   1.000000000
$ P-TYPE FUNCTIONS
    6    3    0
     49.218758400   0.005552700   0.000000000   0.000000000
     11.348935300   0.038054620   0.000000000   0.000000000
      3.428508800   0.149414120   0.000000000   0.000000000
      1.179951300   0.348981870   0.000000000   0.000000000
      0.417261200   0.000000000   1.000000000   0.000000000
      0.142951300   0.000000000   0.000000000   1.000000000
a 8
$ OXYGEN       (10s,6p) -> [6s,3p]
$ S-TYPE FUNCTIONS
   10    6    0
  15902.647459000   0.000515000   0.000000000   0.000000000   0.000000000   0.000000000   0.000000000
   2384.953782900   0.003981980   0.000000000   0.000000000   0.000000000   0.000000000   0.000000000
    542.719571800   0.020476970   0.000000000   0.000000000   0.000000000   0.000000000   0.000000000
    153.404078700   0.080262370   0.000000000   0.000000000   0.000000000   0.000000000   0.000000000
     49.545716100   0.237668400   0.000000000   0.000000000   0.000000000   0.000000000   0.000000000
     17.339649900   0.000000000   1.000000000   0.000000000   0.000000000   0.000000000   0.000000000
      6.330335500   0.000000000   0.000000000   1.000000000   0.000000000   0.000000000   0.000000000
      1.699588200   0.000000000   0.000000000   0.000000000   1.000000000   0.000000000   0.000000000
      0.689544900   0.000000000   0.000000000   0.000000000   0.000000000   1.000000000   0.000000000
      0.239360300   0.000000000   0.000000000   0.000000000   0.000000000   0.000000000   1.000000000
$ P-TYPE FUNCTIONS
    6    3    0
     63.270524000   0.006070920   0.000000000   0.000000000
     14.623312300   0.041947690   0.000000000   0.000000000
      4.448951800   0.161568840   0.000000000   0.000000000
      1.528151300   0.356827790   0.000000000   0.000000000
      0.529973200   0.000000000   1.000000000   0.000000000
      0.175094500   0.000000000   0.000000000   1.000000000
a 9
$ FLUORINE     (10s,6p) -> [6s,3p]
$ S-TYPE FUNCTIONS
   10    6    0
  20450.489000000   0.000511030   0.000000000   0.000000000   0.000000000   0.000000000   0.000000000
   3066.954700000   0.003951880   0.000000000   0.000000000   0.000000000   0.000000000   0.000000000
    697.910030000   0.020334550   0.000000000   0.000000000   0.000000000   0.000000000   0.000000000
    197.270200000   0.079876480   0.000000000   0.000000000   0.000000000   0.000000000   0.000000000
     63.728343000   0.237756010   0.000000000   0.000000000   0.000000000   0.000000000   0.000000000
     22.321809000   0.000000000   1.000000000   0.000000000   0.000000000   0.000000000   0.000000000
      8.155760900   0.000000000   0.000000000   1.000000000   0.000000000   0.000000000   0.000000000
      2.211429500   0.000000000   0.000000000   0.000000000   1.000000000   0.000000000   0.000000000
      0.890385700   0.000000000   0.000000000   0.000000000   0.000000000   1.000000000   0.000000000
      0.306966000   0.000000000   0.000000000   0.000000000   0.000000000   0.000000000   1.000000000
$ P-TYPE FUNCTIONS
    6    3    0
     80.218020000   0.006374450   0.000000000   0.000000000
     18.587281000   0.044360190   0.000000000   0.000000000
      5.684458100   0.168800380   0.000000000   0.000000000
      1.951278100   0.361629790   0.000000000   0.000000000
      0.670241100   0.000000000   1.000000000   0.000000000
      0.216822500   0.000000000   0.000000000   1.000000000
a 10
$ NEON         (10s,6p) -> [6s,3p]
$ S-TYPE FUNCTIONS
   10    6    0
  25558.398320000  -0.000505730   0.000000000   0.000000000   0.000000000   0.000000000   0.000000000
   3832.940480400  -0.003911250   0.000000000   0.000000000   0.000000000   0.000000000   0.000000000
    872.210737800  -0.020134820   0.000000000   0.000000000   0.000000000   0.000000000   0.000000000
    246.537554100  -0.079223430   0.000000000   0.000000000   0.000000000   0.000000000   0.000000000
     79.658394900  -0.236757980   0.000000000   0.000000000   0.000000000   0.000000000   0.000000000
     27.919799600   0.000000000   1.000000000   0.000000000   0.000000000   0.000000000   0.000000000
     10.207131700   0.000000000   0.000000000   1.000000000   0.000000000   0.000000000   0.000000000
      2.788318700   0.000000000   0.000000000   0.000000000   1.000000000   0.000000000   0.000000000
      1.115399500   0.000000000   0.000000000   0.000000000   0.000000000   1.000000000   0.000000000
      0.382340100   0.000000000   0.000000000   0.000000000   0.000000000   0.000000000   1.000000000
$ P-TYPE FUNCTIONS
    6    3    0
     99.760966400   0.006564870   0.000000000   0.000000000
     23.167689000   0.045958150   0.000000000   0.000000000
      7.113389900   0.173499810   0.000000000   0.000000000
      2.441857400   0.364860750   0.000000000   0.000000000
      0.834420600   0.000000000   1.000000000   0.000000000
      0.266398800   0.000000000   0.000000000   1.000000000
a 11
$ SODIUM       (12s,6p) -> [7s,2p]
$ S-TYPE FUNCTIONS
   12    7    0
  48876.198147000   0.000304960   0.000000000   0.000000000   0.000000000   0.000000000   0.000000000
       0.000000000
   7327.286370800   0.002363280   0.000000000   0.000000000   0.000000000   0.000000000   0.000000000
       0.000000000
   1667.419465200   0.012268450   0.000000000   0.000000000   0.000000000   0.000000000   0.000000000
       0.000000000
    471.581012000   0.049625180   0.000000000   0.000000000   0.000000000   0.000000000   0.000000000
       0.000000000
    152.936698100   0.159495920   0.000000000   0.000000000   0.000000000   0.000000000   0.000000000
       0.000000000
     54.355855500   0.000000000   1.000000000   0.000000000   0.000000000   0.000000000   0.000000000
       0.000000000
     20.765222800   0.000000000   0.000000000   0.400720460   0.000000000   0.000000000   0.000000000
       0.000000000
      8.359949600   0.000000000   0.000000000   0.183373730   0.000000000   0.000000000   0.000000000
       0.000000000
      2.148094600   0.000000000   0.000000000   0.000000000   1.000000000   0.000000000   0.000000000
       0.000000000
      0.688194100   0.000000000   0.000000000   0.000000000   0.000000000   1.000000000   0.000000000
       0.000000000
      0.060477100   0.000000000   0.000000000   0.000000000   0.000000000   0.000000000   1.000000000
       0.000000000
      0.027134100   0.000000000   0.000000000   0.000000000   0.000000000   0.000000000   0.000000000
       1.000000000
$ P-TYPE FUNCTIONS
    6    2    0
    137.962547600   0.005926460   0.000000000
     32.209105400   0.042543990   0.000000000
      9.974637900   0.166445350   0.000000000
      3.478093000   0.368149150   0.000000000
      1.228437200   0.457810350   0.000000000
      0.417319400   0.000000000   1.000000000
a 12
$ MAGNESIUM    (12s,6p) -> [7s,2p]
$ S-TYPE FUNCTIONS
   12    7    0
  58088.349778000   0.000292180   0.000000000   0.000000000   0.000000000   0.000000000   0.000000000
       0.000000000
   8708.118099800   0.002264420   0.000000000   0.000000000   0.000000000   0.000000000   0.000000000
       0.000000000
   1981.622418200   0.011756040   0.000000000   0.000000000   0.000000000   0.000000000   0.000000000
       0.000000000
    560.439860000   0.047569940   0.000000000   0.000000000   0.000000000   0.000000000   0.000000000
       0.000000000
    181.729761100   0.153080480   0.000000000   0.000000000   0.000000000   0.000000000   0.000000000
       0.000000000
     64.603335700   0.000000000   1.000000000   0.000000000   0.000000000   0.000000000   0.000000000
       0.000000000
     24.742144700   0.000000000   0.000000000   0.398835610   0.000000000   0.000000000   0.000000000
       0.000000000
     10.024664700   0.000000000   0.000000000   0.181888150   0.000000000   0.000000000   0.000000000
       0.000000000
      2.694744100   0.000000000   0.000000000   0.000000000   1.000000000   0.000000000   0.000000000
       0.000000000
      0.911452500   0.000000000   0.000000000   0.000000000   0.000000000   1.000000000   0.000000000
       0.000000000
      0.106896700   0.000000000   0.000000000   0.000000000   0.000000000   0.000000000   1.000000000
       0.000000000
      0.040091600   0.000000000   0.000000000   0.000000000   0.000000000   0.000000000   0.000000000
       1.000000000
$ P-TYPE FUNCTIONS
    6    2    0
    179.833727200   0.005381980   0.000000000
     42.113096700   0.039325750   0.000000000
     13.117353800   0.157490440   0.000000000
      4.622943500   0.359405610   0.000000000
      1.668578600   0.455162300   0.000000000
      0.585478000   0.000000000   0.219704920
a 13
$ ALUMINUM     (12s9p) -> [7s5p]
$ S-TYPE FUNCTIONS
    9    3    0
  68090.411677000   0.000284130   0.000000000   0.000000000
  10207.540822000   0.002202070   0.000000000   0.000000000
   2322.804585400   0.011433440   0.000000000   0.000000000
    656.886538400   0.046284590   0.000000000   0.000000000
    212.966941000   0.149105660   0.000000000   0.000000000
     75.724716600   0.000000000   1.000000000   0.000000000
     29.076320000   0.000000000   0.000000000   0.416635180
     11.859623900   0.000000000   0.000000000   0.189783710
      0.000000000   0.000000000   0.000000000   0.000000000
a 14
$ SILICON      (12s,9p) -> [7s,5p]
$ S-TYPE FUNCTIONS
   12    7    0
  79079.434000000   0.000264310   0.000000000   0.000000000   0.000000000   0.000000000   0.000000000
       0.000000000
  11855.010000000   0.002048510   0.000000000   0.000000000   0.000000000   0.000000000   0.000000000
       0.000000000
   2697.705100000   0.010637240   0.000000000   0.000000000   0.000000000   0.000000000   0.000000000
       0.000000000
    762.872270000   0.043082480   0.000000000   0.000000000   0.000000000   0.000000000   0.000000000
       0.000000000
    247.284550000   0.138982790   0.000000000   0.000000000   0.000000000   0.000000000   0.000000000
       0.000000000
     87.931240000   0.000000000   1.000000000   0.000000000   0.000000000   0.000000000   0.000000000
       0.000000000
     33.823284000   0.000000000   0.000000000   0.440715430   0.000000000   0.000000000   0.000000000
       0.000000000
     13.868108000   0.000000000   0.000000000   0.200911650   0.000000000   0.000000000   0.000000000
       0.000000000
      3.992001700   0.000000000   0.000000000   0.000000000   1.000000000   0.000000000   0.000000000
       0.000000000
      1.465992500   0.000000000   0.000000000   0.000000000   0.000000000   1.000000000   0.000000000
       0.000000000
      0.252710900   0.000000000   0.000000000   0.000000000   0.000000000   0.000000000   1.000000000
       0.000000000
      0.092491700   0.000000000   0.000000000   0.000000000   0.000000000   0.000000000   0.000000000
       1.000000000
$ P-TYPE FUNCTIONS
    9    5    0
    483.023520000   0.001916150   0.000000000   0.000000000   0.000000000   0.000000000
    114.250810000   0.015309770   0.000000000   0.000000000   0.000000000   0.000000000
     36.387786000   0.071094360   0.000000000   0.000000000   0.000000000   0.000000000
     13.411704000   0.212432440   0.000000000   0.000000000   0.000000000   0.000000000
      5.288403300   0.389763020   0.000000000   0.000000000   0.000000000   0.000000000
      2.137421900   0.000000000   1.000000000   0.000000000   0.000000000   0.000000000
      0.864684600   0.000000000   0.000000000   1.000000000   0.000000000   0.000000000
      0.254898600   0.000000000   0.000000000   0.000000000   1.000000000   0.000000000
      0.079397000   0.000000000   0.000000000   0.000000000   0.000000000   1.000000000
a 15
$ PHOSPHORUS   (12s,9p) -> [7s,5p]
$ S-TYPE FUNCTIONS
   12    7    0
  91049.049525000   0.000253800   0.000000000   0.000000000   0.000000000   0.000000000   0.000000000
       0.000000000
  13649.248864000   0.001967120   0.000000000   0.000000000   0.000000000   0.000000000   0.000000000
       0.000000000
   3105.943207400   0.010216060   0.000000000   0.000000000   0.000000000   0.000000000   0.000000000
       0.000000000
    878.259826300   0.041399160   0.000000000   0.000000000   0.000000000   0.000000000   0.000000000
       0.000000000
    284.633929100   0.133754150   0.000000000   0.000000000   0.000000000   0.000000000   0.000000000
       0.000000000
    101.206100100   0.000000000   1.000000000   0.000000000   0.000000000   0.000000000   0.000000000
       0.000000000
     38.977841400   0.000000000   0.000000000   0.454161130   0.000000000   0.000000000   0.000000000
       0.000000000
     16.048494100   0.000000000   0.000000000   0.207421980   0.000000000   0.000000000   0.000000000
       0.000000000
      4.722533900   0.000000000   0.000000000   0.000000000   1.000000000   0.000000000   0.000000000
       0.000000000
      1.782522200   0.000000000   0.000000000   0.000000000   0.000000000   1.000000000   0.000000000
       0.000000000
      0.339629700   0.000000000   0.000000000   0.000000000   0.000000000   0.000000000   1.000000000
       0.000000000
      0.123338600   0.000000000   0.000000000   0.000000000   0.000000000   0.000000000   0.000000000
       1.000000000
$ P-TYPE FUNCTIONS
    9    5    0
    528.443893300  -0.002281520   0.000000000   0.000000000   0.000000000   0.000000000
    124.971499500  -0.018183640   0.000000000   0.000000000   0.000000000   0.000000000
     39.795709200  -0.083940700   0.000000000   0.000000000   0.000000000   0.000000000
     14.657545000  -0.246047140   0.000000000   0.000000000   0.000000000   0.000000000
      5.757889300  -0.436556680   0.000000000   0.000000000   0.000000000   0.000000000
      2.312320100   0.000000000   1.000000000   0.000000000   0.000000000   0.000000000
      0.889937800   0.000000000   0.000000000   1.000000000   0.000000000   0.000000000
      0.304671500   0.000000000   0.000000000   0.000000000   1.000000000   0.000000000
      0.100781500   0.000000000   0.000000000   0.000000000   0.000000000   1.000000000
a 16
$ SULFUR       (12s,9p) -> [7s,5p]
$ S-TYPE FUNCTIONS
   12    7    0
 103953.950000000   0.000247430   0.000000000   0.000000000   0.000000000   0.000000000   0.000000000
       0.000000000
  15583.786000000   0.001917770   0.000000000   0.000000000   0.000000000   0.000000000   0.000000000
       0.000000000
   3546.129300000   0.009961000   0.000000000   0.000000000   0.000000000   0.000000000   0.000000000
       0.000000000
   1002.680800000   0.040386430   0.000000000   0.000000000   0.000000000   0.000000000   0.000000000
       0.000000000
    324.902880000   0.130675230   0.000000000   0.000000000   0.000000000   0.000000000   0.000000000
       0.000000000
    115.512250000   0.000000000   1.000000000   0.000000000   0.000000000   0.000000000   0.000000000
       0.000000000
     44.528210000   0.000000000   0.000000000   0.504035510   0.000000000   0.000000000   0.000000000
       0.000000000
     18.397892000   0.000000000   0.000000000   0.230680510   0.000000000   0.000000000   0.000000000
       0.000000000
      5.510068300   0.000000000   0.000000000   0.000000000   1.000000000   0.000000000   0.000000000
       0.000000000
      2.125986700   0.000000000   0.000000000   0.000000000   0.000000000   1.000000000   0.000000000
       0.000000000
      0.436918900   0.000000000   0.000000000   0.000000000   0.000000000   0.000000000   1.000000000
       0.000000000
      0.157308500   0.000000000   0.000000000   0.000000000   0.000000000   0.000000000   0.000000000
       1.000000000
$ P-TYPE FUNCTIONS
    9    5    0
    606.693670000   0.002322960   0.000000000   0.000000000   0.000000000   0.000000000
    143.506960000   0.018570530   0.000000000   0.000000000   0.000000000   0.000000000
     45.746160000   0.086032740   0.000000000   0.000000000   0.000000000   0.000000000
     16.872912000   0.252484310   0.000000000   0.000000000   0.000000000   0.000000000
      6.639919600   0.446327420   0.000000000   0.000000000   0.000000000   0.000000000
      2.672713500   0.000000000   1.000000000   0.000000000   0.000000000   0.000000000
      1.000008900   0.000000000   0.000000000   1.000000000   0.000000000   0.000000000
      0.354389400   0.000000000   0.000000000   0.000000000   1.000000000   0.000000000
      0.116713100   0.000000000   0.000000000   0.000000000   0.000000000   1.000000000
a 17
$ CHLORINE     (12s,9p) -> [7s,5p]
$ S-TYPE FUNCTIONS
   12    7    0
 117805.790000000   0.000241810   0.000000000   0.000000000   0.000000000   0.000000000   0.000000000
       0.000000000
  17660.265000000   0.001874270   0.000000000   0.000000000   0.000000000   0.000000000   0.000000000
       0.000000000
   4018.597300000   0.009736290   0.000000000   0.000000000   0.000000000   0.000000000   0.000000000
       0.000000000
   1136.223100000   0.039494750   0.000000000   0.000000000   0.000000000   0.000000000   0.000000000
       0.000000000
    368.120620000   0.127971660   0.000000000   0.000000000   0.000000000   0.000000000   0.000000000
       0.000000000
    130.861540000   0.000000000   1.000000000   0.000000000   0.000000000   0.000000000   0.000000000
       0.000000000
     50.479011000   0.000000000   0.000000000   0.428740940   0.000000000   0.000000000   0.000000000
       0.000000000
     20.916805000   0.000000000   0.000000000   0.196684930   0.000000000   0.000000000   0.000000000
       0.000000000
      6.353138800   0.000000000   0.000000000   0.000000000   1.000000000   0.000000000   0.000000000
       0.000000000
      2.494801400   0.000000000   0.000000000   0.000000000   0.000000000   1.000000000   0.000000000
       0.000000000
      0.543359500   0.000000000   0.000000000   0.000000000   0.000000000   0.000000000   1.000000000
       0.000000000
      0.194343700   0.000000000   0.000000000   0.000000000   0.000000000   0.000000000   0.000000000
       1.000000000
$ P-TYPE FUNCTIONS
    9    5    0
    681.068790000   0.002365890   0.000000000   0.000000000   0.000000000   0.000000000
    161.113590000   0.018940720   0.000000000   0.000000000   0.000000000   0.000000000
     51.386637000   0.087845130   0.000000000   0.000000000   0.000000000   0.000000000
     18.958512000   0.257074350   0.000000000   0.000000000   0.000000000   0.000000000
      3.003515800   0.371523610   0.000000000   0.000000000   0.000000000   0.000000000
      7.456529300   0.000000000   1.000000000   0.000000000   0.000000000   0.000000000
      1.060936100   0.000000000   0.000000000   1.000000000   0.000000000   0.000000000
      0.394520200   0.000000000   0.000000000   0.000000000   1.000000000   0.000000000
      0.133232800   0.000000000   0.000000000   0.000000000   0.000000000   1.000000000
a 18
$ ARGON        (12s,9p) -> [7s,5p]
$ S-TYPE FUNCTIONS
   12    7    0
 132594.742550000   0.000254840   0.000000000   0.000000000   0.000000000   0.000000000   0.000000000
       0.000000000
  19877.210051000   0.001975330   0.000000000   0.000000000   0.000000000   0.000000000   0.000000000
       0.000000000
   4523.052598900   0.010262460   0.000000000   0.000000000   0.000000000   0.000000000   0.000000000
       0.000000000
   1278.803104500   0.041648670   0.000000000   0.000000000   0.000000000   0.000000000   0.000000000
       0.000000000
    414.256189400   0.135133770   0.000000000   0.000000000   0.000000000   0.000000000   0.000000000
       0.000000000
    147.241941100   0.000000000   1.000000000   0.000000000   0.000000000   0.000000000   0.000000000
       0.000000000
     56.826155400   0.000000000   0.000000000   0.451416330   0.000000000   0.000000000   0.000000000
       0.000000000
     23.604086000   0.000000000   0.000000000   0.207588320   0.000000000   0.000000000   0.000000000
       0.000000000
      7.252495200   0.000000000   0.000000000   0.000000000   1.000000000   0.000000000   0.000000000
       0.000000000
      2.889298000   0.000000000   0.000000000   0.000000000   0.000000000   1.000000000   0.000000000
       0.000000000
      0.658879800   0.000000000   0.000000000   0.000000000   0.000000000   0.000000000   1.000000000
       0.000000000
      0.234395600   0.000000000   0.000000000   0.000000000   0.000000000   0.000000000   0.000000000
       1.000000000
$ P-TYPE FUNCTIONS
    9    5    0
    828.339698000   0.002177300   0.000000000   0.000000000   0.000000000   0.000000000
    196.065107600   0.017597440   0.000000000   0.000000000   0.000000000   0.000000000
     62.681227600   0.082905920   0.000000000   0.000000000   0.000000000   0.000000000
     23.225077800   0.249341030   0.000000000   0.000000000   0.000000000   0.000000000
      9.216781500   0.453272810   0.000000000   0.000000000   0.000000000   0.000000000
      3.759553300   0.000000000   1.000000000   0.000000000   0.000000000   0.000000000
      1.431678600   0.000000000   0.000000000   1.000000000   0.000000000   0.000000000
      0.512982700   0.000000000   0.000000000   0.000000000   1.000000000   0.000000000
      0.168214900   0.000000000   0.000000000   0.000000000   0.000000000   1.000000000
a 19
$ POTASSIUM    (14s,9p) -> [8s,5p]
$ S-TYPE FUNCTIONS
   14    8    0
 182594.273240000  -0.000227750   0.000000000   0.000000000   0.000000000   0.000000000   0.000000000
       0.000000000   0.000000000
  27369.004986000  -0.001766400   0.000000000   0.000000000   0.000000000   0.000000000   0.000000000
       0.000000000   0.000000000
   6229.173797100  -0.009194970   0.000000000   0.000000000   0.000000000   0.000000000   0.000000000
       0.000000000   0.000000000
   1764.582348600  -0.037455080   0.000000000   0.000000000   0.000000000   0.000000000   0.000000000
       0.000000000   0.000000000
    577.051205900  -0.122044540   0.000000000   0.000000000   0.000000000   0.000000000   0.000000000
       0.000000000   0.000000000
    210.249333600  -0.298989720   0.000000000   0.000000000   0.000000000   0.000000000   0.000000000
       0.000000000   0.000000000
     82.617830600   0.000000000  -0.405146970   0.000000000   0.000000000   0.000000000   0.000000000
       0.000000000   0.000000000
     33.233184500   0.000000000  -0.292531510   0.000000000   0.000000000   0.000000000   0.000000000
       0.000000000   0.000000000
      8.106490200   0.000000000   0.000000000   1.000000000   0.000000000   0.000000000   0.000000000
       0.000000000   0.000000000
      3.334025900   0.000000000   0.000000000   0.000000000   1.000000000   0.000000000   0.000000000
       0.000000000   0.000000000
      0.845544200   0.000000000   0.000000000   0.000000000   0.000000000   1.000000000   0.000000000
       0.000000000   0.000000000
      0.328216300   0.000000000   0.000000000   0.000000000   0.000000000   0.000000000   1.000000000
       0.000000000   0.000000000
      0.036403500   0.000000000   0.000000000   0.000000000   0.000000000   0.000000000   0.000000000
       1.000000000   0.000000000
      0.017646300   0.000000000   0.000000000   0.000000000   0.000000000   0.000000000   0.000000000
       0.000000000   1.000000000
$ P-TYPE FUNCTIONS
    9    5    0
    891.054468700   0.002184290   0.000000000   0.000000000   0.000000000   0.000000000
    211.015820000   0.017589110   0.000000000   0.000000000   0.000000000   0.000000000
     67.671412400   0.081777470   0.000000000   0.000000000   0.000000000   0.000000000
     25.271488100   0.000000000   0.245656320   0.000000000   0.000000000   0.000000000
     10.138959000   0.000000000   0.433983770   0.000000000   0.000000000   0.000000000
      4.201862700   0.000000000   0.362376650   0.000000000   0.000000000   0.000000000
      1.602946700   0.000000000   0.000000000   1.000000000   0.000000000   0.000000000
      0.614612500   0.000000000   0.000000000   0.000000000   1.000000000   0.000000000
      0.221993000   0.000000000   0.000000000   0.000000000   0.000000000   1.000000000
a 20
$ CALCIUM      (14s,9p) -> [8s,5p]
$ S-TYPE FUNCTIONS
   14    8    0
 202698.955190000   0.000222960   0.000000000   0.000000000   0.000000000   0.000000000   0.000000000
       0.000000000   0.000000000
  30382.465915000   0.001729320   0.000000000   0.000000000   0.000000000   0.000000000   0.000000000
       0.000000000   0.000000000
   6915.083315000   0.009002260   0.000000000   0.000000000   0.000000000   0.000000000   0.000000000
       0.000000000   0.000000000
   1959.021098400   0.036669890   0.000000000   0.000000000   0.000000000   0.000000000   0.000000000
       0.000000000   0.000000000
    640.936020700   0.119409870   0.000000000   0.000000000   0.000000000   0.000000000   0.000000000
       0.000000000   0.000000000
    233.976968400   0.291825260   0.000000000   0.000000000   0.000000000   0.000000000   0.000000000
       0.000000000   0.000000000
     92.289198300   0.000000000   0.404415280   0.000000000   0.000000000   0.000000000   0.000000000
       0.000000000   0.000000000
     37.254479900   0.000000000   0.296312890   0.000000000   0.000000000   0.000000000   0.000000000
       0.000000000   0.000000000
      9.131984300   0.000000000   0.000000000   1.000000000   0.000000000   0.000000000   0.000000000
       0.000000000   0.000000000
      3.817785800   0.000000000   0.000000000   0.000000000   1.000000000   0.000000000   0.000000000
       0.000000000   0.000000000
      1.049347500   0.000000000   0.000000000   0.000000000   0.000000000   1.000000000   0.000000000
       0.000000000   0.000000000
      0.428659900   0.000000000   0.000000000   0.000000000   0.000000000   0.000000000   1.000000000
       0.000000000   0.000000000
      0.062822600   0.000000000   0.000000000   0.000000000   0.000000000   0.000000000   0.000000000
       1.000000000   0.000000000
      0.026016200   0.000000000   0.000000000   0.000000000   0.000000000   0.000000000   0.000000000
       0.000000000   1.000000000
$ P-TYPE FUNCTIONS
    9    5    0
   1019.760763800  -0.002059860   0.000000000   0.000000000   0.000000000   0.000000000
    241.596307600  -0.016650080   0.000000000   0.000000000   0.000000000   0.000000000
     77.637012100  -0.077764600   0.000000000   0.000000000   0.000000000   0.000000000
     29.115419400   0.000000000  -0.241805610   0.000000000   0.000000000   0.000000000
     11.762593600   0.000000000  -0.432577990   0.000000000   0.000000000   0.000000000
      4.922892400   0.000000000  -0.367324820   0.000000000   0.000000000   0.000000000
      1.922325700   0.000000000   0.000000000   1.000000000   0.000000000   0.000000000
      0.757962000   0.000000000   0.000000000   0.000000000   1.000000000   0.000000000
      0.284302000   0.000000000   0.000000000   0.000000000   0.000000000   1.000000000
a 21
$ SCANDIUM     (14s,9p,5d) -> [8s,5p,3d]
$ S-TYPE FUNCTIONS
   14    8    0
 224356.942970000   0.000219960   0.000000000   0.000000000   0.000000000   0.000000000   0.000000000
       0.000000000   0.000000000
  33628.706060000   0.001706040   0.000000000   0.000000000   0.000000000   0.000000000   0.000000000
       0.000000000   0.000000000
   7654.017148300   0.008881530   0.000000000   0.000000000   0.000000000   0.000000000   0.000000000
       0.000000000   0.000000000
   2168.439656600   0.036183700   0.000000000   0.000000000   0.000000000   0.000000000   0.000000000
       0.000000000   0.000000000
    709.626638600   0.117839270   0.000000000   0.000000000   0.000000000   0.000000000   0.000000000
       0.000000000   0.000000000
    259.317313300   0.287916450   0.000000000   0.000000000   0.000000000   0.000000000   0.000000000
       0.000000000   0.000000000
    102.478037600   0.000000000   0.367051390   0.000000000   0.000000000   0.000000000   0.000000000
       0.000000000   0.000000000
     41.443139700   0.000000000   0.271619960   0.000000000   0.000000000   0.000000000   0.000000000
       0.000000000   0.000000000
     10.201855600   0.000000000   0.000000000   1.000000000   0.000000000   0.000000000   0.000000000
       0.000000000   0.000000000
      4.304498300   0.000000000   0.000000000   0.000000000   1.000000000   0.000000000   0.000000000
       0.000000000   0.000000000
      1.221945700   0.000000000   0.000000000   0.000000000   0.000000000   1.000000000   0.000000000
       0.000000000   0.000000000
      0.497251800   0.000000000   0.000000000   0.000000000   0.000000000   0.000000000   1.000000000
       0.000000000   0.000000000
      0.072728100   0.000000000   0.000000000   0.000000000   0.000000000   0.000000000   0.000000000
       1.000000000   0.000000000
      0.029393800   0.000000000   0.000000000   0.000000000   0.000000000   0.000000000   0.000000000
       0.000000000   1.000000000
$ P-TYPE FUNCTIONS
    9    5    0
   1154.990959200   0.002010270   0.000000000   0.000000000   0.000000000   0.000000000
    273.704966100   0.016305070   0.000000000   0.000000000   0.000000000   0.000000000
     88.069327300   0.076527890   0.000000000   0.000000000   0.000000000   0.000000000
     33.110760000   0.000000000   0.239509040   0.000000000   0.000000000   0.000000000
     13.436440800   0.000000000   0.432353800   0.000000000   0.000000000   0.000000000
      5.658098500   0.000000000   0.369694290   0.000000000   0.000000000   0.000000000
      2.243670400   0.000000000   0.000000000   1.000000000   0.000000000   0.000000000
      0.887980000   0.000000000   0.000000000   0.000000000   1.000000000   0.000000000
      0.332824100   0.000000000   0.000000000   0.000000000   0.000000000   1.000000000
$ D-TYPE FUNCTIONS
    5    3    0
     19.238524000   0.027054660   0.000000000   0.000000000
      5.117330600   0.138132500   0.000000000   0.000000000
      1.654988400   0.348953030   0.000000000   0.000000000
      0.540176000   0.000000000   1.000000000   0.000000000
      0.162106300   0.000000000   0.000000000   1.000000000
a 22
$ TITANIUM     (14s,9p,5d) -> [8s,5p,3d]
$ S-TYPE FUNCTIONS
   14    8    0
 247254.204720000  -0.000223960   0.000000000   0.000000000   0.000000000   0.000000000   0.000000000
       0.000000000   0.000000000
  37060.747577000  -0.001737120   0.000000000   0.000000000   0.000000000   0.000000000   0.000000000
       0.000000000   0.000000000
   8435.170031200  -0.009043900   0.000000000   0.000000000   0.000000000   0.000000000   0.000000000
       0.000000000   0.000000000
   2389.829902000  -0.036850820   0.000000000   0.000000000   0.000000000   0.000000000   0.000000000
       0.000000000   0.000000000
    782.231198700  -0.120042080   0.000000000   0.000000000   0.000000000   0.000000000   0.000000000
       0.000000000   0.000000000
    286.067764100  -0.293368940   0.000000000   0.000000000   0.000000000   0.000000000   0.000000000
       0.000000000   0.000000000
    113.206443300   0.000000000  -0.398178150   0.000000000   0.000000000   0.000000000   0.000000000
       0.000000000   0.000000000
     45.845720400   0.000000000  -0.297130340   0.000000000   0.000000000   0.000000000   0.000000000
       0.000000000   0.000000000
     11.328524800   0.000000000   0.000000000   1.000000000   0.000000000   0.000000000   0.000000000
       0.000000000   0.000000000
      4.812521900   0.000000000   0.000000000   0.000000000   1.000000000   0.000000000   0.000000000
       0.000000000   0.000000000
      1.395765900   0.000000000   0.000000000   0.000000000   0.000000000   1.000000000   0.000000000
       0.000000000   0.000000000
      0.563279000   0.000000000   0.000000000   0.000000000   0.000000000   0.000000000   1.000000000
       0.000000000   0.000000000
      0.080513000   0.000000000   0.000000000   0.000000000   0.000000000   0.000000000   0.000000000
       1.000000000   0.000000000
      0.031926500   0.000000000   0.000000000   0.000000000   0.000000000   0.000000000   0.000000000
       0.000000000   1.000000000
$ P-TYPE FUNCTIONS
    9    5    0
   1298.416210700   0.002024740   0.000000000   0.000000000   0.000000000   0.000000000
    307.756257800   0.016472590   0.000000000   0.000000000   0.000000000   0.000000000
     99.131233900   0.077667280   0.000000000   0.000000000   0.000000000   0.000000000
     37.345305600   0.000000000   0.243288200   0.000000000   0.000000000   0.000000000
     15.210712600   0.000000000   0.442593590   0.000000000   0.000000000   0.000000000
      6.436898100   0.000000000   0.380496360   0.000000000   0.000000000   0.000000000
      2.584392900   0.000000000   0.000000000   1.000000000   0.000000000   0.000000000
      1.022999300   0.000000000   0.000000000   0.000000000   1.000000000   0.000000000
      0.382339600   0.000000000   0.000000000   0.000000000   0.000000000   1.000000000
$ D-TYPE FUNCTIONS
    5    3    0
     23.465751000   0.026542830   0.000000000   0.000000000
      6.333230100   0.138022850   0.000000000   0.000000000
      2.076408000   0.353278430   0.000000000   0.000000000
      0.690411600   0.000000000   1.000000000   0.000000000
      0.210925200   0.000000000   0.000000000   1.000000000
a 23
$ VANADIUM     (14s,9p,5d) -> [8s,5p,3d]
$ S-TYPE FUNCTIONS
   14    8    0
 271348.159440000   0.000219670   0.000000000   0.000000000   0.000000000   0.000000000   0.000000000
       0.000000000   0.000000000
  40672.005078000   0.001703860   0.000000000   0.000000000   0.000000000   0.000000000   0.000000000
       0.000000000   0.000000000
   9257.076138500   0.008871370   0.000000000   0.000000000   0.000000000   0.000000000   0.000000000
       0.000000000   0.000000000
   2622.732877300   0.036154320   0.000000000   0.000000000   0.000000000   0.000000000   0.000000000
       0.000000000   0.000000000
    858.594801900   0.117808910   0.000000000   0.000000000   0.000000000   0.000000000   0.000000000
       0.000000000   0.000000000
    314.194186500   0.288025360   0.000000000   0.000000000   0.000000000   0.000000000   0.000000000
       0.000000000   0.000000000
    124.478621300   0.000000000   0.427579170   0.000000000   0.000000000   0.000000000   0.000000000
       0.000000000   0.000000000
     50.469399300   0.000000000   0.321442310   0.000000000   0.000000000   0.000000000   0.000000000
       0.000000000   0.000000000
     12.513846900   0.000000000   0.000000000   1.000000000   0.000000000   0.000000000   0.000000000
       0.000000000   0.000000000
      5.344775800   0.000000000   0.000000000   0.000000000   1.000000000   0.000000000   0.000000000
       0.000000000   0.000000000
      1.575563100   0.000000000   0.000000000   0.000000000   0.000000000   1.000000000   0.000000000
       0.000000000   0.000000000
      0.630690300   0.000000000   0.000000000   0.000000000   0.000000000   0.000000000   1.000000000
       0.000000000   0.000000000
      0.087954400   0.000000000   0.000000000   0.000000000   0.000000000   0.000000000   0.000000000
       1.000000000   0.000000000
      0.034296900   0.000000000   0.000000000   0.000000000   0.000000000   0.000000000   0.000000000
       0.000000000   1.000000000
$ P-TYPE FUNCTIONS
    9    5    0
   1450.031932700  -0.001951740   0.000000000   0.000000000   0.000000000   0.000000000
    343.750498800  -0.015922010   0.000000000   0.000000000   0.000000000   0.000000000
    110.825217100  -0.075385260   0.000000000   0.000000000   0.000000000   0.000000000
     41.822464500   0.000000000  -0.236656410   0.000000000   0.000000000   0.000000000
     17.088073700   0.000000000  -0.433469200   0.000000000   0.000000000   0.000000000
      7.261321900   0.000000000  -0.374330010   0.000000000   0.000000000   0.000000000
      2.945814500   0.000000000   0.000000000   1.000000000   0.000000000   0.000000000
      1.165021000   0.000000000   0.000000000   0.000000000   1.000000000   0.000000000
      0.433993800   0.000000000   0.000000000   0.000000000   0.000000000   1.000000000
$ D-TYPE FUNCTIONS
    5    3    0
     27.360335900   0.026644270   0.000000000   0.000000000
      7.454276600   0.139994360   0.000000000   0.000000000
      2.463227000   0.357611860   0.000000000   0.000000000
      0.824995400   0.000000000   1.000000000   0.000000000
      0.252629700   0.000000000   0.000000000   1.000000000
a 24
$ CHROMIUM     (14s,9p,5d) -> [8s,5p,3d]
$ S-TYPE FUNCTIONS
   14    8    0
 296910.381750000   0.000216320   0.000000000   0.000000000   0.000000000   0.000000000   0.000000000
       0.000000000   0.000000000
  44503.297981000   0.001677890   0.000000000   0.000000000   0.000000000   0.000000000   0.000000000
       0.000000000   0.000000000
  10129.083731000   0.008736770   0.000000000   0.000000000   0.000000000   0.000000000   0.000000000
       0.000000000   0.000000000
   2869.812539500   0.035614010   0.000000000   0.000000000   0.000000000   0.000000000   0.000000000
       0.000000000   0.000000000
    939.528518300   0.116120820   0.000000000   0.000000000   0.000000000   0.000000000   0.000000000
       0.000000000   0.000000000
    343.876675600   0.284293660   0.000000000   0.000000000   0.000000000   0.000000000   0.000000000
       0.000000000   0.000000000
    136.272420800   0.000000000   0.396188050   0.000000000   0.000000000   0.000000000   0.000000000
       0.000000000   0.000000000
     55.274935900   0.000000000   0.299341430   0.000000000   0.000000000   0.000000000   0.000000000
       0.000000000   0.000000000
     13.753715100   0.000000000   0.000000000   1.000000000   0.000000000   0.000000000   0.000000000
       0.000000000   0.000000000
      5.889306400   0.000000000   0.000000000   0.000000000   1.000000000   0.000000000   0.000000000
       0.000000000   0.000000000
      1.736678200   0.000000000   0.000000000   0.000000000   0.000000000   1.000000000   0.000000000
       0.000000000   0.000000000
      0.676190200   0.000000000   0.000000000   0.000000000   0.000000000   0.000000000   1.000000000
       0.000000000   0.000000000
      0.092187600   0.000000000   0.000000000   0.000000000   0.000000000   0.000000000   0.000000000
       1.000000000   0.000000000
      0.036120100   0.000000000   0.000000000   0.000000000   0.000000000   0.000000000   0.000000000
       0.000000000   1.000000000
$ P-TYPE FUNCTIONS
    9    5    0
   1608.874367000   0.001936450   0.000000000   0.000000000   0.000000000   0.000000000
    381.429870100   0.015839010   0.000000000   0.000000000   0.000000000   0.000000000
    123.019268400   0.075350150   0.000000000   0.000000000   0.000000000   0.000000000
     46.446782100   0.000000000   0.239494510   0.000000000   0.000000000   0.000000000
     19.003494800   0.000000000   0.440994030   0.000000000   0.000000000   0.000000000
      8.088996500   0.000000000   0.380199760   0.000000000   0.000000000   0.000000000
      3.301370400   0.000000000   0.000000000   1.000000000   0.000000000   0.000000000
      1.287762400   0.000000000   0.000000000   0.000000000   1.000000000   0.000000000
      0.465468400   0.000000000   0.000000000   0.000000000   0.000000000   1.000000000
$ D-TYPE FUNCTIONS
    5    3    0
     27.546733700   0.030633260   0.000000000   0.000000000
      7.464794100   0.156040660   0.000000000   0.000000000
      2.432752400   0.370030580   0.000000000   0.000000000
      0.781878200   0.000000000   1.000000000   0.000000000
      0.219773800   0.000000000   0.000000000   1.000000000
a 25
$ MANGANESE    (14s,9p,5d) -> [8s,5p,3d]
$ S-TYPE FUNCTIONS
   14    8    0
 323081.744750000  -0.000218590   0.000000000   0.000000000   0.000000000   0.000000000   0.000000000
       0.000000000   0.000000000
  48425.987147000  -0.001695540   0.000000000   0.000000000   0.000000000   0.000000000   0.000000000
       0.000000000   0.000000000
  11021.928421000  -0.008829050   0.000000000   0.000000000   0.000000000   0.000000000   0.000000000
       0.000000000   0.000000000
   3122.865168300  -0.035993860   0.000000000   0.000000000   0.000000000   0.000000000   0.000000000
       0.000000000   0.000000000
   1022.570221100  -0.117364410   0.000000000   0.000000000   0.000000000   0.000000000   0.000000000
       0.000000000   0.000000000
    374.566677300  -0.287259430   0.000000000   0.000000000   0.000000000   0.000000000   0.000000000
       0.000000000   0.000000000
    148.650139500   0.000000000  -0.380259880   0.000000000   0.000000000   0.000000000   0.000000000
       0.000000000   0.000000000
     60.379056800   0.000000000  -0.289454110   0.000000000   0.000000000   0.000000000   0.000000000
       0.000000000   0.000000000
     15.061289000   0.000000000   0.000000000   1.000000000   0.000000000   0.000000000   0.000000000
       0.000000000   0.000000000
      6.482768700   0.000000000   0.000000000   0.000000000   1.000000000   0.000000000   0.000000000
       0.000000000   0.000000000
      1.953513100   0.000000000   0.000000000   0.000000000   0.000000000   1.000000000   0.000000000
       0.000000000   0.000000000
      0.770178500   0.000000000   0.000000000   0.000000000   0.000000000   0.000000000   1.000000000
       0.000000000   0.000000000
      0.101920300   0.000000000   0.000000000   0.000000000   0.000000000   0.000000000   0.000000000
       1.000000000   0.000000000
      0.038619700   0.000000000   0.000000000   0.000000000   0.000000000   0.000000000   0.000000000
       0.000000000   1.000000000
$ P-TYPE FUNCTIONS
    9    5    0
   1777.878682400  -0.001933160   0.000000000   0.000000000   0.000000000   0.000000000
    421.577541800  -0.015844010   0.000000000   0.000000000   0.000000000   0.000000000
    136.113340000  -0.075568980   0.000000000   0.000000000   0.000000000   0.000000000
     51.506778600   0.000000000  -0.235974350   0.000000000   0.000000000   0.000000000
     21.153225400   0.000000000  -0.437187920   0.000000000   0.000000000   0.000000000
      9.047714400   0.000000000  -0.380241930   0.000000000   0.000000000   0.000000000
      3.730856400   0.000000000   0.000000000   1.000000000   0.000000000   0.000000000
      1.470533200   0.000000000   0.000000000   0.000000000   1.000000000   0.000000000
      0.543918400   0.000000000   0.000000000   0.000000000   0.000000000   1.000000000
$ D-TYPE FUNCTIONS
    5    3    0
     35.424816600   0.028270750   0.000000000   0.000000000
      9.781328200   0.150716650   0.000000000   0.000000000
      3.267071300   0.381585520   0.000000000   0.000000000
      1.102827200   0.000000000   1.000000000   0.000000000
      0.337480900   0.000000000   0.000000000   1.000000000
a 26
$ IRON         (14s,9p,5d) -> [8s,5p,3d]
$ S-TYPE FUNCTIONS
   14    8    0
 350644.126070000   0.000219300   0.000000000   0.000000000   0.000000000   0.000000000   0.000000000
       0.000000000   0.000000000
  52557.104477000   0.001701090   0.000000000   0.000000000   0.000000000   0.000000000   0.000000000
       0.000000000   0.000000000
  11962.157603000   0.008858520   0.000000000   0.000000000   0.000000000   0.000000000   0.000000000
       0.000000000   0.000000000
   3389.298790200   0.036119370   0.000000000   0.000000000   0.000000000   0.000000000   0.000000000
       0.000000000   0.000000000
   1109.940981400   0.117805280   0.000000000   0.000000000   0.000000000   0.000000000   0.000000000
       0.000000000   0.000000000
    406.758921200   0.288466260   0.000000000   0.000000000   0.000000000   0.000000000   0.000000000
       0.000000000   0.000000000
    161.554192000   0.000000000   0.381620190   0.000000000   0.000000000   0.000000000   0.000000000
       0.000000000   0.000000000
     65.675211200   0.000000000   0.292125750   0.000000000   0.000000000   0.000000000   0.000000000
       0.000000000   0.000000000
     16.425713200   0.000000000   0.000000000   1.000000000   0.000000000   0.000000000   0.000000000
       0.000000000   0.000000000
      7.093028200   0.000000000   0.000000000   0.000000000   1.000000000   0.000000000   0.000000000
       0.000000000   0.000000000
      2.159428500   0.000000000   0.000000000   0.000000000   0.000000000   1.000000000   0.000000000
       0.000000000   0.000000000
      0.847713500   0.000000000   0.000000000   0.000000000   0.000000000   0.000000000   1.000000000
       0.000000000   0.000000000
      0.110795000   0.000000000   0.000000000   0.000000000   0.000000000   0.000000000   0.000000000
       1.000000000   0.000000000
      0.041316800   0.000000000   0.000000000   0.000000000   0.000000000   0.000000000   0.000000000
       0.000000000   1.000000000
$ P-TYPE FUNCTIONS
    9    5    0
   1953.604531900   0.001938160   0.000000000   0.000000000   0.000000000   0.000000000
    463.293140700   0.015916200   0.000000000   0.000000000   0.000000000   0.000000000
    149.674933300   0.076149150   0.000000000   0.000000000   0.000000000   0.000000000
     56.707112000   0.000000000   0.236244300   0.000000000   0.000000000   0.000000000
     23.341028900   0.000000000   0.439788850   0.000000000   0.000000000   0.000000000
     10.011393200   0.000000000   0.383625860   0.000000000   0.000000000   0.000000000
      4.156402000   0.000000000   0.000000000   1.000000000   0.000000000   0.000000000
      1.636958300   0.000000000   0.000000000   0.000000000   1.000000000   0.000000000
      0.603763000   0.000000000   0.000000000   0.000000000   0.000000000   1.000000000
$ D-TYPE FUNCTIONS
    5    3    0
     38.966442400   0.027884070   0.000000000   0.000000000
     10.798970900   0.148631350   0.000000000   0.000000000
      3.612974800   0.369129590   0.000000000   0.000000000
      1.213028600   0.000000000   1.000000000   0.000000000
      0.365239800   0.000000000   0.000000000   1.000000000
a 27
$ COBALT       (14s,9p,5d) -> [8s,5p,3d]
$ S-TYPE FUNCTIONS
   14    8    0
 379411.774610000  -0.000215480   0.000000000   0.000000000   0.000000000   0.000000000   0.000000000
       0.000000000   0.000000000
  56868.934396000  -0.001671440   0.000000000   0.000000000   0.000000000   0.000000000   0.000000000
       0.000000000   0.000000000
  12943.608462000  -0.008704450   0.000000000   0.000000000   0.000000000   0.000000000   0.000000000
       0.000000000   0.000000000
   3667.453260100  -0.035496170   0.000000000   0.000000000   0.000000000   0.000000000   0.000000000
       0.000000000   0.000000000
   1201.140459100  -0.115810230   0.000000000   0.000000000   0.000000000   0.000000000   0.000000000
       0.000000000   0.000000000
    440.339194800  -0.283746080   0.000000000   0.000000000   0.000000000   0.000000000   0.000000000
       0.000000000   0.000000000
    175.000353000   0.000000000  -0.384041730   0.000000000   0.000000000   0.000000000   0.000000000
       0.000000000   0.000000000
     71.190981500   0.000000000  -0.295454160   0.000000000   0.000000000   0.000000000   0.000000000
       0.000000000   0.000000000
     17.849007900   0.000000000   0.000000000   1.000000000   0.000000000   0.000000000   0.000000000
       0.000000000   0.000000000
      7.727607000   0.000000000   0.000000000   0.000000000   1.000000000   0.000000000   0.000000000
       0.000000000   0.000000000
      2.370806100   0.000000000   0.000000000   0.000000000   0.000000000   1.000000000   0.000000000
       0.000000000   0.000000000
      0.926282700   0.000000000   0.000000000   0.000000000   0.000000000   0.000000000   1.000000000
       0.000000000   0.000000000
      0.119086200   0.000000000   0.000000000   0.000000000   0.000000000   0.000000000   0.000000000
       1.000000000   0.000000000
      0.043782400   0.000000000   0.000000000   0.000000000   0.000000000   0.000000000   0.000000000
       0.000000000   1.000000000
$ P-TYPE FUNCTIONS
    9    5    0
   2137.600776800  -0.001905790   0.000000000   0.000000000   0.000000000   0.000000000
    506.972921700  -0.015678390   0.000000000   0.000000000   0.000000000   0.000000000
    163.875248800  -0.075229630   0.000000000   0.000000000   0.000000000   0.000000000
     62.151899000   0.000000000  -0.233692310   0.000000000   0.000000000   0.000000000
     25.632331400   0.000000000  -0.436931030   0.000000000   0.000000000   0.000000000
     11.020739000   0.000000000  -0.382108630   0.000000000   0.000000000   0.000000000
      4.602434100   0.000000000   0.000000000   1.000000000   0.000000000   0.000000000
      1.810283200   0.000000000   0.000000000   0.000000000   1.000000000   0.000000000
      0.665692200   0.000000000   0.000000000   0.000000000   0.000000000   1.000000000
$ D-TYPE FUNCTIONS
    5    3    0
     42.924372800   0.029754870   0.000000000   0.000000000
     11.940809600   0.158857140   0.000000000   0.000000000
      4.003721000   0.389706180   0.000000000   0.000000000
      1.341256700   0.000000000   0.496526110   0.000000000
      0.400112400   0.000000000   0.000000000   0.327199330
a 28
$ NICKEL       (14s,9p,5d) -> [8s,5p,3d]
$ S-TYPE FUNCTIONS
   14    8    0
 409347.868990000   0.000212520   0.000000000   0.000000000   0.000000000   0.000000000   0.000000000
       0.000000000   0.000000000
  61355.839255000   0.001648490   0.000000000   0.000000000   0.000000000   0.000000000   0.000000000
       0.000000000   0.000000000
  13964.858128000   0.008585330   0.000000000   0.000000000   0.000000000   0.000000000   0.000000000
       0.000000000   0.000000000
   3956.859869900   0.035015330   0.000000000   0.000000000   0.000000000   0.000000000   0.000000000
       0.000000000   0.000000000
   1296.029047400   0.114276730   0.000000000   0.000000000   0.000000000   0.000000000   0.000000000
       0.000000000   0.000000000
    475.278765200   0.280152500   0.000000000   0.000000000   0.000000000   0.000000000   0.000000000
       0.000000000   0.000000000
    188.988387800   0.000000000   0.392462840   0.000000000   0.000000000   0.000000000   0.000000000
       0.000000000   0.000000000
     76.928737000   0.000000000   0.303313020   0.000000000   0.000000000   0.000000000   0.000000000
       0.000000000   0.000000000
     19.331828700   0.000000000   0.000000000   1.000000000   0.000000000   0.000000000   0.000000000
       0.000000000   0.000000000
      8.387640000   0.000000000   0.000000000   0.000000000   1.000000000   0.000000000   0.000000000
       0.000000000   0.000000000
      2.589434300   0.000000000   0.000000000   0.000000000   0.000000000   1.000000000   0.000000000
       0.000000000   0.000000000
      1.007137500   0.000000000   0.000000000   0.000000000   0.000000000   0.000000000   1.000000000
       0.000000000   0.000000000
      0.127325700   0.000000000   0.000000000   0.000000000   0.000000000   0.000000000   0.000000000
       1.000000000   0.000000000
      0.046189800   0.000000000   0.000000000   0.000000000   0.000000000   0.000000000   0.000000000
       0.000000000   1.000000000
$ P-TYPE FUNCTIONS
    9    5    0
   2329.838438600  -0.001841420   0.000000000   0.000000000   0.000000000   0.000000000
    552.606930200  -0.015173690   0.000000000   0.000000000   0.000000000   0.000000000
    178.711935800  -0.073004670   0.000000000   0.000000000   0.000000000   0.000000000
     67.841750800   0.000000000  -0.232248450   0.000000000   0.000000000   0.000000000
     28.028033500   0.000000000  -0.435960470   0.000000000   0.000000000   0.000000000
     12.076469200   0.000000000  -0.382137860   0.000000000   0.000000000   0.000000000
      5.069418700   0.000000000   0.000000000   1.000000000   0.000000000   0.000000000
      1.991189500   0.000000000   0.000000000   0.000000000   1.000000000   0.000000000
      0.730068900   0.000000000   0.000000000   0.000000000   0.000000000   1.000000000
$ D-TYPE FUNCTIONS
    5    3    0
     47.088303600   0.031522580   0.000000000   0.000000000
     13.144067200   0.168553260   0.000000000   0.000000000
      4.415859000   0.409300050   0.000000000   0.000000000
      1.476999700   0.000000000   0.515015280   0.000000000
      0.437289600   0.000000000   0.000000000   0.339626710
a 29
$ COPPER       (14s,9p,5d) -> [8s,5p,3d]
$ S-TYPE FUNCTIONS
   14    8    0
 441087.250700000  -0.000218140   0.000000000   0.000000000   0.000000000   0.000000000   0.000000000
       0.000000000   0.000000000
  66112.021187000  -0.001692190   0.000000000   0.000000000   0.000000000   0.000000000   0.000000000
       0.000000000   0.000000000
  15047.011425000  -0.008813710   0.000000000   0.000000000   0.000000000   0.000000000   0.000000000
       0.000000000   0.000000000
   4263.427308400  -0.035954660   0.000000000   0.000000000   0.000000000   0.000000000   0.000000000
       0.000000000   0.000000000
   1396.381579700  -0.117429700   0.000000000   0.000000000   0.000000000   0.000000000   0.000000000
       0.000000000   0.000000000
    511.960557900  -0.288442670   0.000000000   0.000000000   0.000000000   0.000000000   0.000000000
       0.000000000   0.000000000
    203.454269500   0.000000000  -0.426788990   0.000000000   0.000000000   0.000000000   0.000000000
       0.000000000   0.000000000
     82.792337000   0.000000000  -0.330441290   0.000000000   0.000000000   0.000000000   0.000000000
       0.000000000   0.000000000
     20.854285600   0.000000000   0.000000000   1.000000000   0.000000000   0.000000000   0.000000000
       0.000000000   0.000000000
      9.041068000   0.000000000   0.000000000   0.000000000   1.000000000   0.000000000   0.000000000
       0.000000000   0.000000000
      2.751813500   0.000000000   0.000000000   0.000000000   0.000000000   1.000000000   0.000000000
       0.000000000   0.000000000
      1.043485700   0.000000000   0.000000000   0.000000000   0.000000000   0.000000000   1.000000000
       0.000000000   0.000000000
      0.111722900   0.000000000   0.000000000   0.000000000   0.000000000   0.000000000   0.000000000
       1.000000000   0.000000000
      0.041041000   0.000000000   0.000000000   0.000000000   0.000000000   0.000000000   0.000000000
       0.000000000   1.000000000
$ P-TYPE FUNCTIONS
    9    5    0
   2530.096567100   0.001913790   0.000000000   0.000000000   0.000000000   0.000000000
    600.097929500   0.015797670   0.000000000   0.000000000   0.000000000   0.000000000
    194.082044800   0.076271260   0.000000000   0.000000000   0.000000000   0.000000000
     73.671821400   0.000000000   0.238814520   0.000000000   0.000000000   0.000000000
     30.447369700   0.000000000   0.449800160   0.000000000   0.000000000   0.000000000
     13.122714900   0.000000000   0.393376820   0.000000000   0.000000000   0.000000000
      5.521484000   0.000000000   0.000000000   1.000000000   0.000000000   0.000000000
      2.145792200   0.000000000   0.000000000   0.000000000   1.000000000   0.000000000
      0.767974900   0.000000000   0.000000000   0.000000000   0.000000000   1.000000000
$ D-TYPE FUNCTIONS
    5    3    0
     47.313743700   0.032399760   0.000000000   0.000000000
     13.154688400   0.168227070   0.000000000   0.000000000
      4.366288600   0.384944300   0.000000000   0.000000000
      1.412206600   0.000000000   1.000000000   0.000000000
      0.388407100   0.000000000   0.000000000   1.000000000
a 30
$ ZINC         (13s,9p,5d) -> [8s,5p,3d]
$ S-TYPE FUNCTIONS
   14    8    0
 472745.941640000  -0.000217010   0.000000000   0.000000000   0.000000000   0.000000000   0.000000000
       0.000000000   0.000000000
  70858.099484000  -0.001683380   0.000000000   0.000000000   0.000000000   0.000000000   0.000000000
       0.000000000   0.000000000
  16127.639733000  -0.008767750   0.000000000   0.000000000   0.000000000   0.000000000   0.000000000
       0.000000000   0.000000000
   4569.761432000  -0.035768760   0.000000000   0.000000000   0.000000000   0.000000000   0.000000000
       0.000000000   0.000000000
   1496.976537900  -0.116806990   0.000000000   0.000000000   0.000000000   0.000000000   0.000000000
       0.000000000   0.000000000
    549.256468900  -0.286706530   0.000000000   0.000000000   0.000000000   0.000000000   0.000000000
       0.000000000   0.000000000
    218.590110100   0.000000000  -0.426843170   0.000000000   0.000000000   0.000000000   0.000000000
       0.000000000   0.000000000
     89.068823300   0.000000000  -0.332519900   0.000000000   0.000000000   0.000000000   0.000000000
       0.000000000   0.000000000
     22.475751700   0.000000000   0.000000000   1.000000000   0.000000000   0.000000000   0.000000000
       0.000000000   0.000000000
      9.783699100   0.000000000   0.000000000   0.000000000   1.000000000   0.000000000   0.000000000
       0.000000000   0.000000000
      3.047609800   0.000000000   0.000000000   0.000000000   0.000000000   1.000000000   0.000000000
       0.000000000   0.000000000
      1.175131000   0.000000000   0.000000000   0.000000000   0.000000000   0.000000000   1.000000000
       0.000000000   0.000000000
      0.143367400   0.000000000   0.000000000   0.000000000   0.000000000   0.000000000   0.000000000
       1.000000000   0.000000000
      0.050761500   0.000000000   0.000000000   0.000000000   0.000000000   0.000000000   0.000000000
       0.000000000   1.000000000
$ P-TYPE FUNCTIONS
    9    5    0
   2738.990984900  -0.001870910   0.000000000   0.000000000   0.000000000   0.000000000
    649.729952000  -0.015461530   0.000000000   0.000000000   0.000000000   0.000000000
    210.291290700  -0.074752630   0.000000000   0.000000000   0.000000000   0.000000000
     79.954360400   0.000000000  -0.232869550   0.000000000   0.000000000   0.000000000
     33.131290400   0.000000000  -0.440193600   0.000000000   0.000000000   0.000000000
     14.326395800   0.000000000  -0.387363910   0.000000000   0.000000000   0.000000000
      6.065864700   0.000000000   0.000000000   1.000000000   0.000000000   0.000000000
      2.375372000   0.000000000   0.000000000   0.000000000   1.000000000   0.000000000
      0.865963200   0.000000000   0.000000000   0.000000000   0.000000000   1.000000000
$ D-TYPE FUNCTIONS
    5    3    0
     56.079664800   0.029598230   0.000000000   0.000000000
     15.748259100   0.158791850   0.000000000   0.000000000
      5.309892800   0.379841780   0.000000000   0.000000000
      1.773465300   0.000000000   1.000000000   0.000000000
      0.519632300   0.000000000   0.000000000   1.000000000


$Elements supported

$H He Li Be B C N O F Ne Na Mg Al Si P S Cl Ar K Ca Sc Ti V Cr Mn Fe Co Ni Cu
$Zn Ga Ge As Se Br Kr
