$Basis = aug-cc-pCVTZ-CTOCD-uc

$Elements supported
$H C N O F
$
$  REFERENCE   A. Ligabue, S. P. A. Sauer and P. Lazzeretti, J. Chem. Phys. 118, 6830-6845 (2003)
$              T. H. Dunning, Jr. J. Chem. Phys. 90, 1007 (1989)
$              R. A. Kendall, T. H. Dunning, Jr. and R. J. Harrison, J. Chem. Phys. 96, 6769 (1992).
$              D. E. Woon and T. H. Dunning, Jr. J. Chem. Phys. 103, 4572 (1995).
************************************************************************
a 1
$ HYDROGEN     (6s,4p,1d) -> [4s,4p,1d]
$ HYDROGEN     Diffuse (1s,1p)
$ S-TYPE FUNCTIONS
    6    4    0
     33.870000000   0.006068000   0.000000000   0.000000000   0.000000000
      5.095000000   0.045308000   0.000000000   0.000000000   0.000000000
      1.159000000   0.202822000   0.000000000   0.000000000   0.000000000
      0.325800000   0.503903000   1.000000000   0.000000000   0.000000000
      0.102700000   0.383421000   0.000000000   1.000000000   0.000000000
      0.025260000   0.000000000   0.000000000   0.000000000   1.000000000
$ P-TYPE FUNCTIONS
    5    5    0
     18.502000000   1.000000000   0.000000000   0.000000000   0.000000000   0.000000000
      5.102000000   0.000000000   1.000000000   0.000000000   0.000000000   0.000000000
      1.407000000   0.000000000   0.000000000   1.000000000   0.000000000   0.000000000
      0.388000000   0.000000000   0.000000000   0.000000000   1.000000000   0.000000000
      0.102000000   0.000000000   0.000000000   0.000000000   0.000000000   1.000000000
$ D-TYPE FUNCTIONS
    2    2    0
      1.057000000   1.000000000   0.000000000
      0.247000000   0.000000000   1.000000000
a 6
$ CARBON       (11s,10p,5d,1f) -> [5s,10p,5d,1f]
$ CARBON       Diffuse (1s,1p,1d)
$ S-TYPE FUNCTIONS
   11    5    0
   8236.000000000   0.000531000  -0.000113000   0.000000000   0.000000000   0.000000000
   1235.000000000   0.004108000  -0.000878000   0.000000000   0.000000000   0.000000000
    280.800000000   0.021087000  -0.004540000   0.000000000   0.000000000   0.000000000
     79.270000000   0.081853000  -0.018133000   0.000000000   0.000000000   0.000000000
     25.590000000   0.234817000  -0.055760000   0.000000000   0.000000000   0.000000000
      8.997000000   0.434401000  -0.126895000   0.000000000   0.000000000   0.000000000
      3.319000000   0.346129000  -0.170352000   0.000000000   0.000000000   0.000000000
      0.905900000   0.039378000   0.140382000   1.000000000   0.000000000   0.000000000
      0.364300000  -0.008983000   0.598684000   0.000000000   0.000000000   0.000000000
      0.128500000   0.002385000   0.395389000   0.000000000   1.000000000   0.000000000
      0.044020000   0.000000000   0.000000000   0.000000000   0.000000000   1.000000000
$ P-TYPE FUNCTIONS
   11   11    0
   1736.000000000   1.000000000   0.000000000   0.000000000   0.000000000   0.000000000   0.000000000
       0.000000000   0.000000000   0.000000000   0.000000000   0.000000000
    383.400000000   0.000000000   1.000000000   0.000000000   0.000000000   0.000000000   0.000000000
       0.000000000   0.000000000   0.000000000   0.000000000   0.000000000
     84.700000000   0.000000000   0.000000000   1.000000000   0.000000000   0.000000000   0.000000000
       0.000000000   0.000000000   0.000000000   0.000000000   0.000000000
     33.190000000   0.000000000   0.000000000   0.000000000   1.000000000   0.000000000   0.000000000
       0.000000000   0.000000000   0.000000000   0.000000000   0.000000000
     18.710000000   0.000000000   0.000000000   0.000000000   0.000000000   1.000000000   0.000000000
       0.000000000   0.000000000   0.000000000   0.000000000   0.000000000
      8.778000000   0.000000000   0.000000000   0.000000000   0.000000000   0.000000000   1.000000000
       0.000000000   0.000000000   0.000000000   0.000000000   0.000000000
      4.133000000   0.000000000   0.000000000   0.000000000   0.000000000   0.000000000   0.000000000
       1.000000000   0.000000000   0.000000000   0.000000000   0.000000000
      1.200000000   0.000000000   0.000000000   0.000000000   0.000000000   0.000000000   0.000000000
       0.000000000   1.000000000   0.000000000   0.000000000   0.000000000
      0.382700000   0.000000000   0.000000000   0.000000000   0.000000000   0.000000000   0.000000000
       0.000000000   0.000000000   1.000000000   0.000000000   0.000000000
      0.120900000   0.000000000   0.000000000   0.000000000   0.000000000   0.000000000   0.000000000
       0.000000000   0.000000000   0.000000000   1.000000000   0.000000000
      0.035690000   0.000000000   0.000000000   0.000000000   0.000000000   0.000000000   0.000000000
       0.000000000   0.000000000   0.000000000   0.000000000   1.000000000
$ D-TYPE FUNCTIONS
    6    6    0
     45.030000000   1.000000000   0.000000000   0.000000000   0.000000000   0.000000000   0.000000000
     14.839000000   0.000000000   1.000000000   0.000000000   0.000000000   0.000000000   0.000000000
      3.784000000   0.000000000   0.000000000   1.000000000   0.000000000   0.000000000   0.000000000
      1.097000000   0.000000000   0.000000000   0.000000000   1.000000000   0.000000000   0.000000000
      0.318000000   0.000000000   0.000000000   0.000000000   0.000000000   1.000000000   0.000000000
      0.100000000   0.000000000   0.000000000   0.000000000   0.000000000   0.000000000   1.000000000
$ F-TYPE FUNCTIONS
    2    2    0
      0.761000000   1.000000000   0.000000000
      0.268000000   0.000000000   1.000000000
a 7
$ NITROGEN     (11s,10p,5d,1f) -> [5s,10p,5d,1f]
$ NITROGEN     Diffuse (1s,1p,1d)
$ S-TYPE FUNCTIONS
   11    5    0
  11420.000000000   0.000523000  -0.000115000   0.000000000   0.000000000   0.000000000
   1712.000000000   0.004045000  -0.000895000   0.000000000   0.000000000   0.000000000
    389.300000000   0.020775000  -0.004624000   0.000000000   0.000000000   0.000000000
    110.000000000   0.080727000  -0.018528000   0.000000000   0.000000000   0.000000000
     35.570000000   0.233074000  -0.057339000   0.000000000   0.000000000   0.000000000
     12.540000000   0.433501000  -0.132076000   0.000000000   0.000000000   0.000000000
      4.644000000   0.347472000  -0.172510000   0.000000000   0.000000000   0.000000000
      1.293000000   0.041262000   0.151814000   1.000000000   0.000000000   0.000000000
      0.511800000  -0.008508000   0.599944000   0.000000000   0.000000000   0.000000000
      0.178700000   0.002384000   0.387462000   0.000000000   1.000000000   0.000000000
      0.057600000   0.000000000   0.000000000   0.000000000   0.000000000   1.000000000
$ P-TYPE FUNCTIONS
   11   11    0
   2390.000000000   1.000000000   0.000000000   0.000000000   0.000000000   0.000000000   0.000000000
       0.000000000   0.000000000   0.000000000   0.000000000   0.000000000
    533.800000000   0.000000000   1.000000000   0.000000000   0.000000000   0.000000000   0.000000000
       0.000000000   0.000000000   0.000000000   0.000000000   0.000000000
    119.200000000   0.000000000   0.000000000   1.000000000   0.000000000   0.000000000   0.000000000
       0.000000000   0.000000000   0.000000000   0.000000000   0.000000000
     44.849000000   0.000000000   0.000000000   0.000000000   1.000000000   0.000000000   0.000000000
       0.000000000   0.000000000   0.000000000   0.000000000   0.000000000
     26.630000000   0.000000000   0.000000000   0.000000000   0.000000000   1.000000000   0.000000000
       0.000000000   0.000000000   0.000000000   0.000000000   0.000000000
     11.871000000   0.000000000   0.000000000   0.000000000   0.000000000   0.000000000   1.000000000
       0.000000000   0.000000000   0.000000000   0.000000000   0.000000000
      5.948000000   0.000000000   0.000000000   0.000000000   0.000000000   0.000000000   0.000000000
       1.000000000   0.000000000   0.000000000   0.000000000   0.000000000
      1.742000000   0.000000000   0.000000000   0.000000000   0.000000000   0.000000000   0.000000000
       0.000000000   1.000000000   0.000000000   0.000000000   0.000000000
      0.555000000   0.000000000   0.000000000   0.000000000   0.000000000   0.000000000   0.000000000
       0.000000000   0.000000000   1.000000000   0.000000000   0.000000000
      0.172500000   0.000000000   0.000000000   0.000000000   0.000000000   0.000000000   0.000000000
       0.000000000   0.000000000   0.000000000   1.000000000   0.000000000
      0.049100000   0.000000000   0.000000000   0.000000000   0.000000000   0.000000000   0.000000000
       0.000000000   0.000000000   0.000000000   0.000000000   1.000000000
$ D-TYPE FUNCTIONS
    6    6    0
     72.550000000   1.000000000   0.000000000   0.000000000   0.000000000   0.000000000   0.000000000
     14.200000000   0.000000000   1.000000000   0.000000000   0.000000000   0.000000000   0.000000000
      5.833000000   0.000000000   0.000000000   1.000000000   0.000000000   0.000000000   0.000000000
      1.654000000   0.000000000   0.000000000   0.000000000   1.000000000   0.000000000   0.000000000
      0.469000000   0.000000000   0.000000000   0.000000000   0.000000000   1.000000000   0.000000000
      0.151000000   0.000000000   0.000000000   0.000000000   0.000000000   0.000000000   1.000000000
$ F-TYPE FUNCTIONS
    2    2    0
      1.093000000   1.000000000   0.000000000
      0.364000000   0.000000000   1.000000000
a 8
$ OXYGEN       (11s,10p,5d,1f) -> [5s,10p,5d,1f]
$ OXYGEN       Diffuse (1s,1p,1d)
$ S-TYPE FUNCTIONS
   11    5    0
  15330.000000000   0.000508000  -0.000115000   0.000000000   0.000000000   0.000000000
   2299.000000000   0.003929000  -0.000895000   0.000000000   0.000000000   0.000000000
    522.400000000   0.020243000  -0.004636000   0.000000000   0.000000000   0.000000000
    147.300000000   0.079181000  -0.018724000   0.000000000   0.000000000   0.000000000
     47.550000000   0.230687000  -0.058463000   0.000000000   0.000000000   0.000000000
     16.760000000   0.433118000  -0.136463000   0.000000000   0.000000000   0.000000000
      6.207000000   0.350260000  -0.175740000   0.000000000   0.000000000   0.000000000
      1.752000000   0.042728000   0.160934000   1.000000000   0.000000000   0.000000000
      0.688200000  -0.008154000   0.603418000   0.000000000   0.000000000   0.000000000
      0.238400000   0.002381000   0.378765000   0.000000000   1.000000000   0.000000000
      0.073760000   0.000000000   0.000000000   0.000000000   0.000000000   1.000000000
$ P-TYPE FUNCTIONS
   11   11    0
   3031.000000000   1.000000000   0.000000000   0.000000000   0.000000000   0.000000000   0.000000000
       0.000000000   0.000000000   0.000000000   0.000000000   0.000000000
    681.500000000   0.000000000   1.000000000   0.000000000   0.000000000   0.000000000   0.000000000
       0.000000000   0.000000000   0.000000000   0.000000000   0.000000000
    153.200000000   0.000000000   0.000000000   1.000000000   0.000000000   0.000000000   0.000000000
       0.000000000   0.000000000   0.000000000   0.000000000   0.000000000
     57.437000000   0.000000000   0.000000000   0.000000000   1.000000000   0.000000000   0.000000000
       0.000000000   0.000000000   0.000000000   0.000000000   0.000000000
     34.460000000   0.000000000   0.000000000   0.000000000   0.000000000   1.000000000   0.000000000
       0.000000000   0.000000000   0.000000000   0.000000000   0.000000000
     15.159000000   0.000000000   0.000000000   0.000000000   0.000000000   0.000000000   1.000000000
       0.000000000   0.000000000   0.000000000   0.000000000   0.000000000
      7.749000000   0.000000000   0.000000000   0.000000000   0.000000000   0.000000000   0.000000000
       1.000000000   0.000000000   0.000000000   0.000000000   0.000000000
      2.280000000   0.000000000   0.000000000   0.000000000   0.000000000   0.000000000   0.000000000
       0.000000000   1.000000000   0.000000000   0.000000000   0.000000000
      0.715600000   0.000000000   0.000000000   0.000000000   0.000000000   0.000000000   0.000000000
       0.000000000   0.000000000   1.000000000   0.000000000   0.000000000
      0.214000000   0.000000000   0.000000000   0.000000000   0.000000000   0.000000000   0.000000000
       0.000000000   0.000000000   0.000000000   1.000000000   0.000000000
      0.059740000   0.000000000   0.000000000   0.000000000   0.000000000   0.000000000   0.000000000
       0.000000000   0.000000000   0.000000000   0.000000000   1.000000000
$ D-TYPE FUNCTIONS
    6    6    0
    106.800000000   1.000000000   0.000000000   0.000000000   0.000000000   0.000000000   0.000000000
     15.858000000   0.000000000   1.000000000   0.000000000   0.000000000   0.000000000   0.000000000
      8.302000000   0.000000000   0.000000000   1.000000000   0.000000000   0.000000000   0.000000000
      2.314000000   0.000000000   0.000000000   0.000000000   1.000000000   0.000000000   0.000000000
      0.645000000   0.000000000   0.000000000   0.000000000   0.000000000   1.000000000   0.000000000
      0.214000000   0.000000000   0.000000000   0.000000000   0.000000000   0.000000000   1.000000000
$ F-TYPE FUNCTIONS
    2    2    0
      1.428000000   1.000000000   0.000000000
      0.500000000   0.000000000   1.000000000
a 9
$ FLUORINE     (11s,10p,5d,1f) -> [5s,10p,5d,1f]
$ FLUORINE     Diffuse (1s,1p,1d)
$ S-TYPE FUNCTIONS
   11    5    0
  19500.000000000   0.000507000  -0.000117000   0.000000000   0.000000000   0.000000000
   2923.000000000   0.003923000  -0.000912000   0.000000000   0.000000000   0.000000000
    664.500000000   0.020200000  -0.004717000   0.000000000   0.000000000   0.000000000
    187.500000000   0.079010000  -0.019086000   0.000000000   0.000000000   0.000000000
     60.620000000   0.230439000  -0.059655000   0.000000000   0.000000000   0.000000000
     21.420000000   0.432872000  -0.140010000   0.000000000   0.000000000   0.000000000
      7.950000000   0.349964000  -0.176782000   0.000000000   0.000000000   0.000000000
      2.257000000   0.043233000   0.171625000   1.000000000   0.000000000   0.000000000
      0.881500000  -0.007892000   0.605043000   0.000000000   0.000000000   0.000000000
      0.304100000   0.002384000   0.369512000   0.000000000   1.000000000   0.000000000
      0.091580000   0.000000000   0.000000000   0.000000000   0.000000000   1.000000000
$ P-TYPE FUNCTIONS
   11   11    0
   3791.000000000   1.000000000   0.000000000   0.000000000   0.000000000   0.000000000   0.000000000
       0.000000000   0.000000000   0.000000000   0.000000000   0.000000000
    857.500000000   0.000000000   1.000000000   0.000000000   0.000000000   0.000000000   0.000000000
       0.000000000   0.000000000   0.000000000   0.000000000   0.000000000
    194.000000000   0.000000000   0.000000000   1.000000000   0.000000000   0.000000000   0.000000000
       0.000000000   0.000000000   0.000000000   0.000000000   0.000000000
     71.348000000   0.000000000   0.000000000   0.000000000   1.000000000   0.000000000   0.000000000
       0.000000000   0.000000000   0.000000000   0.000000000   0.000000000
     43.880000000   0.000000000   0.000000000   0.000000000   0.000000000   1.000000000   0.000000000
       0.000000000   0.000000000   0.000000000   0.000000000   0.000000000
     18.756000000   0.000000000   0.000000000   0.000000000   0.000000000   0.000000000   1.000000000
       0.000000000   0.000000000   0.000000000   0.000000000   0.000000000
      9.926000000   0.000000000   0.000000000   0.000000000   0.000000000   0.000000000   0.000000000
       1.000000000   0.000000000   0.000000000   0.000000000   0.000000000
      2.930000000   0.000000000   0.000000000   0.000000000   0.000000000   0.000000000   0.000000000
       0.000000000   1.000000000   0.000000000   0.000000000   0.000000000
      0.913200000   0.000000000   0.000000000   0.000000000   0.000000000   0.000000000   0.000000000
       0.000000000   0.000000000   1.000000000   0.000000000   0.000000000
      0.267200000   0.000000000   0.000000000   0.000000000   0.000000000   0.000000000   0.000000000
       0.000000000   0.000000000   0.000000000   1.000000000   0.000000000
      0.073610000   0.000000000   0.000000000   0.000000000   0.000000000   0.000000000   0.000000000
       0.000000000   0.000000000   0.000000000   0.000000000   1.000000000
$ D-TYPE FUNCTIONS
    6    6    0
    149.000000000   1.000000000   0.000000000   0.000000000   0.000000000   0.000000000   0.000000000
     19.108000000   0.000000000   1.000000000   0.000000000   0.000000000   0.000000000   0.000000000
     11.290000000   0.000000000   0.000000000   1.000000000   0.000000000   0.000000000   0.000000000
      3.107000000   0.000000000   0.000000000   0.000000000   1.000000000   0.000000000   0.000000000
      0.855000000   0.000000000   0.000000000   0.000000000   0.000000000   1.000000000   0.000000000
      0.292000000   0.000000000   0.000000000   0.000000000   0.000000000   0.000000000   1.000000000
$ F-TYPE FUNCTIONS
    2    2    0
      1.917000000   1.000000000   0.000000000
      0.724000000   0.000000000   1.000000000



