$ Basis = aug-cc-pV(6+d)Z
$
$ Supported Elements
$ Al Si P S Cl Ar
$
$ REFERENCES
$ Elements                             References
$ --------                             ----------
$ Al - Ar:   T. H. Dunning, Jr., K.A. Peterson and A.K. Wilson,
$            J. Chem. Phys., 114, 2944 (2001).
$
$  Polarization and/or diffuse functions
$ Elements                             References
$ --------                             ---------
$ Al- Ar:    T.H. Dunning, Jr., K.A. Peterson and A.K. Wilson,
$            J. Chem. Phys., 114, 9244 (2001)
$
************************************************************************
a 13
$ ALUMINUM     (21s,14p,6d,4f,3g,2h,1i) -> [8s,7p,6d,4f,3g,2h,1i]
$ ALUMINUM     (1s,1p,1d,1f,1g,1h,1i)
$ S-TYPE FUNCTIONS
   22    9    0
 3652000.00000000   0.000001900  -0.000000500   0.000000100   0.000000000   0.000000000   0.000000000
       0.000000000   0.000000000   0.000000000
 546800.000000000   0.000014500  -0.000003800   0.000000900   0.000000000   0.000000000   0.000000000
       0.000000000   0.000000000   0.000000000
 124500.000000000   0.000076200  -0.000019800   0.000004600   0.000000000   0.000000000   0.000000000
       0.000000000   0.000000000   0.000000000
  35440.000000000   0.000315800  -0.000082100   0.000019000   0.000000000   0.000000000   0.000000000
       0.000000000   0.000000000   0.000000000
  11840.000000000   0.001097400  -0.000285800   0.000065900   0.000000000   0.000000000   0.000000000
       0.000000000   0.000000000   0.000000000
   4434.000000000   0.003369700  -0.000878500   0.000203100   0.000000000   0.000000000   0.000000000
       0.000000000   0.000000000   0.000000000
   1812.000000000   0.009322200  -0.002448200   0.000564700   0.000000000   0.000000000   0.000000000
       0.000000000   0.000000000   0.000000000
    791.500000000   0.023799200  -0.006310000   0.001462000   0.000000000   0.000000000   0.000000000
       0.000000000   0.000000000   0.000000000
    361.000000000   0.056819100  -0.015485400   0.003579400   0.000000000   0.000000000   0.000000000
       0.000000000   0.000000000   0.000000000
    169.500000000   0.122468000  -0.034958900   0.008151600   0.000000000   0.000000000   0.000000000
       0.000000000   0.000000000   0.000000000
     81.680000000   0.223897000  -0.070772900   0.016527600   0.000000000   0.000000000   0.000000000
       0.000000000   0.000000000   0.000000000
     40.280000000   0.313446000  -0.119423000   0.028546700   0.000000000   0.000000000   0.000000000
       0.000000000   0.000000000   0.000000000
     20.250000000   0.274975000  -0.148842000   0.036148400   0.000000000   0.000000000   0.000000000
       0.000000000   0.000000000   0.000000000
     10.230000000   0.110564000  -0.059046500   0.015380400   0.000000000   0.000000000   0.000000000
       0.000000000   0.000000000   0.000000000
      4.802000000   0.011921500   0.216693000  -0.061214100   0.000000000   0.000000000   0.000000000
       0.000000000   0.000000000   0.000000000
      2.339000000   0.000652800   0.476557000  -0.151263000   0.000000000   0.000000000   0.000000000
       0.000000000   0.000000000   0.000000000
      1.163000000   0.000473500   0.375590000  -0.223012000   1.000000000   0.000000000   0.000000000
       0.000000000   0.000000000   0.000000000
      0.588200000  -0.000027000   0.086658100  -0.083286400   0.000000000   1.000000000   0.000000000
       0.000000000   0.000000000   0.000000000
      0.231100000   0.000017600   0.002433700   0.386830000   0.000000000   0.000000000   1.000000000
       0.000000000   0.000000000   0.000000000
      0.102700000  -0.000010300  -0.000239100   0.590432000   0.000000000   0.000000000   0.000000000
       1.000000000   0.000000000   0.000000000
      0.045210000   0.000001900   0.000119800   0.210075000   0.000000000   0.000000000   0.000000000
       0.000000000   1.000000000   0.000000000
      0.017370000   0.000000000   0.000000000   0.000000000   0.000000000   0.000000000   0.000000000
       0.000000000   0.000000000   1.000000000
$ P-TYPE FUNCTIONS
   15    8    0
   2884.000000000   0.000063800  -0.000008000   0.000000000   0.000000000   0.000000000   0.000000000
       0.000000000   0.000000000
    683.200000000   0.000563100  -0.000065100   0.000000000   0.000000000   0.000000000   0.000000000
       0.000000000   0.000000000
    222.000000000   0.003169100  -0.000399900   0.000000000   0.000000000   0.000000000   0.000000000
       0.000000000   0.000000000
     84.820000000   0.013240100  -0.001536900   0.000000000   0.000000000   0.000000000   0.000000000
       0.000000000   0.000000000
     35.810000000   0.043340300  -0.005564400   0.000000000   0.000000000   0.000000000   0.000000000
       0.000000000   0.000000000
     16.220000000   0.111950000  -0.013110600   0.000000000   0.000000000   0.000000000   0.000000000
       0.000000000   0.000000000
      7.702000000   0.217796000  -0.029720000   0.000000000   0.000000000   0.000000000   0.000000000
       0.000000000   0.000000000
      3.741000000   0.311675000  -0.034719500   0.000000000   0.000000000   0.000000000   0.000000000
       0.000000000   0.000000000
      1.831000000   0.316722000  -0.055162100   0.000000000   0.000000000   0.000000000   0.000000000
       0.000000000   0.000000000
      0.887800000   0.179613000  -0.002169900   1.000000000   0.000000000   0.000000000   0.000000000
       0.000000000   0.000000000
      0.398900000   0.031510900   0.025156200   0.000000000   1.000000000   0.000000000   0.000000000
       0.000000000   0.000000000
      0.171800000   0.000072800   0.317227000   0.000000000   0.000000000   1.000000000   0.000000000
       0.000000000   0.000000000
      0.072980000   0.000659300   0.097780300   0.000000000   0.000000000   0.000000000   1.000000000
       0.000000000   0.000000000
      0.030690000  -0.000141400   0.716344000   0.000000000   0.000000000   0.000000000   0.000000000
       1.000000000   0.000000000
      0.010210000   0.000000000   0.000000000   0.000000000   0.000000000   0.000000000   0.000000000
       0.000000000   1.000000000
$ D-TYPE FUNCTIONS
    7    7    0
      4.240000000   1.000000000   0.000000000   0.000000000   0.000000000   0.000000000   0.000000000
       0.000000000
      0.850000000   0.000000000   1.000000000   0.000000000   0.000000000   0.000000000   0.000000000
       0.000000000
      0.749000000   0.000000000   0.000000000   1.000000000   0.000000000   0.000000000   0.000000000
       0.000000000
      0.350000000   0.000000000   0.000000000   0.000000000   1.000000000   0.000000000   0.000000000
       0.000000000
      0.156000000   0.000000000   0.000000000   0.000000000   0.000000000   1.000000000   0.000000000
       0.000000000
      0.066100000   0.000000000   0.000000000   0.000000000   0.000000000   0.000000000   1.000000000
       0.000000000
      0.023700000   0.000000000   0.000000000   0.000000000   0.000000000   0.000000000   0.000000000
       1.000000000
$ F-TYPE FUNCTIONS
    5    5    0
      0.875600000   1.000000000   0.000000000   0.000000000   0.000000000   0.000000000
      0.447200000   0.000000000   1.000000000   0.000000000   0.000000000   0.000000000
      0.228400000   0.000000000   0.000000000   1.000000000   0.000000000   0.000000000
      0.116700000   0.000000000   0.000000000   0.000000000   1.000000000   0.000000000
      0.046250000   0.000000000   0.000000000   0.000000000   0.000000000   1.000000000
$ G-TYPE FUNCTIONS
    4    4    0
      0.695200000   1.000000000   0.000000000   0.000000000   0.000000000
      0.377100000   0.000000000   1.000000000   0.000000000   0.000000000
      0.204600000   0.000000000   0.000000000   1.000000000   0.000000000
      0.085450000   0.000000000   0.000000000   0.000000000   1.000000000
$ H-TYPE FUNCTIONS
    3    3    0
      0.656000000   1.000000000   0.000000000   0.000000000
      0.330000000   0.000000000   1.000000000   0.000000000
      0.165500000   0.000000000   0.000000000   1.000000000
$ I-TYPE FUNCTIONS
    2    2    0
      0.530200000   1.000000000   0.000000000
      0.299000000   0.000000000   1.000000000
a 14
$ SILICON      (21s,14p,6d,4f,3g,2h,1i) -> [8s,7p,6d,4f,3g,2h,1i]
$ SILICON      (1s,1p,1d,1f,1g,1h,1i)
$ S-TYPE FUNCTIONS
   22    9    0
 4465000.00000000   0.000001700  -0.000000500   0.000000100   0.000000000   0.000000000   0.000000000
       0.000000000   0.000000000   0.000000000
 668500.000000000   0.000013600  -0.000003600   0.000000900   0.000000000   0.000000000   0.000000000
       0.000000000   0.000000000   0.000000000
 152200.000000000   0.000071400  -0.000019000   0.000004900   0.000000000   0.000000000   0.000000000
       0.000000000   0.000000000   0.000000000
  43300.000000000   0.000297300  -0.000079100   0.000020300   0.000000000   0.000000000   0.000000000
       0.000000000   0.000000000   0.000000000
  14410.000000000   0.001038300  -0.000276900   0.000070900   0.000000000   0.000000000   0.000000000
       0.000000000   0.000000000   0.000000000
   5394.000000000   0.003174700  -0.000847200   0.000217200   0.000000000   0.000000000   0.000000000
       0.000000000   0.000000000   0.000000000
   2212.000000000   0.008732400  -0.002347800   0.000601300   0.000000000   0.000000000   0.000000000
       0.000000000   0.000000000   0.000000000
    968.100000000   0.022383000  -0.006070500   0.001559100   0.000000000   0.000000000   0.000000000
       0.000000000   0.000000000   0.000000000
    441.200000000   0.053727300  -0.014971100   0.003844300   0.000000000   0.000000000   0.000000000
       0.000000000   0.000000000   0.000000000
    207.100000000   0.116649000  -0.033972900   0.008779700   0.000000000   0.000000000   0.000000000
       0.000000000   0.000000000   0.000000000
     99.800000000   0.215978000  -0.069458400   0.018038800   0.000000000   0.000000000   0.000000000
       0.000000000   0.000000000   0.000000000
     49.240000000   0.309566000  -0.119001000   0.031522400   0.000000000   0.000000000   0.000000000
       0.000000000   0.000000000   0.000000000
     24.740000000   0.283945000  -0.153645000   0.041690500   0.000000000   0.000000000   0.000000000
       0.000000000   0.000000000   0.000000000
     12.470000000   0.122232000  -0.070468400   0.020097300   0.000000000   0.000000000   0.000000000
       0.000000000   0.000000000   0.000000000
      5.795000000   0.014195200   0.213149000  -0.066748400   0.000000000   0.000000000   0.000000000
       0.000000000   0.000000000   0.000000000
      2.830000000   0.000312100   0.491596000  -0.181906000   0.000000000   0.000000000   0.000000000
       0.000000000   0.000000000   0.000000000
      1.407000000   0.000619000   0.378310000  -0.260295000   1.000000000   0.000000000   0.000000000
       0.000000000   0.000000000   0.000000000
      0.699500000  -0.000127500   0.075752400  -0.054420000   0.000000000   1.000000000   0.000000000
       0.000000000   0.000000000   0.000000000
      0.308300000   0.000050600   0.001584000   0.429845000   0.000000000   0.000000000   1.000000000
       0.000000000   0.000000000   0.000000000
      0.138500000  -0.000027900   0.000343500   0.578763000   0.000000000   0.000000000   0.000000000
       1.000000000   0.000000000   0.000000000
      0.061450000   0.000005400   0.000059300   0.189735000   0.000000000   0.000000000   0.000000000
       0.000000000   1.000000000   0.000000000
      0.025390000   0.000000000   0.000000000   0.000000000   0.000000000   0.000000000   0.000000000
       0.000000000   0.000000000   1.000000000
$ P-TYPE FUNCTIONS
   15    8    0
   3572.000000000   0.000059900  -0.000012800   0.000000000   0.000000000   0.000000000   0.000000000
       0.000000000   0.000000000
    846.000000000   0.000529600  -0.000112600   0.000000000   0.000000000   0.000000000   0.000000000
       0.000000000   0.000000000
    274.800000000   0.002995800  -0.000640200   0.000000000   0.000000000   0.000000000   0.000000000
       0.000000000   0.000000000
    105.000000000   0.012633500  -0.002702900   0.000000000   0.000000000   0.000000000   0.000000000
       0.000000000   0.000000000
     44.350000000   0.041904400  -0.009078900   0.000000000   0.000000000   0.000000000   0.000000000
       0.000000000   0.000000000
     20.080000000   0.110259000  -0.024234800   0.000000000   0.000000000   0.000000000   0.000000000
       0.000000000   0.000000000
      9.530000000   0.218831000  -0.049346000   0.000000000   0.000000000   0.000000000   0.000000000
       0.000000000   0.000000000
      4.634000000   0.317828000  -0.072585900   0.000000000   0.000000000   0.000000000   0.000000000
       0.000000000   0.000000000
      2.280000000   0.319425000  -0.080425800   0.000000000   0.000000000   0.000000000   0.000000000
       0.000000000   0.000000000
      1.116000000   0.170634000  -0.027607600   1.000000000   0.000000000   0.000000000   0.000000000
       0.000000000   0.000000000
      0.499100000   0.026834200   0.170148000   0.000000000   1.000000000   0.000000000   0.000000000
       0.000000000   0.000000000
      0.225400000  -0.000302000   0.411158000   0.000000000   0.000000000   1.000000000   0.000000000
       0.000000000   0.000000000
      0.100100000   0.000793200   0.425070000   0.000000000   0.000000000   0.000000000   1.000000000
       0.000000000   0.000000000
      0.043320000  -0.000118700   0.144789000   0.000000000   0.000000000   0.000000000   0.000000000
       1.000000000   0.000000000
      0.016940000   0.000000000   0.000000000   0.000000000   0.000000000   0.000000000   0.000000000
       0.000000000   1.000000000
$ D-TYPE FUNCTIONS
    7    7    0
      6.825000000   1.000000000   0.000000000   0.000000000   0.000000000   0.000000000   0.000000000
       0.000000000
      1.763000000   0.000000000   1.000000000   0.000000000   0.000000000   0.000000000   0.000000000
       0.000000000
      0.835000000   0.000000000   0.000000000   1.000000000   0.000000000   0.000000000   0.000000000
       0.000000000
      0.507000000   0.000000000   0.000000000   0.000000000   1.000000000   0.000000000   0.000000000
       0.000000000
      0.232000000   0.000000000   0.000000000   0.000000000   0.000000000   1.000000000   0.000000000
       0.000000000
      0.097700000   0.000000000   0.000000000   0.000000000   0.000000000   0.000000000   1.000000000
       0.000000000
      0.037000000   0.000000000   0.000000000   0.000000000   0.000000000   0.000000000   0.000000000
       1.000000000
$ F-TYPE FUNCTIONS
    5    5    0
      1.351000000   1.000000000   0.000000000   0.000000000   0.000000000   0.000000000
      0.660000000   0.000000000   1.000000000   0.000000000   0.000000000   0.000000000
      0.322500000   0.000000000   0.000000000   1.000000000   0.000000000   0.000000000
      0.157500000   0.000000000   0.000000000   0.000000000   1.000000000   0.000000000
      0.068840000   0.000000000   0.000000000   0.000000000   0.000000000   1.000000000
$ G-TYPE FUNCTIONS
    4    4    0
      0.852800000   1.000000000   0.000000000   0.000000000   0.000000000
      0.463100000   0.000000000   1.000000000   0.000000000   0.000000000
      0.251500000   0.000000000   0.000000000   1.000000000   0.000000000
      0.116400000   0.000000000   0.000000000   0.000000000   1.000000000
$ H-TYPE FUNCTIONS
    3    3    0
      0.855700000   1.000000000   0.000000000   0.000000000
      0.423100000   0.000000000   1.000000000   0.000000000
      0.235100000   0.000000000   0.000000000   1.000000000
$ I-TYPE FUNCTIONS
    2    2    0
      0.694600000   1.000000000   0.000000000
      0.427100000   0.000000000   1.000000000
a 15
$ PHOSPHORUS   (21s,14p,6d,4f,3g,2h,1i) -> [8s,7p,6d,4f,3g,2h,1i]
$ PHOSPHORUS   (1s,1p,1d,1f,1g,1h,1i)
$ S-TYPE FUNCTIONS
   22    9    0
 5384000.00000000   0.000001600  -0.000000400   0.000000100   0.000000000   0.000000000   0.000000000
       0.000000000   0.000000000   0.000000000
 806200.000000000   0.000012800  -0.000003500   0.000001000   0.000000000   0.000000000   0.000000000
       0.000000000   0.000000000   0.000000000
 183600.000000000   0.000067200  -0.000018300   0.000005000   0.000000000   0.000000000   0.000000000
       0.000000000   0.000000000   0.000000000
  52250.000000000   0.000279700  -0.000075900   0.000020900   0.000000000   0.000000000   0.000000000
       0.000000000   0.000000000   0.000000000
  17390.000000000   0.000976700  -0.000265700   0.000073000   0.000000000   0.000000000   0.000000000
       0.000000000   0.000000000   0.000000000
   6523.000000000   0.002968400  -0.000808000   0.000222100   0.000000000   0.000000000   0.000000000
       0.000000000   0.000000000   0.000000000
   2687.000000000   0.008124000  -0.002227300   0.000612200   0.000000000   0.000000000   0.000000000
       0.000000000   0.000000000   0.000000000
   1178.000000000   0.020920000  -0.005783300   0.001591800   0.000000000   0.000000000   0.000000000
       0.000000000   0.000000000   0.000000000
    536.200000000   0.050559000  -0.014343800   0.003953400   0.000000000   0.000000000   0.000000000
       0.000000000   0.000000000   0.000000000
    251.500000000   0.110479000  -0.032706100   0.009057200   0.000000000   0.000000000   0.000000000
       0.000000000   0.000000000   0.000000000
    121.300000000   0.206957000  -0.067371600   0.018790900   0.000000000   0.000000000   0.000000000
       0.000000000   0.000000000   0.000000000
     59.880000000   0.304737000  -0.117647000   0.033383100   0.000000000   0.000000000   0.000000000
       0.000000000   0.000000000   0.000000000
     30.050000000   0.292952000  -0.157280000   0.045948400   0.000000000   0.000000000   0.000000000
       0.000000000   0.000000000   0.000000000
     15.120000000   0.135561000  -0.083854400   0.025524000   0.000000000   0.000000000   0.000000000
       0.000000000   0.000000000   0.000000000
      7.010000000   0.017320800   0.199718000  -0.066949600   0.000000000   0.000000000   0.000000000
       0.000000000   0.000000000   0.000000000
      3.441000000  -0.000035200   0.498605000  -0.203645000   0.000000000   0.000000000   0.000000000
       0.000000000   0.000000000   0.000000000
      1.712000000   0.000803300   0.389815000  -0.287228000   1.000000000   0.000000000   0.000000000
       0.000000000   0.000000000   0.000000000
      0.833700000  -0.000243800   0.074341000  -0.033821100   0.000000000   1.000000000   0.000000000
       0.000000000   0.000000000   0.000000000
      0.391200000   0.000098700   0.000738000   0.454482000   0.000000000   0.000000000   1.000000000
       0.000000000   0.000000000   0.000000000
      0.177700000  -0.000051200   0.000927600   0.568791000   0.000000000   0.000000000   0.000000000
       1.000000000   0.000000000   0.000000000
      0.079390000   0.000010100  -0.000001700   0.178590000   0.000000000   0.000000000   0.000000000
       0.000000000   1.000000000   0.000000000
      0.032280000   0.000000000   0.000000000   0.000000000   0.000000000   0.000000000   0.000000000
       0.000000000   0.000000000   1.000000000
$ P-TYPE FUNCTIONS
   15    8    0
   4552.000000000   0.000052000  -0.000012400   0.000000000   0.000000000   0.000000000   0.000000000
       0.000000000   0.000000000
   1078.000000000   0.000460400  -0.000109400   0.000000000   0.000000000   0.000000000   0.000000000
       0.000000000   0.000000000
    350.100000000   0.002620800  -0.000625600   0.000000000   0.000000000   0.000000000   0.000000000
       0.000000000   0.000000000
    133.800000000   0.011187300  -0.002673400   0.000000000   0.000000000   0.000000000   0.000000000
       0.000000000   0.000000000
     56.520000000   0.037822900  -0.009155200   0.000000000   0.000000000   0.000000000   0.000000000
       0.000000000   0.000000000
     25.580000000   0.102116000  -0.025099300   0.000000000   0.000000000   0.000000000   0.000000000
       0.000000000   0.000000000
     12.140000000   0.210314000  -0.053181000   0.000000000   0.000000000   0.000000000   0.000000000
       0.000000000   0.000000000
      5.902000000   0.317383000  -0.081588800   0.000000000   0.000000000   0.000000000   0.000000000
       0.000000000   0.000000000
      2.910000000   0.327165000  -0.091972500   0.000000000   0.000000000   0.000000000   0.000000000
       0.000000000   0.000000000
      1.435000000   0.177687000  -0.029266800   1.000000000   0.000000000   0.000000000   0.000000000
       0.000000000   0.000000000
      0.657000000   0.029358000   0.187996000   0.000000000   1.000000000   0.000000000   0.000000000
       0.000000000   0.000000000
      0.300500000  -0.000076800   0.427191000   0.000000000   0.000000000   1.000000000   0.000000000
       0.000000000   0.000000000
      0.134000000   0.000672000   0.410146000   0.000000000   0.000000000   0.000000000   1.000000000
       0.000000000   0.000000000
      0.057830000  -0.000116800   0.126465000   0.000000000   0.000000000   0.000000000   0.000000000
       1.000000000   0.000000000
      0.021970000   0.000000000   0.000000000   0.000000000   0.000000000   0.000000000   0.000000000
       0.000000000   1.000000000
$ D-TYPE FUNCTIONS
    7    7    0
      9.473000000   1.000000000   0.000000000   0.000000000   0.000000000   0.000000000   0.000000000
       0.000000000
      2.482000000   0.000000000   1.000000000   0.000000000   0.000000000   0.000000000   0.000000000
       0.000000000
      1.088000000   0.000000000   0.000000000   1.000000000   0.000000000   0.000000000   0.000000000
       0.000000000
      0.692000000   0.000000000   0.000000000   0.000000000   1.000000000   0.000000000   0.000000000
       0.000000000
      0.319000000   0.000000000   0.000000000   0.000000000   0.000000000   1.000000000   0.000000000
       0.000000000
      0.134000000   0.000000000   0.000000000   0.000000000   0.000000000   0.000000000   1.000000000
       0.000000000
      0.050700000   0.000000000   0.000000000   0.000000000   0.000000000   0.000000000   0.000000000
       1.000000000
$ F-TYPE FUNCTIONS
    5    5    0
      1.816000000   1.000000000   0.000000000   0.000000000   0.000000000   0.000000000
      0.880600000   0.000000000   1.000000000   0.000000000   0.000000000   0.000000000
      0.427000000   0.000000000   0.000000000   1.000000000   0.000000000   0.000000000
      0.207000000   0.000000000   0.000000000   0.000000000   1.000000000   0.000000000
      0.087100000   0.000000000   0.000000000   0.000000000   0.000000000   1.000000000
$ G-TYPE FUNCTIONS
    4    4    0
      1.061600000   1.000000000   0.000000000   0.000000000   0.000000000
      0.579100000   0.000000000   1.000000000   0.000000000   0.000000000
      0.315900000   0.000000000   0.000000000   1.000000000   0.000000000
      0.147000000   0.000000000   0.000000000   0.000000000   1.000000000
$ H-TYPE FUNCTIONS
    3    3    0
      1.085000000   1.000000000   0.000000000   0.000000000
      0.527700000   0.000000000   1.000000000   0.000000000
      0.287400000   0.000000000   0.000000000   1.000000000
$ I-TYPE FUNCTIONS
    2    2    0
      0.889000000   1.000000000   0.000000000
      0.515100000   0.000000000   1.000000000
a 16
$ SULFUR       (21s,14p,6d,4f,3g,2h,1i) -> [8s,7p,6d,4f,3g,2h,1i]
$ SULFUR       (1s,1p,1d,1f,1g,1h,1i)
$ S-TYPE FUNCTIONS
   22    9    0
 6297000.00000000   0.000001600  -0.000000400   0.000000100   0.000000000   0.000000000   0.000000000
       0.000000000   0.000000000   0.000000000
 943100.000000000   0.000012400  -0.000003400   0.000001000   0.000000000   0.000000000   0.000000000
       0.000000000   0.000000000   0.000000000
 214900.000000000   0.000064900  -0.000017900   0.000005200   0.000000000   0.000000000   0.000000000
       0.000000000   0.000000000   0.000000000
  61250.000000000   0.000269300  -0.000074400   0.000021600   0.000000000   0.000000000   0.000000000
       0.000000000   0.000000000   0.000000000
  20450.000000000   0.000934700  -0.000258700   0.000075100   0.000000000   0.000000000   0.000000000
       0.000000000   0.000000000   0.000000000
   7719.000000000   0.002808300  -0.000777700   0.000225800   0.000000000   0.000000000   0.000000000
       0.000000000   0.000000000   0.000000000
   3198.000000000   0.007674000  -0.002139600   0.000621700   0.000000000   0.000000000   0.000000000
       0.000000000   0.000000000   0.000000000
   1402.000000000   0.019889800  -0.005590600   0.001625100   0.000000000   0.000000000   0.000000000
       0.000000000   0.000000000   0.000000000
    637.200000000   0.048258900  -0.013907600   0.004053500   0.000000000   0.000000000   0.000000000
       0.000000000   0.000000000   0.000000000
    298.900000000   0.105757000  -0.031768900   0.009290200   0.000000000   0.000000000   0.000000000
       0.000000000   0.000000000   0.000000000
    144.300000000   0.200223000  -0.065930200   0.019456100   0.000000000   0.000000000   0.000000000
       0.000000000   0.000000000   0.000000000
     71.210000000   0.300728000  -0.116832000   0.035004000   0.000000000   0.000000000   0.000000000
       0.000000000   0.000000000   0.000000000
     35.730000000   0.298688000  -0.159787000   0.049489700   0.000000000   0.000000000   0.000000000
       0.000000000   0.000000000   0.000000000
     17.970000000   0.146347000  -0.094532200   0.030344300   0.000000000   0.000000000   0.000000000
       0.000000000   0.000000000   0.000000000
      8.341000000   0.020115900   0.187828000  -0.066366100   0.000000000   0.000000000   0.000000000
       0.000000000   0.000000000   0.000000000
      4.112000000  -0.000248800   0.504683000  -0.223154000   0.000000000   0.000000000   0.000000000
       0.000000000   0.000000000   0.000000000
      2.045000000   0.000900900   0.399545000  -0.309609000   1.000000000   0.000000000   0.000000000
       0.000000000   0.000000000   0.000000000
      0.977000000  -0.000317800   0.073411700  -0.011219200   0.000000000   1.000000000   0.000000000
       0.000000000   0.000000000   0.000000000
      0.476600000   0.000130900  -0.000106200   0.481033000   0.000000000   0.000000000   1.000000000
       0.000000000   0.000000000   0.000000000
      0.218500000  -0.000066700   0.001406800   0.555478000   0.000000000   0.000000000   0.000000000
       1.000000000   0.000000000   0.000000000
      0.097590000   0.000012500  -0.000028800   0.163542000   0.000000000   0.000000000   0.000000000
       0.000000000   1.000000000   0.000000000
      0.038930000   0.000000000   0.000000000   0.000000000   0.000000000   0.000000000   0.000000000
       0.000000000   0.000000000   1.000000000
$ P-TYPE FUNCTIONS
   15    8    0
   5266.000000000   0.000052300  -0.000013300   0.000000000   0.000000000   0.000000000   0.000000000
       0.000000000   0.000000000
   1247.000000000   0.000463500  -0.000117900   0.000000000   0.000000000   0.000000000   0.000000000
       0.000000000   0.000000000
    405.000000000   0.002641000  -0.000675900   0.000000000   0.000000000   0.000000000   0.000000000
       0.000000000   0.000000000
    154.800000000   0.011316900  -0.002897300   0.000000000   0.000000000   0.000000000   0.000000000
       0.000000000   0.000000000
     65.380000000   0.038470400  -0.009998000   0.000000000   0.000000000   0.000000000   0.000000000
       0.000000000   0.000000000
     29.590000000   0.104339000  -0.027541600   0.000000000   0.000000000   0.000000000   0.000000000
       0.000000000   0.000000000
     14.040000000   0.215684000  -0.058794300   0.000000000   0.000000000   0.000000000   0.000000000
       0.000000000   0.000000000
      6.824000000   0.325260000  -0.090376100   0.000000000   0.000000000   0.000000000   0.000000000
       0.000000000   0.000000000
      3.369000000   0.326178000  -0.099989100   0.000000000   0.000000000   0.000000000   0.000000000
       0.000000000   0.000000000
      1.666000000   0.163146000  -0.010979800   1.000000000   0.000000000   0.000000000   0.000000000
       0.000000000   0.000000000
      0.768100000   0.023898200   0.232732000   0.000000000   1.000000000   0.000000000   0.000000000
       0.000000000   0.000000000
      0.350400000   0.000473800   0.431249000   0.000000000   0.000000000   1.000000000   0.000000000
       0.000000000   0.000000000
      0.155600000   0.000735200   0.375186000   0.000000000   0.000000000   0.000000000   1.000000000
       0.000000000   0.000000000
      0.066810000   0.000022400   0.113729000   0.000000000   0.000000000   0.000000000   0.000000000
       1.000000000   0.000000000
      0.026480000   0.000000000   0.000000000   0.000000000   0.000000000   0.000000000   0.000000000
       0.000000000   1.000000000
$ D-TYPE FUNCTIONS
    7    7    0
     11.533000000   1.000000000   0.000000000   0.000000000   0.000000000   0.000000000   0.000000000
       0.000000000
      2.988000000   0.000000000   1.000000000   0.000000000   0.000000000   0.000000000   0.000000000
       0.000000000
      1.259000000   0.000000000   0.000000000   1.000000000   0.000000000   0.000000000   0.000000000
       0.000000000
      0.804000000   0.000000000   0.000000000   0.000000000   1.000000000   0.000000000   0.000000000
       0.000000000
      0.380000000   0.000000000   0.000000000   0.000000000   0.000000000   1.000000000   0.000000000
       0.000000000
      0.160000000   0.000000000   0.000000000   0.000000000   0.000000000   0.000000000   1.000000000
       0.000000000
      0.060900000   0.000000000   0.000000000   0.000000000   0.000000000   0.000000000   0.000000000
       1.000000000
$ F-TYPE FUNCTIONS
    5    5    0
      1.322200000   1.000000000   0.000000000   0.000000000   0.000000000   0.000000000
      0.731900000   0.000000000   1.000000000   0.000000000   0.000000000   0.000000000
      0.405100000   0.000000000   0.000000000   1.000000000   0.000000000   0.000000000
      0.224300000   0.000000000   0.000000000   0.000000000   1.000000000   0.000000000
      0.110000000   0.000000000   0.000000000   0.000000000   0.000000000   1.000000000
$ G-TYPE FUNCTIONS
    4    4    0
      1.347300000   1.000000000   0.000000000   0.000000000   0.000000000
      0.700900000   0.000000000   1.000000000   0.000000000   0.000000000
      0.364700000   0.000000000   0.000000000   1.000000000   0.000000000
      0.179900000   0.000000000   0.000000000   0.000000000   1.000000000
$ H-TYPE FUNCTIONS
    3    3    0
      1.286100000   1.000000000   0.000000000   0.000000000
      0.611500000   0.000000000   1.000000000   0.000000000
      0.346500000   0.000000000   0.000000000   1.000000000
$ I-TYPE FUNCTIONS
    2    2    0
      1.040900000   1.000000000   0.000000000
      0.622200000   0.000000000   1.000000000
a 17
$ CHLORINE     (21s,14p,6d,4f,3g,2h,1i) -> [8s,7p,6d,4f,3g,2h,1i]
$ CHLORINE     (1s,1p,1d,1f,1g,1h,1i)
$ S-TYPE FUNCTIONS
   22    9    0
 7733000.00000000   0.000001430  -0.000000400   0.000000120   0.000000000   0.000000000   0.000000000
       0.000000000   0.000000000   0.000000000
 1158000.00000000   0.000011150  -0.000003120   0.000000950   0.000000000   0.000000000   0.000000000
       0.000000000   0.000000000   0.000000000
 263700.000000000   0.000058590  -0.000016430   0.000004970   0.000000000   0.000000000   0.000000000
       0.000000000   0.000000000   0.000000000
  75010.000000000   0.000244520  -0.000068540   0.000020730   0.000000000   0.000000000   0.000000000
       0.000000000   0.000000000   0.000000000
  24890.000000000   0.000858290  -0.000241000   0.000072940   0.000000000   0.000000000   0.000000000
       0.000000000   0.000000000   0.000000000
   9318.000000000   0.002610190  -0.000733540   0.000221900   0.000000000   0.000000000   0.000000000
       0.000000000   0.000000000   0.000000000
   3840.000000000   0.007137840  -0.002018300   0.000611350   0.000000000   0.000000000   0.000000000
       0.000000000   0.000000000   0.000000000
   1684.000000000   0.018456400  -0.005261070   0.001593370   0.000000000   0.000000000   0.000000000
       0.000000000   0.000000000   0.000000000
    766.300000000   0.044894400  -0.013098600   0.003980010   0.000000000   0.000000000   0.000000000
       0.000000000   0.000000000   0.000000000
    359.500000000   0.099382200  -0.030179400   0.009193750   0.000000000   0.000000000   0.000000000
       0.000000000   0.000000000   0.000000000
    173.400000000   0.190782000  -0.063188800   0.019439900   0.000000000   0.000000000   0.000000000
       0.000000000   0.000000000   0.000000000
     85.610000000   0.293565000  -0.113859000   0.035518700   0.000000000   0.000000000   0.000000000
       0.000000000   0.000000000   0.000000000
     42.930000000   0.306477000  -0.161251000   0.052067400   0.000000000   0.000000000   0.000000000
       0.000000000   0.000000000   0.000000000
     21.550000000   0.162209000  -0.109234000   0.036564400   0.000000000   0.000000000   0.000000000
       0.000000000   0.000000000   0.000000000
     10.050000000   0.024938300   0.162999000  -0.059750000   0.000000000   0.000000000   0.000000000
       0.000000000   0.000000000   0.000000000
      4.978000000  -0.000513140   0.501413000  -0.231641000   0.000000000   0.000000000   0.000000000
       0.000000000   0.000000000   0.000000000
      2.478000000   0.001102410   0.420607000  -0.329846000   1.000000000   0.000000000   0.000000000
       0.000000000   0.000000000   0.000000000
      1.180000000  -0.000431650   0.081929300  -0.012432000   0.000000000   1.000000000   0.000000000
       0.000000000   0.000000000   0.000000000
      0.582800000   0.000178680  -0.000032970   0.491829000   0.000000000   0.000000000   1.000000000
       0.000000000   0.000000000   0.000000000
      0.266800000  -0.000088950   0.001790230   0.556973000   0.000000000   0.000000000   0.000000000
       1.000000000   0.000000000   0.000000000
      0.118300000   0.000016620  -0.000038290   0.158497000   0.000000000   0.000000000   0.000000000
       0.000000000   1.000000000   0.000000000
      0.046250000   0.000000000   0.000000000   0.000000000   0.000000000   0.000000000   0.000000000
       0.000000000   0.000000000   1.000000000
$ P-TYPE FUNCTIONS
   15    8    0
   6091.000000000   0.000051620  -0.000013930   0.000000000   0.000000000   0.000000000   0.000000000
       0.000000000   0.000000000
   1442.000000000   0.000458470  -0.000123320   0.000000000   0.000000000   0.000000000   0.000000000
       0.000000000   0.000000000
    468.300000000   0.002615090  -0.000707550   0.000000000   0.000000000   0.000000000   0.000000000
       0.000000000   0.000000000
    179.000000000   0.011255400  -0.003049390   0.000000000   0.000000000   0.000000000   0.000000000
       0.000000000   0.000000000
     75.610000000   0.038457700  -0.010575200   0.000000000   0.000000000   0.000000000   0.000000000
       0.000000000   0.000000000
     34.220000000   0.105081000  -0.029409400   0.000000000   0.000000000   0.000000000   0.000000000
       0.000000000   0.000000000
     16.230000000   0.218603000  -0.063229600   0.000000000   0.000000000   0.000000000   0.000000000
       0.000000000   0.000000000
      7.890000000   0.330874000  -0.098187000   0.000000000   0.000000000   0.000000000   0.000000000
       0.000000000   0.000000000
      3.898000000   0.325879000  -0.105870000   0.000000000   0.000000000   0.000000000   0.000000000
       0.000000000   0.000000000
      1.933000000   0.153159000   0.003228870   1.000000000   0.000000000   0.000000000   0.000000000
       0.000000000   0.000000000
      0.905700000   0.021091000   0.258306000   0.000000000   1.000000000   0.000000000   0.000000000
       0.000000000   0.000000000
      0.414000000   0.001067950   0.433326000   0.000000000   0.000000000   1.000000000   0.000000000
       0.000000000   0.000000000
      0.183600000   0.000823130   0.354508000   0.000000000   0.000000000   0.000000000   1.000000000
       0.000000000   0.000000000
      0.078590000   0.000126240   0.103189000   0.000000000   0.000000000   0.000000000   0.000000000
       1.000000000   0.000000000
      0.031630000   0.000000000   0.000000000   0.000000000   0.000000000   0.000000000   0.000000000
       0.000000000   1.000000000
$ D-TYPE FUNCTIONS
    7    7    0
     14.772000000   1.000000000   0.000000000   0.000000000   0.000000000   0.000000000   0.000000000
       0.000000000
      3.820000000   0.000000000   1.000000000   0.000000000   0.000000000   0.000000000   0.000000000
       0.000000000
      1.583000000   0.000000000   0.000000000   1.000000000   0.000000000   0.000000000   0.000000000
       0.000000000
      1.036000000   0.000000000   0.000000000   0.000000000   1.000000000   0.000000000   0.000000000
       0.000000000
      0.488000000   0.000000000   0.000000000   0.000000000   0.000000000   1.000000000   0.000000000
       0.000000000
      0.203000000   0.000000000   0.000000000   0.000000000   0.000000000   0.000000000   1.000000000
       0.000000000
      0.077500000   0.000000000   0.000000000   0.000000000   0.000000000   0.000000000   0.000000000
       1.000000000
$ F-TYPE FUNCTIONS
    5    5    0
      2.532700000   1.000000000   0.000000000   0.000000000   0.000000000   0.000000000
      1.240600000   0.000000000   1.000000000   0.000000000   0.000000000   0.000000000
      0.607700000   0.000000000   0.000000000   1.000000000   0.000000000   0.000000000
      0.297700000   0.000000000   0.000000000   0.000000000   1.000000000   0.000000000
      0.146500000   0.000000000   0.000000000   0.000000000   0.000000000   1.000000000
$ G-TYPE FUNCTIONS
    4    4    0
      1.538800000   1.000000000   0.000000000   0.000000000   0.000000000
      0.805000000   0.000000000   1.000000000   0.000000000   0.000000000
      0.421200000   0.000000000   0.000000000   1.000000000   0.000000000
      0.217700000   0.000000000   0.000000000   0.000000000   1.000000000
$ H-TYPE FUNCTIONS
    3    3    0
      1.561300000   1.000000000   0.000000000   0.000000000
      0.739700000   0.000000000   1.000000000   0.000000000
      0.436500000   0.000000000   0.000000000   1.000000000
$ I-TYPE FUNCTIONS
    2    2    0
      1.257200000   1.000000000   0.000000000
      0.807400000   0.000000000   1.000000000
a 18
$ ARGON        (21s,14p,6d,4f,3g,2h,1i) -> [8s,7p,6d,4f,3g,2h,1i]
$ ARGON        (1s,1p,1d,1f,1g,1h,1i)
$ S-TYPE FUNCTIONS
   22    9    0
 9149000.00000000   0.000001300  -0.000000400   0.000000100   0.000000000   0.000000000   0.000000000
       0.000000000   0.000000000   0.000000000
 1370000.00000000   0.000010400  -0.000003000   0.000000900   0.000000000   0.000000000   0.000000000
       0.000000000   0.000000000   0.000000000
 311900.000000000   0.000054900  -0.000015600   0.000004900   0.000000000   0.000000000   0.000000000
       0.000000000   0.000000000   0.000000000
  88650.000000000   0.000229600  -0.000065200   0.000020400   0.000000000   0.000000000   0.000000000
       0.000000000   0.000000000   0.000000000
  29330.000000000   0.000810300  -0.000230400   0.000072000   0.000000000   0.000000000   0.000000000
       0.000000000   0.000000000   0.000000000
  10930.000000000   0.002485300  -0.000707500   0.000221000   0.000000000   0.000000000   0.000000000
       0.000000000   0.000000000   0.000000000
   4480.000000000   0.006836900  -0.001957300   0.000612500   0.000000000   0.000000000   0.000000000
       0.000000000   0.000000000   0.000000000
   1962.000000000   0.017619900  -0.005085600   0.001590800   0.000000000   0.000000000   0.000000000
       0.000000000   0.000000000   0.000000000
    894.100000000   0.042875200  -0.012652800   0.003972200   0.000000000   0.000000000   0.000000000
       0.000000000   0.000000000   0.000000000
    419.600000000   0.095485300  -0.029306500   0.009220400   0.000000000   0.000000000   0.000000000
       0.000000000   0.000000000   0.000000000
    202.300000000   0.185064000  -0.061771200   0.019636700   0.000000000   0.000000000   0.000000000
       0.000000000   0.000000000   0.000000000
     99.840000000   0.289042000  -0.112541000   0.036257000   0.000000000   0.000000000   0.000000000
       0.000000000   0.000000000   0.000000000
     50.070000000   0.310166000  -0.162293000   0.054172500   0.000000000   0.000000000   0.000000000
       0.000000000   0.000000000   0.000000000
     25.140000000   0.172183000  -0.118412000   0.040999600   0.000000000   0.000000000   0.000000000
       0.000000000   0.000000000   0.000000000
     11.810000000   0.028522700   0.146148000  -0.055174400   0.000000000   0.000000000   0.000000000
       0.000000000   0.000000000   0.000000000
      5.882000000  -0.000575700   0.497752000  -0.238754000   0.000000000   0.000000000   0.000000000
       0.000000000   0.000000000   0.000000000
      2.939000000   0.001181200   0.434240000  -0.345264000   1.000000000   0.000000000   0.000000000
       0.000000000   0.000000000   0.000000000
      1.405000000  -0.000480500   0.089074500  -0.012238400   0.000000000   1.000000000   0.000000000
       0.000000000   0.000000000   0.000000000
      0.696300000   0.000188800   0.000538100   0.499737000   0.000000000   0.000000000   1.000000000
       0.000000000   0.000000000   0.000000000
      0.318800000  -0.000097300   0.002040400   0.556889000   0.000000000   0.000000000   0.000000000
       1.000000000   0.000000000   0.000000000
      0.141000000   0.000017400  -0.000028000   0.155542000   0.000000000   0.000000000   0.000000000
       0.000000000   1.000000000   0.000000000
      0.053570000   0.000000000   0.000000000   0.000000000   0.000000000   0.000000000   0.000000000
       0.000000000   0.000000000   1.000000000
$ P-TYPE FUNCTIONS
   15    8    0
   7050.000000000   0.000050200  -0.000014000   0.000000000   0.000000000   0.000000000   0.000000000
       0.000000000   0.000000000
   1669.000000000   0.000445400  -0.000124300   0.000000000   0.000000000   0.000000000   0.000000000
       0.000000000   0.000000000
    542.100000000   0.002548000  -0.000714700   0.000000000   0.000000000   0.000000000   0.000000000
       0.000000000   0.000000000
    207.100000000   0.011015500  -0.003096800   0.000000000   0.000000000   0.000000000   0.000000000
       0.000000000   0.000000000
     87.520000000   0.037849000  -0.010796100   0.000000000   0.000000000   0.000000000   0.000000000
       0.000000000   0.000000000
     39.610000000   0.104355000  -0.030353600   0.000000000   0.000000000   0.000000000   0.000000000
       0.000000000   0.000000000
     18.780000000   0.219335000  -0.065978500   0.000000000   0.000000000   0.000000000   0.000000000
       0.000000000   0.000000000
      9.130000000   0.334615000  -0.103877000   0.000000000   0.000000000   0.000000000   0.000000000
       0.000000000   0.000000000
      4.516000000   0.326771000  -0.109956000   0.000000000   0.000000000   0.000000000   0.000000000
       0.000000000   0.000000000
      2.245000000   0.148153000   0.013324800   1.000000000   0.000000000   0.000000000   0.000000000
       0.000000000   0.000000000
      1.065000000   0.019258600   0.274286000   0.000000000   1.000000000   0.000000000   0.000000000
       0.000000000   0.000000000
      0.488500000   0.000551900   0.434936000   0.000000000   0.000000000   1.000000000   0.000000000
       0.000000000   0.000000000
      0.216600000   0.000176900   0.340977000   0.000000000   0.000000000   0.000000000   1.000000000
       0.000000000   0.000000000
      0.092550000  -0.000016900   0.095068400   0.000000000   0.000000000   0.000000000   0.000000000
       1.000000000   0.000000000
      0.036780000   0.000000000   0.000000000   0.000000000   0.000000000   0.000000000   0.000000000
       0.000000000   1.000000000
$ D-TYPE FUNCTIONS
    7    7    0
     17.743000000   1.000000000   0.000000000   0.000000000   0.000000000   0.000000000   0.000000000
       0.000000000
      4.580000000   0.000000000   1.000000000   0.000000000   0.000000000   0.000000000   0.000000000
       0.000000000
      1.889000000   0.000000000   0.000000000   1.000000000   0.000000000   0.000000000   0.000000000
       0.000000000
      1.252000000   0.000000000   0.000000000   0.000000000   1.000000000   0.000000000   0.000000000
       0.000000000
      0.594000000   0.000000000   0.000000000   0.000000000   0.000000000   1.000000000   0.000000000
       0.000000000
      0.247000000   0.000000000   0.000000000   0.000000000   0.000000000   0.000000000   1.000000000
       0.000000000
      0.089800000   0.000000000   0.000000000   0.000000000   0.000000000   0.000000000   0.000000000
       1.000000000
$ F-TYPE FUNCTIONS
    5    5    0
      3.058200000   1.000000000   0.000000000   0.000000000   0.000000000   0.000000000
      1.529200000   0.000000000   1.000000000   0.000000000   0.000000000   0.000000000
      0.764700000   0.000000000   0.000000000   1.000000000   0.000000000   0.000000000
      0.382400000   0.000000000   0.000000000   0.000000000   1.000000000   0.000000000
      0.183000000   0.000000000   0.000000000   0.000000000   0.000000000   1.000000000
$ G-TYPE FUNCTIONS
    4    4    0
      1.845000000   1.000000000   0.000000000   0.000000000   0.000000000
      0.965700000   0.000000000   1.000000000   0.000000000   0.000000000
      0.505500000   0.000000000   0.000000000   1.000000000   0.000000000
      0.255500000   0.000000000   0.000000000   0.000000000   1.000000000
$ H-TYPE FUNCTIONS
    3    3    0
      1.874300000   1.000000000   0.000000000   0.000000000
      0.887100000   0.000000000   1.000000000   0.000000000
      0.526500000   0.000000000   0.000000000   1.000000000
$ I-TYPE FUNCTIONS
    2    2    0
      1.506600000   1.000000000   0.000000000
      0.992600000   0.000000000   1.000000000


