$ Basis=aug-cc-pV(D+d)Z
$
$ Supported Elements
$ Al Si P S Cl Ar
$
$ REFERENCES
$ Elements                             References
$ --------                             ----------
$ Al - Ar:   T. H. Dunning, Jr., K.A. Peterson and A.K. Wilson,
$            J. Chem. Phys., 114, 2944 (2001).
$
$  Polarization and/or diffuse functions
$ Elements                             References
$ --------                             ---------
$ Al- Ar:    T.H. Dunning, Jr., K.A. Peterson and A.K. Wilson,
$            J. Chem. Phys., 114, 9244 (2001)
$
************************************************************************
a 13
$ ALUMINUM     (12s,8p,2d) -> [4s,3p,2d]
$ ALUMINUM     Diffuse (1s,1p,1d)
$ S-TYPE FUNCTIONS
   13    5    0
  64150.000000000   0.000290250  -0.000075800   0.000017510   0.000000000   0.000000000
   9617.000000000   0.002250640  -0.000581790   0.000134210   0.000000000   0.000000000
   2189.000000000   0.011645900  -0.003081130   0.000712440   0.000000000   0.000000000
    620.500000000   0.046737700  -0.012311200   0.002843300   0.000000000   0.000000000
    202.700000000   0.146299000  -0.041978100   0.009768420   0.000000000   0.000000000
     73.150000000   0.330283000  -0.103371000   0.024185000   0.000000000   0.000000000
     28.550000000   0.415861000  -0.196308000   0.047499300   0.000000000   0.000000000
     11.770000000   0.189253000  -0.083000200   0.020362100   0.000000000   0.000000000
      3.300000000   0.011588900   0.541040000  -0.158788000   0.000000000   0.000000000
      1.173000000  -0.001283850   0.578796000  -0.311694000   0.000000000   0.000000000
      0.175200000   0.000425880   0.028814700   0.620147000   0.000000000   0.000000000
      0.064730000  -0.000199280  -0.009537950   0.520943000   1.000000000   0.000000000
      0.023100000   0.000000000   0.000000000   0.000000000   0.000000000   1.000000000
$ P-TYPE FUNCTIONS
    9    4    0
    258.800000000   0.004068470  -0.000748050   0.000000000   0.000000000
     60.890000000   0.030681500  -0.005457960   0.000000000   0.000000000
     19.140000000   0.129149000  -0.024537100   0.000000000   0.000000000
      6.881000000   0.320831000  -0.058213800   0.000000000   0.000000000
      2.574000000   0.453815000  -0.098375600   0.000000000   0.000000000
      0.957200000   0.275066000  -0.026006400   0.000000000   0.000000000
      0.209900000   0.019080700   0.464020000   0.000000000   0.000000000
      0.059860000  -0.003128480   0.648870000   1.000000000   0.000000000
      0.015300000   0.000000000   0.000000000   0.000000000   1.000000000
$ D-TYPE FUNCTIONS
    3    3    0
      1.195000000   1.000000000   0.000000000   0.000000000
      0.190000000   0.000000000   1.000000000   0.000000000
      0.552000000   0.000000000   0.000000000   1.000000000
a 14
$ SILICON      (12s,8p,2d) -> [4s,3p,2d]
$ SILICON      Diffuse (1s,1p,1d)
$ S-TYPE FUNCTIONS
   13    5    0
  78860.000000000   0.000270440  -0.000072320   0.000018510   0.000000000   0.000000000
  11820.000000000   0.002097170  -0.000555120   0.000142240   0.000000000   0.000000000
   2692.000000000   0.010850600  -0.002938050   0.000752190   0.000000000   0.000000000
    763.400000000   0.043675400  -0.011768700   0.003022790   0.000000000   0.000000000
    249.600000000   0.137653000  -0.040290700   0.010367700   0.000000000   0.000000000
     90.280000000   0.316644000  -0.100609000   0.026256300   0.000000000   0.000000000
     35.290000000   0.418581000  -0.196528000   0.052398900   0.000000000   0.000000000
     14.510000000   0.210212000  -0.102382000   0.029095900   0.000000000   0.000000000
      4.053000000   0.014495200   0.527190000  -0.178003000   0.000000000   0.000000000
      1.482000000  -0.002035900   0.593251000  -0.346874000   0.000000000   0.000000000
      0.251700000   0.000624190   0.033265200   0.623020000   0.000000000   0.000000000
      0.092430000  -0.000282870  -0.009736620   0.537712000   1.000000000   0.000000000
      0.033200000   0.000000000   0.000000000   0.000000000   0.000000000   1.000000000
$ P-TYPE FUNCTIONS
    9    4    0
    315.900000000   0.003926560  -0.000858300   0.000000000   0.000000000
     74.420000000   0.029881100  -0.006303280   0.000000000   0.000000000
     23.480000000   0.127212000  -0.028825500   0.000000000   0.000000000
      8.488000000   0.320943000  -0.069456000   0.000000000   0.000000000
      3.217000000   0.455429000  -0.119493000   0.000000000   0.000000000
      1.229000000   0.268563000  -0.019958100   0.000000000   0.000000000
      0.296400000   0.018833600   0.510268000   0.000000000   0.000000000
      0.087680000  -0.002624310   0.600382000   1.000000000   0.000000000
      0.025000000   0.000000000   0.000000000   0.000000000   1.000000000
$ D-TYPE FUNCTIONS
    3    3    0
      1.803000000   1.000000000   0.000000000   0.000000000
      0.275000000   0.000000000   1.000000000   0.000000000
      0.840000000   0.000000000   0.000000000   1.000000000
a 15
$ PHOSPHORUS   (12s,8p,2d) -> [4s,3p,2d]
$ PHOSPHORUS   Diffuse (1s,1p,1d)
$ S-TYPE FUNCTIONS
   13    5    0
  94840.000000000   0.000255510  -0.000069690   0.000019120   0.000000000   0.000000000
  14220.000000000   0.001981930  -0.000535270   0.000147220   0.000000000   0.000000000
   3236.000000000   0.010276000  -0.002837090   0.000777910   0.000000000   0.000000000
    917.100000000   0.041482300  -0.011398300   0.003145460   0.000000000   0.000000000
    299.500000000   0.131984000  -0.039292900   0.010820000   0.000000000   0.000000000
    108.100000000   0.308662000  -0.099636400   0.027995700   0.000000000   0.000000000
     42.180000000   0.420647000  -0.197983000   0.056397800   0.000000000   0.000000000
     17.280000000   0.222878000  -0.114860000   0.035819000   0.000000000   0.000000000
      4.858000000   0.016403500   0.518595000  -0.193387000   0.000000000   0.000000000
      1.818000000  -0.002542550   0.601847000  -0.372097000   0.000000000   0.000000000
      0.337200000   0.000748050   0.036861200   0.624246000   0.000000000   0.000000000
      0.123200000  -0.000330960  -0.009707590   0.551721000   1.000000000   0.000000000
      0.041700000   0.000000000   0.000000000   0.000000000   0.000000000   1.000000000
$ P-TYPE FUNCTIONS
    9    4    0
    370.500000000   0.003950050  -0.000959830   0.000000000   0.000000000
     87.330000000   0.030249200  -0.007111770   0.000000000   0.000000000
     27.590000000   0.129554000  -0.032712200   0.000000000   0.000000000
     10.000000000   0.327594000  -0.079578400   0.000000000   0.000000000
      3.825000000   0.456992000  -0.135016000   0.000000000   0.000000000
      1.494000000   0.253086000  -0.009105850   0.000000000   0.000000000
      0.392100000   0.016879800   0.537802000   0.000000000   0.000000000
      0.118600000  -0.002070930   0.569066000   1.000000000   0.000000000
      0.034300000   0.000000000   0.000000000   0.000000000   1.000000000
$ D-TYPE FUNCTIONS
    3    3    0
      2.506000000   1.000000000   0.000000000   0.000000000
      0.374000000   0.000000000   1.000000000   0.000000000
      0.116000000   0.000000000   0.000000000   1.000000000
a 16
$ SULFUR       (12s,8p,2d) -> [4s,3p,2d]
$ SULFUR       Diffuse (1s,1p,1d)
$ S-TYPE FUNCTIONS
   13    5    0
 110800.000000000   0.000247640  -0.000068700   0.000019910   0.000000000   0.000000000
  16610.000000000   0.001920260  -0.000527680   0.000153480   0.000000000   0.000000000
   3781.000000000   0.009961920  -0.002796710   0.000809500   0.000000000   0.000000000
   1071.000000000   0.040297500  -0.011265100   0.003289740   0.000000000   0.000000000
    349.800000000   0.128604000  -0.038883400   0.011296700   0.000000000   0.000000000
    126.300000000   0.303480000  -0.099502500   0.029638500   0.000000000   0.000000000
     49.260000000   0.421432000  -0.199740000   0.059985100   0.000000000   0.000000000
     20.160000000   0.230781000  -0.123360000   0.041324800   0.000000000   0.000000000
      5.720000000   0.017897100   0.513194000  -0.207474000   0.000000000   0.000000000
      2.182000000  -0.002975160   0.607120000  -0.392889000   0.000000000   0.000000000
      0.432700000   0.000849520   0.039675300   0.632840000   0.000000000   0.000000000
      0.157000000  -0.000367940  -0.009468640   0.556924000   1.000000000   0.000000000
      0.050700000   0.000000000   0.000000000   0.000000000   0.000000000   1.000000000
$ P-TYPE FUNCTIONS
    9    4    0
    399.700000000   0.004475410  -0.001162510   0.000000000   0.000000000
     94.190000000   0.034170800  -0.008656640   0.000000000   0.000000000
     29.750000000   0.144250000  -0.039088600   0.000000000   0.000000000
     10.770000000   0.353928000  -0.093462500   0.000000000   0.000000000
      4.119000000   0.459085000  -0.147994000   0.000000000   0.000000000
      1.625000000   0.206383000   0.030190400   0.000000000   0.000000000
      0.472600000   0.010214100   0.561573000   0.000000000   0.000000000
      0.140700000  -0.000060310   0.534776000   1.000000000   0.000000000
      0.039900000   0.000000000   0.000000000   0.000000000   1.000000000
$ D-TYPE FUNCTIONS
    3    3    0
      2.994000000   1.000000000   0.000000000   0.000000000
      0.481000000   0.000000000   1.000000000   0.000000000
      0.155000000   0.000000000   0.000000000   1.000000000
a 17
$ CHLORINE     (12s,8p,2d) -> [4s,3p,2d]
$ CHLORINE     Diffuse (1s,1p,1d)
$ S-TYPE FUNCTIONS
   13    5    0
 127900.000000000   0.000241150  -0.000067890   0.000020500   0.000000000   0.000000000
  19170.000000000   0.001870950  -0.000521840   0.000158300   0.000000000   0.000000000
   4363.000000000   0.009708270  -0.002765130   0.000833640   0.000000000   0.000000000
   1236.000000000   0.039315300  -0.011153700   0.003398800   0.000000000   0.000000000
    403.600000000   0.125932000  -0.038591900   0.011673800   0.000000000   0.000000000
    145.700000000   0.299341000  -0.099484800   0.030962200   0.000000000   0.000000000
     56.810000000   0.421886000  -0.201392000   0.062953300   0.000000000   0.000000000
     23.230000000   0.237201000  -0.130313000   0.046025700   0.000000000   0.000000000
      6.644000000   0.019153100   0.509443000  -0.219312000   0.000000000   0.000000000
      2.575000000  -0.003347920   0.610725000  -0.408773000   0.000000000   0.000000000
      0.537100000   0.000929880   0.042154900   0.638465000   0.000000000   0.000000000
      0.193800000  -0.000396380  -0.009234270   0.562362000   1.000000000   0.000000000
      0.060800000   0.000000000   0.000000000   0.000000000   0.000000000   1.000000000
$ P-TYPE FUNCTIONS
    9    4    0
    417.600000000   0.005259820  -0.001435700   0.000000000   0.000000000
     98.330000000   0.039833200  -0.010779600   0.000000000   0.000000000
     31.040000000   0.164655000  -0.047007500   0.000000000   0.000000000
     11.190000000   0.387322000  -0.111030000   0.000000000   0.000000000
      4.249000000   0.457072000  -0.153275000   0.000000000   0.000000000
      1.624000000   0.151636000   0.089460900   0.000000000   0.000000000
      0.532200000   0.001816150   0.579444000   0.000000000   0.000000000
      0.162000000   0.001882960   0.483272000   1.000000000   0.000000000
      0.046600000   0.000000000   0.000000000   0.000000000   1.000000000
$ D-TYPE FUNCTIONS
    3    3    0
      3.652000000   1.000000000   0.000000000   0.000000000
      0.603000000   0.000000000   1.000000000   0.000000000
      0.198000000   0.000000000   0.000000000   1.000000000
a 18
$ ARGON        (12s,8p,2d) -> [4s,3p,2d]
$ ARGON        Diffuse (1s,1p,1d)
$ S-TYPE FUNCTIONS
   13    5    0
 145700.000000000   0.000236700  -0.000067490   0.000021050   0.000000000   0.000000000
  21840.000000000   0.001835230  -0.000518520   0.000162570   0.000000000   0.000000000
   4972.000000000   0.009528600  -0.002748250   0.000855460   0.000000000   0.000000000
   1408.000000000   0.038628300  -0.011100700   0.003497450   0.000000000   0.000000000
    459.700000000   0.124081000  -0.038482000   0.012015600   0.000000000   0.000000000
    165.900000000   0.296471000  -0.099759900   0.032136800   0.000000000   0.000000000
     64.690000000   0.422068000  -0.203088000   0.065527900   0.000000000   0.000000000
     26.440000000   0.241711000  -0.135608000   0.049937000   0.000000000   0.000000000
      7.628000000   0.020050900   0.507195000  -0.229769000   0.000000000   0.000000000
      2.996000000  -0.003610000   0.612898000  -0.421006000   0.000000000   0.000000000
      0.650400000   0.000975610   0.044296800   0.642331000   0.000000000   0.000000000
      0.233700000  -0.000411320  -0.008992780   0.567540000   1.000000000   0.000000000
      0.070900000   0.000000000   0.000000000   0.000000000   0.000000000   1.000000000
$ P-TYPE FUNCTIONS
    9    4    0
    453.700000000   0.005705550  -0.001606550   0.000000000   0.000000000
    106.800000000   0.043046000  -0.012171400   0.000000000   0.000000000
     33.730000000   0.176591000  -0.052078900   0.000000000   0.000000000
     12.130000000   0.406863000  -0.123737000   0.000000000   0.000000000
      4.594000000   0.452549000  -0.151619000   0.000000000   0.000000000
      1.678000000   0.122801000   0.142425000   0.000000000   0.000000000
      0.590900000  -0.004459960   0.584501000   0.000000000   0.000000000
      0.185200000   0.002052250   0.437540000   1.000000000   0.000000000
      0.053300000   0.000000000   0.000000000   0.000000000   1.000000000
$ D-TYPE FUNCTIONS
    3    3    0
      4.390000000   1.000000000   0.000000000   0.000000000
      0.739000000   0.000000000   1.000000000   0.000000000
      0.238000000   0.000000000   0.000000000   1.000000000


