$ Basis = aug-cc-pV(5+d)Z
$
$ Supported Elements
$ Al Si P S Cl Ar
$
$ REFERENCES
$ Elements                             References
$ --------                             ----------
$ Al - Ar:   T. H. Dunning, Jr., K.A. Peterson and A.K. Wilson,
$            J. Chem. Phys., 114, 2944 (2001).
$
$  Polarization and/or diffuse functions
$ Elements                             References
$ --------                             ---------
$ Al- Ar:    T.H. Dunning, Jr., K.A. Peterson and A.K. Wilson,
$            J. Chem. Phys., 114, 9244 (2001)
$
************************************************************************
a 13
$ ALUMINUM     (20s,12p,5d,3f,2g,1h) -> [7s,6p,5d,3f,2g,1h]
$ ALUMINUM     (1s,1p,1d,1f,1g,1h)
$ S-TYPE FUNCTIONS
   21    8    0
 3269000.00000000   0.000002140  -0.000000560   0.000000130   0.000000000   0.000000000   0.000000000
       0.000000000   0.000000000
 489400.000000000   0.000016630  -0.000004320   0.000001000   0.000000000   0.000000000   0.000000000
       0.000000000   0.000000000
 111400.000000000   0.000087520  -0.000022740   0.000005250   0.000000000   0.000000000   0.000000000
       0.000000000   0.000000000
  31560.000000000   0.000368990  -0.000096010   0.000022140   0.000000000   0.000000000   0.000000000
       0.000000000   0.000000000
  10320.000000000   0.001339030  -0.000348380   0.000080550   0.000000000   0.000000000   0.000000000
       0.000000000   0.000000000
   3731.000000000   0.004356360  -0.001138360   0.000262510   0.000000000   0.000000000   0.000000000
       0.000000000   0.000000000
   1456.000000000   0.012895500  -0.003387440   0.000784220   0.000000000   0.000000000   0.000000000
       0.000000000   0.000000000
    604.100000000   0.034820100  -0.009315050   0.002150390   0.000000000   0.000000000   0.000000000
       0.000000000   0.000000000
    263.500000000   0.084353000  -0.023302300   0.005419740   0.000000000   0.000000000   0.000000000
       0.000000000   0.000000000
    119.800000000   0.175907000  -0.052348600   0.012168600   0.000000000   0.000000000   0.000000000
       0.000000000   0.000000000
     56.320000000   0.292091000  -0.099949900   0.023682300   0.000000000   0.000000000   0.000000000
       0.000000000   0.000000000
     27.190000000   0.328220000  -0.150560000   0.036093700   0.000000000   0.000000000   0.000000000
       0.000000000   0.000000000
     13.260000000   0.186927000  -0.119121000   0.030328400   0.000000000   0.000000000   0.000000000
       0.000000000   0.000000000
      6.052000000   0.031043000   0.108091000  -0.030903400   0.000000000   0.000000000   0.000000000
       0.000000000   0.000000000
      2.981000000  -0.000508920   0.411129000  -0.119126000   0.000000000   0.000000000   0.000000000
       0.000000000   0.000000000
      1.476000000   0.001488360   0.457214000  -0.211145000   0.000000000   0.000000000   0.000000000
       0.000000000   0.000000000
      0.733400000  -0.000278240   0.175938000  -0.157944000   1.000000000   0.000000000   0.000000000
       0.000000000   0.000000000
      0.244700000   0.000118750   0.007706100   0.339038000   0.000000000   1.000000000   0.000000000
       0.000000000   0.000000000
      0.108800000  -0.000066150  -0.001661680   0.613097000   0.000000000   0.000000000   1.000000000
       0.000000000   0.000000000
      0.046720000   0.000017600   0.000445350   0.235168000   0.000000000   0.000000000   0.000000000
       1.000000000   0.000000000
      0.017700000   0.000000000   0.000000000   0.000000000   0.000000000   0.000000000   0.000000000
       0.000000000   1.000000000
$ P-TYPE FUNCTIONS
   13    7    0
   1461.000000000   0.000208610  -0.000037190   0.000000000   0.000000000   0.000000000   0.000000000
       0.000000000
    346.200000000   0.001810050  -0.000328560   0.000000000   0.000000000   0.000000000   0.000000000
       0.000000000
    112.200000000   0.009734330  -0.001742640   0.000000000   0.000000000   0.000000000   0.000000000
       0.000000000
     42.510000000   0.037826600  -0.006948280   0.000000000   0.000000000   0.000000000   0.000000000
       0.000000000
     17.720000000   0.110898000  -0.020280700   0.000000000   0.000000000   0.000000000   0.000000000
       0.000000000
      7.852000000   0.234295000  -0.044865700   0.000000000   0.000000000   0.000000000   0.000000000
       0.000000000
      3.571000000   0.345245000  -0.064327800   0.000000000   0.000000000   0.000000000   0.000000000
       0.000000000
      1.637000000   0.331430000  -0.075266600   0.000000000   0.000000000   0.000000000   0.000000000
       0.000000000
      0.738200000   0.147064000   0.000616010   1.000000000   0.000000000   0.000000000   0.000000000
       0.000000000
      0.257700000   0.012141100   0.287819000   0.000000000   1.000000000   0.000000000   0.000000000
       0.000000000
      0.097730000  -0.000871640   0.543030000   0.000000000   0.000000000   1.000000000   0.000000000
       0.000000000
      0.036900000   0.000437960   0.301865000   0.000000000   0.000000000   0.000000000   1.000000000
       0.000000000
      0.011500000   0.000000000   0.000000000   0.000000000   0.000000000   0.000000000   0.000000000
       1.000000000
$ D-TYPE FUNCTIONS
    6    6    0
      2.639000000   1.000000000   0.000000000   0.000000000   0.000000000   0.000000000   0.000000000
      0.588000000   0.000000000   1.000000000   0.000000000   0.000000000   0.000000000   0.000000000
      0.380000000   0.000000000   0.000000000   1.000000000   0.000000000   0.000000000   0.000000000
      0.180000000   0.000000000   0.000000000   0.000000000   1.000000000   0.000000000   0.000000000
      0.072800000   0.000000000   0.000000000   0.000000000   0.000000000   1.000000000   0.000000000
      0.025400000   0.000000000   0.000000000   0.000000000   0.000000000   0.000000000   1.000000000
$ F-TYPE FUNCTIONS
    4    4    0
      0.130000000   1.000000000   0.000000000   0.000000000   0.000000000
      0.258000000   0.000000000   1.000000000   0.000000000   0.000000000
      0.513000000   0.000000000   0.000000000   1.000000000   0.000000000
      0.050900000   0.000000000   0.000000000   0.000000000   1.000000000
$ G-TYPE FUNCTIONS
    3    3    0
      0.252000000   1.000000000   0.000000000   0.000000000
      0.543000000   0.000000000   1.000000000   0.000000000
      0.106900000   0.000000000   0.000000000   1.000000000
$ H-TYPE FUNCTIONS
    2    2    0
      0.446000000   1.000000000   0.000000000
      0.227000000   0.000000000   1.000000000
a 14
$ SILICON      (20s,12p,5d,3f,2g,1h) -> [7s,6p,5d,3f,2g,1h]
$ SILICON      (1s,1p,1d,1f,1g,1h)
$ S-TYPE FUNCTIONS
   21    8    0
 3948000.00000000   0.000002040  -0.000000540   0.000000140   0.000000000   0.000000000   0.000000000
       0.000000000   0.000000000
 591100.000000000   0.000015840  -0.000004220   0.000001080   0.000000000   0.000000000   0.000000000
       0.000000000   0.000000000
 134500.000000000   0.000083360  -0.000022180   0.000005690   0.000000000   0.000000000   0.000000000
       0.000000000   0.000000000
  38120.000000000   0.000351360  -0.000093600   0.000023950   0.000000000   0.000000000   0.000000000
       0.000000000   0.000000000
  12460.000000000   0.001276600  -0.000340120   0.000087240   0.000000000   0.000000000   0.000000000
       0.000000000   0.000000000
   4504.000000000   0.004151910  -0.001110610   0.000284160   0.000000000   0.000000000   0.000000000
       0.000000000   0.000000000
   1758.000000000   0.012303000  -0.003308780   0.000849840   0.000000000   0.000000000   0.000000000
       0.000000000   0.000000000
    729.100000000   0.033310200  -0.009116020   0.002335270   0.000000000   0.000000000   0.000000000
       0.000000000   0.000000000
    318.000000000   0.080984500  -0.022879000   0.005904660   0.000000000   0.000000000   0.000000000
       0.000000000   0.000000000
    144.600000000   0.170290000  -0.051711900   0.013346100   0.000000000   0.000000000   0.000000000
       0.000000000   0.000000000
     67.970000000   0.286879000  -0.099909100   0.026288900   0.000000000   0.000000000   0.000000000
       0.000000000   0.000000000
     32.820000000   0.330340000  -0.152747000   0.040742600   0.000000000   0.000000000   0.000000000
       0.000000000   0.000000000
     16.030000000   0.196602000  -0.127508000   0.036147600   0.000000000   0.000000000   0.000000000
       0.000000000   0.000000000
      7.396000000   0.035453500   0.094696300  -0.030392300   0.000000000   0.000000000   0.000000000
       0.000000000   0.000000000
      3.661000000  -0.000535200   0.414036000  -0.135961000   0.000000000   0.000000000   0.000000000
       0.000000000   0.000000000
      1.823000000   0.001614650   0.467934000  -0.250144000   0.000000000   0.000000000   0.000000000
       0.000000000   0.000000000
      0.914700000  -0.000372740   0.173927000  -0.158050000   1.000000000   0.000000000   0.000000000
       0.000000000   0.000000000
      0.339300000   0.000146230   0.008438950   0.369655000   0.000000000   1.000000000   0.000000000
       0.000000000   0.000000000
      0.150000000  -0.000078940  -0.000998070   0.617718000   0.000000000   0.000000000   1.000000000
       0.000000000   0.000000000
      0.064380000   0.000019280   0.000362100   0.222514000   0.000000000   0.000000000   0.000000000
       1.000000000   0.000000000
      0.026000000   0.000000000   0.000000000   0.000000000   0.000000000   0.000000000   0.000000000
       0.000000000   1.000000000
$ P-TYPE FUNCTIONS
   13    7    0
   1780.000000000   0.000201210  -0.000042720   0.000000000   0.000000000   0.000000000   0.000000000
       0.000000000
    421.800000000   0.001749370  -0.000377040   0.000000000   0.000000000   0.000000000   0.000000000
       0.000000000
    136.700000000   0.009481410  -0.002022400   0.000000000   0.000000000   0.000000000   0.000000000
       0.000000000
     51.810000000   0.037231300  -0.008128330   0.000000000   0.000000000   0.000000000   0.000000000
       0.000000000
     21.600000000   0.110763000  -0.024227200   0.000000000   0.000000000   0.000000000   0.000000000
       0.000000000
      9.563000000   0.237933000  -0.054382500   0.000000000   0.000000000   0.000000000   0.000000000
       0.000000000
      4.350000000   0.353691000  -0.079905100   0.000000000   0.000000000   0.000000000   0.000000000
       0.000000000
      2.006000000   0.328839000  -0.088895800   0.000000000   0.000000000   0.000000000   0.000000000
       0.000000000
      0.920500000   0.132373000   0.018399700   1.000000000   0.000000000   0.000000000   0.000000000
       0.000000000
      0.350000000   0.010330000   0.335096000   0.000000000   1.000000000   0.000000000   0.000000000
       0.000000000
      0.138100000  -0.000150300   0.532288000   0.000000000   0.000000000   1.000000000   0.000000000
       0.000000000
      0.053380000   0.000265810   0.254374000   0.000000000   0.000000000   0.000000000   1.000000000
       0.000000000
      0.019200000   0.000000000   0.000000000   0.000000000   0.000000000   0.000000000   0.000000000
       1.000000000
$ D-TYPE FUNCTIONS
    6    6    0
      3.738000000   1.000000000   0.000000000   0.000000000   0.000000000   0.000000000   0.000000000
      0.893000000   0.000000000   1.000000000   0.000000000   0.000000000   0.000000000   0.000000000
      0.533000000   0.000000000   0.000000000   1.000000000   0.000000000   0.000000000   0.000000000
      0.258000000   0.000000000   0.000000000   0.000000000   1.000000000   0.000000000   0.000000000
      0.105000000   0.000000000   0.000000000   0.000000000   0.000000000   1.000000000   0.000000000
      0.039000000   0.000000000   0.000000000   0.000000000   0.000000000   0.000000000   1.000000000
$ F-TYPE FUNCTIONS
    4    4    0
      0.169000000   1.000000000   0.000000000   0.000000000   0.000000000
      0.341000000   0.000000000   1.000000000   0.000000000   0.000000000
      0.688000000   0.000000000   0.000000000   1.000000000   0.000000000
      0.073500000   0.000000000   0.000000000   0.000000000   1.000000000
$ G-TYPE FUNCTIONS
    3    3    0
      0.320000000   1.000000000   0.000000000   0.000000000
      0.705000000   0.000000000   1.000000000   0.000000000
      0.151000000   0.000000000   0.000000000   1.000000000
$ H-TYPE FUNCTIONS
    2    2    0
      0.583000000   1.000000000   0.000000000
      0.323000000   0.000000000   1.000000000
a 15
$ PHOSPHORUS   (20s,12p,5d,3f,2g,1h) -> [7s,6p,5d,3f,2g,1h]
$ PHOSPHORUS   (1s,1p,1d,1f,1g,1h)
$ S-TYPE FUNCTIONS
   21    8    0
 4666000.00000000   0.000001970  -0.000000530   0.000000150   0.000000000   0.000000000   0.000000000
       0.000000000   0.000000000
 698600.000000000   0.000015300  -0.000004150   0.000001140   0.000000000   0.000000000   0.000000000
       0.000000000   0.000000000
 159000.000000000   0.000080480  -0.000021850   0.000006010   0.000000000   0.000000000   0.000000000
       0.000000000   0.000000000
  45040.000000000   0.000339740  -0.000092330   0.000025340   0.000000000   0.000000000   0.000000000
       0.000000000   0.000000000
  14720.000000000   0.001232910  -0.000335110   0.000092160   0.000000000   0.000000000   0.000000000
       0.000000000   0.000000000
   5323.000000000   0.004013450  -0.001095080   0.000300560   0.000000000   0.000000000   0.000000000
       0.000000000   0.000000000
   2076.000000000   0.011912400  -0.003267980   0.000899880   0.000000000   0.000000000   0.000000000
       0.000000000   0.000000000
    861.100000000   0.032251100  -0.008999510   0.002473540   0.000000000   0.000000000   0.000000000
       0.000000000   0.000000000
    375.700000000   0.078664300  -0.022652800   0.006268120   0.000000000   0.000000000   0.000000000
       0.000000000   0.000000000
    170.800000000   0.166458000  -0.051465000   0.014259800   0.000000000   0.000000000   0.000000000
       0.000000000   0.000000000
     80.290000000   0.283039000  -0.100186000   0.028276900   0.000000000   0.000000000   0.000000000
       0.000000000   0.000000000
     38.770000000   0.331942000  -0.155075000   0.044512400   0.000000000   0.000000000   0.000000000
       0.000000000   0.000000000
     18.930000000   0.203352000  -0.133818000   0.040721700   0.000000000   0.000000000   0.000000000
       0.000000000   0.000000000
      8.796000000   0.038318300   0.087836100  -0.030190800   0.000000000   0.000000000   0.000000000
       0.000000000   0.000000000
      4.358000000  -0.000384720   0.422581000  -0.152894000   0.000000000   0.000000000   0.000000000
       0.000000000   0.000000000
      2.174000000   0.001587440   0.474899000  -0.282411000   0.000000000   0.000000000   0.000000000
       0.000000000   0.000000000
      1.095000000  -0.000413380   0.165002000  -0.148522000   1.000000000   0.000000000   0.000000000
       0.000000000   0.000000000
      0.440000000   0.000152840   0.008468620   0.393563000   0.000000000   1.000000000   0.000000000
       0.000000000   0.000000000
      0.194500000  -0.000082700  -0.000291760   0.617327000   0.000000000   0.000000000   1.000000000
       0.000000000   0.000000000
      0.083760000   0.000018410   0.000285340   0.214612000   0.000000000   0.000000000   0.000000000
       1.000000000   0.000000000
      0.033500000   0.000000000   0.000000000   0.000000000   0.000000000   0.000000000   0.000000000
       0.000000000   1.000000000
$ P-TYPE FUNCTIONS
   13    7    0
   2010.000000000   0.000215920  -0.000051140   0.000000000   0.000000000   0.000000000   0.000000000
       0.000000000
    476.300000000   0.001875360  -0.000448360   0.000000000   0.000000000   0.000000000   0.000000000
       0.000000000
    154.400000000   0.010174200  -0.002423400   0.000000000   0.000000000   0.000000000   0.000000000
       0.000000000
     58.510000000   0.039985600  -0.009698260   0.000000000   0.000000000   0.000000000   0.000000000
       0.000000000
     24.400000000   0.118563000  -0.029096500   0.000000000   0.000000000   0.000000000   0.000000000
       0.000000000
     10.800000000   0.251816000  -0.064172600   0.000000000   0.000000000   0.000000000   0.000000000
       0.000000000
      4.913000000   0.366565000  -0.094507100   0.000000000   0.000000000   0.000000000   0.000000000
       0.000000000
      2.269000000   0.316177000  -0.093470000   0.000000000   0.000000000   0.000000000   0.000000000
       0.000000000
      1.043000000   0.104700000   0.052061100   1.000000000   0.000000000   0.000000000   0.000000000
       0.000000000
      0.431300000   0.006098620   0.374624000   0.000000000   1.000000000   0.000000000   0.000000000
       0.000000000
      0.176700000   0.000502080   0.509097000   0.000000000   0.000000000   1.000000000   0.000000000
       0.000000000
      0.070090000  -0.000029560   0.215116000   0.000000000   0.000000000   0.000000000   1.000000000
       0.000000000
      0.025300000   0.000000000   0.000000000   0.000000000   0.000000000   0.000000000   0.000000000
       1.000000000
$ D-TYPE FUNCTIONS
    6    6    0
      5.103000000   1.000000000   0.000000000   0.000000000   0.000000000   0.000000000   0.000000000
      1.254000000   0.000000000   1.000000000   0.000000000   0.000000000   0.000000000   0.000000000
      0.724000000   0.000000000   0.000000000   1.000000000   0.000000000   0.000000000   0.000000000
      0.354000000   0.000000000   0.000000000   0.000000000   1.000000000   0.000000000   0.000000000
      0.144000000   0.000000000   0.000000000   0.000000000   0.000000000   1.000000000   0.000000000
      0.053700000   0.000000000   0.000000000   0.000000000   0.000000000   0.000000000   1.000000000
$ F-TYPE FUNCTIONS
    4    4    0
      0.219000000   1.000000000   0.000000000   0.000000000   0.000000000
      0.450000000   0.000000000   1.000000000   0.000000000   0.000000000
      0.923000000   0.000000000   0.000000000   1.000000000   0.000000000
      0.095000000   0.000000000   0.000000000   0.000000000   1.000000000
$ G-TYPE FUNCTIONS
    3    3    0
      0.412000000   1.000000000   0.000000000   0.000000000
      0.903000000   0.000000000   1.000000000   0.000000000
      0.184000000   0.000000000   0.000000000   1.000000000
$ H-TYPE FUNCTIONS
    2    2    0
      0.745000000   1.000000000   0.000000000
      0.372000000   0.000000000   1.000000000
a 16
$ SULFUR       (20s,12p,5d,3f,2g,1h) -> [7s,6p,5d,3f,2g,1h]
$ SULFUR       (1s,1p,1d,1f,1g,1h)
$ S-TYPE FUNCTIONS
   21    8    0
 5481000.00000000   0.000001890  -0.000000520   0.000000150   0.000000000   0.000000000   0.000000000
       0.000000000   0.000000000
 820600.000000000   0.000014720  -0.000004070   0.000001180   0.000000000   0.000000000   0.000000000
       0.000000000   0.000000000
 186700.000000000   0.000077510  -0.000021410   0.000006220   0.000000000   0.000000000   0.000000000
       0.000000000   0.000000000
  52880.000000000   0.000327220  -0.000090450   0.000026240   0.000000000   0.000000000   0.000000000
       0.000000000   0.000000000
  17250.000000000   0.001193650  -0.000330080   0.000095900   0.000000000   0.000000000   0.000000000
       0.000000000   0.000000000
   6226.000000000   0.003883930  -0.001077820   0.000312680   0.000000000   0.000000000   0.000000000
       0.000000000   0.000000000
   2429.000000000   0.011533600  -0.003218740   0.000936320   0.000000000   0.000000000   0.000000000
       0.000000000   0.000000000
   1007.000000000   0.031274800  -0.008872170   0.002577900   0.000000000   0.000000000   0.000000000
       0.000000000   0.000000000
    439.500000000   0.076438700  -0.022377100   0.006541210   0.000000000   0.000000000   0.000000000
       0.000000000   0.000000000
    199.800000000   0.162700000  -0.051057700   0.014963000   0.000000000   0.000000000   0.000000000
       0.000000000   0.000000000
     93.920000000   0.279328000  -0.100225000   0.029894000   0.000000000   0.000000000   0.000000000
       0.000000000   0.000000000
     45.340000000   0.333145000  -0.156795000   0.047694600   0.000000000   0.000000000   0.000000000
       0.000000000   0.000000000
     22.150000000   0.209836000  -0.139748000   0.044955600   0.000000000   0.000000000   0.000000000
       0.000000000   0.000000000
     10.340000000   0.041597400   0.081005900  -0.029300900   0.000000000   0.000000000   0.000000000
       0.000000000   0.000000000
      5.119000000  -0.000450550   0.430883000  -0.168916000   0.000000000   0.000000000   0.000000000
       0.000000000   0.000000000
      2.553000000   0.001688550   0.481688000  -0.311014000   0.000000000   0.000000000   0.000000000
       0.000000000   0.000000000
      1.282000000  -0.000517240   0.156862000  -0.136491000   1.000000000   0.000000000   0.000000000
       0.000000000   0.000000000
      0.545000000   0.000188770   0.007888140   0.423195000   0.000000000   1.000000000   0.000000000
       0.000000000   0.000000000
      0.241100000  -0.000099770   0.000393530   0.613888000   0.000000000   0.000000000   1.000000000
       0.000000000   0.000000000
      0.103500000   0.000020900   0.000223760   0.200473000   0.000000000   0.000000000   0.000000000
       1.000000000   0.000000000
      0.042000000   0.000000000   0.000000000   0.000000000   0.000000000   0.000000000   0.000000000
       0.000000000   1.000000000
$ P-TYPE FUNCTIONS
   13    7    0
   2200.000000000   0.000239050  -0.000060860   0.000000000   0.000000000   0.000000000   0.000000000
       0.000000000
    521.400000000   0.002076860  -0.000530420   0.000000000   0.000000000   0.000000000   0.000000000
       0.000000000
    169.000000000   0.011236300  -0.002879150   0.000000000   0.000000000   0.000000000   0.000000000
       0.000000000
     64.050000000   0.044069000  -0.011439700   0.000000000   0.000000000   0.000000000   0.000000000
       0.000000000
     26.720000000   0.129168000  -0.034276400   0.000000000   0.000000000   0.000000000   0.000000000
       0.000000000
     11.830000000   0.269083000  -0.073581100   0.000000000   0.000000000   0.000000000   0.000000000
       0.000000000
      5.378000000   0.378611000  -0.107782000   0.000000000   0.000000000   0.000000000   0.000000000
       0.000000000
      2.482000000   0.296779000  -0.087976900   0.000000000   0.000000000   0.000000000   0.000000000
       0.000000000
      1.116000000   0.077967600   0.108261000   1.000000000   0.000000000   0.000000000   0.000000000
       0.000000000
      0.484800000   0.002051930   0.407082000   0.000000000   1.000000000   0.000000000   0.000000000
       0.000000000
      0.200600000   0.001436020   0.468994000   0.000000000   0.000000000   1.000000000   0.000000000
       0.000000000
      0.079510000  -0.000059600   0.184877000   0.000000000   0.000000000   0.000000000   1.000000000
       0.000000000
      0.029400000   0.000000000   0.000000000   0.000000000   0.000000000   0.000000000   0.000000000
       1.000000000
$ D-TYPE FUNCTIONS
    6    6    0
      6.510000000   1.000000000   0.000000000   0.000000000   0.000000000   0.000000000   0.000000000
      1.590000000   0.000000000   1.000000000   0.000000000   0.000000000   0.000000000   0.000000000
      0.886000000   0.000000000   0.000000000   1.000000000   0.000000000   0.000000000   0.000000000
      0.438000000   0.000000000   0.000000000   0.000000000   1.000000000   0.000000000   0.000000000
      0.177000000   0.000000000   0.000000000   0.000000000   0.000000000   1.000000000   0.000000000
      0.066400000   0.000000000   0.000000000   0.000000000   0.000000000   0.000000000   1.000000000
$ F-TYPE FUNCTIONS
    4    4    0
      0.255000000   1.000000000   0.000000000   0.000000000   0.000000000
      0.529000000   0.000000000   1.000000000   0.000000000   0.000000000
      1.096000000   0.000000000   0.000000000   1.000000000   0.000000000
      0.118800000   0.000000000   0.000000000   0.000000000   1.000000000
$ G-TYPE FUNCTIONS
    3    3    0
      0.463000000   1.000000000   0.000000000   0.000000000
      1.071000000   0.000000000   1.000000000   0.000000000
      0.220000000   0.000000000   0.000000000   1.000000000
$ H-TYPE FUNCTIONS
    2    2    0
      0.872000000   1.000000000   0.000000000
      0.472000000   0.000000000   1.000000000
a 17
$ CHLORINE     (20s,12p,5d,3f,2g,1h) -> [7s,6p,5d,3f,2g,1h]
$ CHLORINE     (1s,1p,1d,1f,1g,1h)
$ S-TYPE FUNCTIONS
   21    8    0
 6410000.00000000   0.000001810  -0.000000510   0.000000150   0.000000000   0.000000000   0.000000000
       0.000000000   0.000000000
 959600.000000000   0.000014110  -0.000003960   0.000001200   0.000000000   0.000000000   0.000000000
       0.000000000   0.000000000
 218300.000000000   0.000074240  -0.000020810   0.000006300   0.000000000   0.000000000   0.000000000
       0.000000000   0.000000000
  61810.000000000   0.000314130  -0.000088120   0.000026640   0.000000000   0.000000000   0.000000000
       0.000000000   0.000000000
  20140.000000000   0.001146420  -0.000321740   0.000097420   0.000000000   0.000000000   0.000000000
       0.000000000   0.000000000
   7264.000000000   0.003738880  -0.001052770   0.000318360   0.000000000   0.000000000   0.000000000
       0.000000000   0.000000000
   2832.000000000   0.011094600  -0.003141830   0.000952380   0.000000000   0.000000000   0.000000000
       0.000000000   0.000000000
   1175.000000000   0.030115200  -0.008663630   0.002624300   0.000000000   0.000000000   0.000000000
       0.000000000   0.000000000
    512.600000000   0.073914500  -0.021935300   0.006681600   0.000000000   0.000000000   0.000000000
       0.000000000   0.000000000
    233.000000000   0.158258000  -0.050258400   0.015359500   0.000000000   0.000000000   0.000000000
       0.000000000   0.000000000
    109.500000000   0.274753000  -0.099541400   0.030943200   0.000000000   0.000000000   0.000000000
       0.000000000   0.000000000
     52.860000000   0.334066000  -0.157647000   0.050063800   0.000000000   0.000000000   0.000000000
       0.000000000   0.000000000
     25.840000000   0.217589000  -0.146024000   0.048978200   0.000000000   0.000000000   0.000000000
       0.000000000   0.000000000
     12.170000000   0.045727800   0.069223000  -0.026080700   0.000000000   0.000000000   0.000000000
       0.000000000   0.000000000
      6.030000000  -0.000134740   0.430412000  -0.178426000   0.000000000   0.000000000   0.000000000
       0.000000000   0.000000000
      3.012000000   0.001639330   0.490802000  -0.332324000   0.000000000   0.000000000   0.000000000
       0.000000000   0.000000000
      1.511000000  -0.000522210   0.158390000  -0.132008000   1.000000000   0.000000000   0.000000000
       0.000000000   0.000000000
      0.660400000   0.000180650   0.008398850   0.440556000   0.000000000   1.000000000   0.000000000
       0.000000000   0.000000000
      0.292600000  -0.000099930   0.000768480   0.611891000   0.000000000   0.000000000   1.000000000
       0.000000000   0.000000000
      0.125400000   0.000019220   0.000227150   0.193172000   0.000000000   0.000000000   0.000000000
       1.000000000   0.000000000
      0.047900000   0.000000000   0.000000000   0.000000000   0.000000000   0.000000000   0.000000000
       0.000000000   1.000000000
$ P-TYPE FUNCTIONS
   13    7    0
   2548.000000000   0.000235700  -0.000063540   0.000000000   0.000000000   0.000000000   0.000000000
       0.000000000
    603.700000000   0.002051580  -0.000553260   0.000000000   0.000000000   0.000000000   0.000000000
       0.000000000
    195.600000000   0.011154300  -0.003027950   0.000000000   0.000000000   0.000000000   0.000000000
       0.000000000
     74.150000000   0.043981600  -0.012065000   0.000000000   0.000000000   0.000000000   0.000000000
       0.000000000
     30.940000000   0.129994000  -0.036634800   0.000000000   0.000000000   0.000000000   0.000000000
       0.000000000
     13.690000000   0.272959000  -0.079076400   0.000000000   0.000000000   0.000000000   0.000000000
       0.000000000
      6.229000000   0.383690000  -0.117422000   0.000000000   0.000000000   0.000000000   0.000000000
       0.000000000
      2.878000000   0.291870000  -0.086094300   0.000000000   0.000000000   0.000000000   0.000000000
       0.000000000
      1.282000000   0.070446400   0.140308000   1.000000000   0.000000000   0.000000000   0.000000000
       0.000000000
      0.564100000   0.001287610   0.422336000   0.000000000   1.000000000   0.000000000   0.000000000
       0.000000000
      0.234800000   0.001826230   0.446363000   0.000000000   0.000000000   1.000000000   0.000000000
       0.000000000
      0.093120000   0.000019900   0.166634000   0.000000000   0.000000000   0.000000000   1.000000000
       0.000000000
      0.034800000   0.000000000   0.000000000   0.000000000   0.000000000   0.000000000   0.000000000
       1.000000000
$ D-TYPE FUNCTIONS
    6    6    0
      8.399000000   1.000000000   0.000000000   0.000000000   0.000000000   0.000000000   0.000000000
      2.030000000   0.000000000   1.000000000   0.000000000   0.000000000   0.000000000   0.000000000
      1.097000000   0.000000000   0.000000000   1.000000000   0.000000000   0.000000000   0.000000000
      0.549000000   0.000000000   0.000000000   0.000000000   1.000000000   0.000000000   0.000000000
      0.221000000   0.000000000   0.000000000   0.000000000   0.000000000   1.000000000   0.000000000
      0.083600000   0.000000000   0.000000000   0.000000000   0.000000000   0.000000000   1.000000000
$ F-TYPE FUNCTIONS
    4    4    0
      0.320000000   1.000000000   0.000000000   0.000000000   0.000000000
      0.656000000   0.000000000   1.000000000   0.000000000   0.000000000
      1.345000000   0.000000000   0.000000000   1.000000000   0.000000000
      0.164000000   0.000000000   0.000000000   0.000000000   1.000000000
$ G-TYPE FUNCTIONS
    3    3    0
      0.556000000   1.000000000   0.000000000   0.000000000
      1.302000000   0.000000000   1.000000000   0.000000000
      0.277000000   0.000000000   0.000000000   1.000000000
$ H-TYPE FUNCTIONS
    2    2    0
      1.053000000   1.000000000   0.000000000
      0.607000000   0.000000000   1.000000000
a 18
$ ARGON        (20s,12p,5d,3f,2g,1h) -> [7s,6p,5d,3f,2g,1h]
$ ARGON        (1s,1p,1d,1f,1g,1h)
$ S-TYPE FUNCTIONS
   21    8    0
 7401000.00000000   0.000001750  -0.000000520   0.000000000   0.000000000   0.000000000   0.000000000
       0.000000000   0.000000000
 1108000.00000000   0.000013610  -0.000004050   0.000000020   0.000000000   0.000000000   0.000000000
       0.000000000   0.000000000
 252100.000000000   0.000071630  -0.000021300   0.000000100   0.000000000   0.000000000   0.000000000
       0.000000000   0.000000000
  71380.000000000   0.000303040  -0.000090170   0.000000380   0.000000000   0.000000000   0.000000000
       0.000000000   0.000000000
  23260.000000000   0.001106100  -0.000329370   0.000001510   0.000000000   0.000000000   0.000000000
       0.000000000   0.000000000
   8390.000000000   0.003606790  -0.001077150   0.000004590   0.000000000   0.000000000   0.000000000
       0.000000000   0.000000000
   3271.000000000   0.010713400  -0.003218920   0.000015500   0.000000000   0.000000000   0.000000000
       0.000000000   0.000000000
   1357.000000000   0.029107400  -0.008878450   0.000040670   0.000000000   0.000000000   0.000000000
       0.000000000   0.000000000
    592.000000000   0.071661700  -0.022554500   0.000131340   0.000000000   0.000000000   0.000000000
       0.000000000   0.000000000
    269.100000000   0.154144000  -0.051845300   0.000332680   0.000000000   0.000000000   0.000000000
       0.000000000   0.000000000
    126.500000000   0.270423000  -0.103722000   0.001066700   0.000000000   0.000000000   0.000000000
       0.000000000   0.000000000
     61.030000000   0.334862000  -0.166595000   0.002572100   0.000000000   0.000000000   0.000000000
       0.000000000   0.000000000
     29.860000000   0.224347000  -0.160165000   0.004835840   0.000000000   0.000000000   0.000000000
       0.000000000   0.000000000
     14.170000000   0.050008100   0.062365400  -0.003857280   0.000000000   0.000000000   0.000000000
       0.000000000   0.000000000
      7.022000000   0.000149730   0.465534000  -0.047612500   0.000000000   0.000000000   0.000000000
       0.000000000   0.000000000
      3.511000000   0.002103690   0.581564000  -0.182957000   0.000000000   0.000000000   0.000000000
       0.000000000   0.000000000
      1.758000000  -0.000410730   0.191369000  -0.073282000   1.000000000   0.000000000   0.000000000
       0.000000000   0.000000000
      0.784100000  -0.000888620  -0.128566000   0.434822000   0.000000000   1.000000000   0.000000000
       0.000000000   0.000000000
      0.348000000  -0.001562360  -0.183216000   0.581711000   0.000000000   0.000000000   1.000000000
       0.000000000   0.000000000
      0.149100000  -0.000426840  -0.056626600   0.179373000   0.000000000   0.000000000   0.000000000
       1.000000000   0.000000000
      0.053800000   0.000000000   0.000000000   0.000000000   0.000000000   0.000000000   0.000000000
       0.000000000   1.000000000
$ P-TYPE FUNCTIONS
   13    7    0
   2927.000000000   0.000188340  -0.000150210   0.000000000   0.000000000   0.000000000   0.000000000
       0.000000000
    693.500000000   0.001642880  -0.001309280   0.000000000   0.000000000   0.000000000   0.000000000
       0.000000000
    224.700000000   0.008948930  -0.007165010   0.000000000   0.000000000   0.000000000   0.000000000
       0.000000000
     85.170000000   0.035511100  -0.028572300   0.000000000   0.000000000   0.000000000   0.000000000
       0.000000000
     35.530000000   0.105147000  -0.086015800   0.000000000   0.000000000   0.000000000   0.000000000
       0.000000000
     15.730000000   0.221552000  -0.183996000   0.000000000   0.000000000   0.000000000   0.000000000
       0.000000000
      7.165000000   0.308412000  -0.265844000   0.000000000   0.000000000   0.000000000   0.000000000
       0.000000000
      3.322000000   0.232203000  -0.188741000   0.000000000   0.000000000   0.000000000   0.000000000
       0.000000000
      1.478000000   0.124478000   0.125378000   1.000000000   0.000000000   0.000000000   0.000000000
       0.000000000
      0.655200000   0.168310000   0.397246000   0.000000000   1.000000000   0.000000000   0.000000000
       0.000000000
      0.275100000   0.168292000   0.394658000   0.000000000   0.000000000   1.000000000   0.000000000
       0.000000000
      0.109700000   0.059798100   0.141917000   0.000000000   0.000000000   0.000000000   1.000000000
       0.000000000
      0.040200000   0.000000000   0.000000000   0.000000000   0.000000000   0.000000000   0.000000000
       1.000000000
$ D-TYPE FUNCTIONS
    6    6    0
     10.518000000   1.000000000   0.000000000   0.000000000   0.000000000   0.000000000   0.000000000
      2.516000000   0.000000000   1.000000000   0.000000000   0.000000000   0.000000000   0.000000000
      1.332000000   0.000000000   0.000000000   1.000000000   0.000000000   0.000000000   0.000000000
      0.673000000   0.000000000   0.000000000   0.000000000   1.000000000   0.000000000   0.000000000
      0.270000000   0.000000000   0.000000000   0.000000000   0.000000000   1.000000000   0.000000000
      0.097800000   0.000000000   0.000000000   0.000000000   0.000000000   0.000000000   1.000000000
$ F-TYPE FUNCTIONS
    4    4    0
      0.408000000   1.000000000   0.000000000   0.000000000   0.000000000
      0.825000000   0.000000000   1.000000000   0.000000000   0.000000000
      1.668000000   0.000000000   0.000000000   1.000000000   0.000000000
      0.209000000   0.000000000   0.000000000   0.000000000   1.000000000
$ G-TYPE FUNCTIONS
    3    3    0
      0.665000000   1.000000000   0.000000000   0.000000000
      1.562000000   0.000000000   1.000000000   0.000000000
      0.334000000   0.000000000   0.000000000   1.000000000
$ H-TYPE FUNCTIONS
    2    2    0
      1.264000000   1.000000000   0.000000000
      0.742000000   0.000000000   1.000000000


