$jkbas cc-pVQZaux
$
$  REFERENCE turbomole webpage: ftp://ftp.chemie.uni-karlsruhe.de/pub/jkbasen

a 1
$ HYDROGEN
$ h     (4s3p3d2f1g) / [4s3p3d2f1g]     {1111/111/111/11/1}
$ 1 s
    4    0    0
      9.530249333   1.000000000
      1.917450625   1.000000000
      0.684240491   1.000000000
      0.284132557   1.000000000
$ 1 p
    3    0    0
      2.913323204   1.000000000
      1.262120540   1.000000000
      0.501997759   1.000000000
$ 1 d
    3    0    0
      2.883208393   1.000000000
      1.280170173   1.000000000
      0.525113178   1.000000000
$ 1 f
    2    0    0
      2.748944844   1.000000000
      1.190088546   1.000000000
$ 1 g
    1    0    0
      1.475266271   1.000000000

a 5
$ BORON
$ b (10s7p5d3f2g1h) / [10s7p5d3f2g1h] {1111111111/1111111/11111/111/11/1}
$ 1 s
   10     0    0
    441.889131570   1.000000000
     92.069629785   1.000000000
     29.978448517   1.000000000
     11.426330790   1.000000000
      4.380872244   1.000000000
      2.059403354   1.000000000
      0.901157176   1.000000000
      0.524552889   1.000000000
      0.246347259   1.000000000
      0.120858060   1.000000000
$ 1 p
    7    0    0
    229.951151950   1.000000000
     36.381694756   1.000000000
     12.119796695   1.000000000
      3.844112941   1.000000000
      1.100276118   1.000000000
      0.397331180   1.000000000
      0.135147654   1.000000000
$ 1 d
    5    0    0
      9.364337388   1.000000000
      3.103565799   1.000000000
      1.200683512   1.000000000
      0.408296246   1.000000000
      0.131883042   1.000000000
$ 1 f
    3    0    0
      1.179285000   1.000000000
      0.471285000   1.000000000
      0.214285000   1.000000000
$ 1 g
    2    0    0
      0.951285000   1.000000000
      0.380285000   1.000000000
$ 1 h
    1    0    0
      0.742285000   1.000000000

a 6
$ CARBON
$ c  (10s7p5d3f2g1h) / [10s7p5d3f2g1h] {1111111111/1111111/11111/111/11/1}
$ 1 s
   10    0    0
   1113.986771900   1.000000000
    369.162341800   1.000000000
    121.792752320   1.000000000
     48.127114540   1.000000000
     20.365074004   1.000000000
      8.088359686   1.000000000
      2.506865657   1.000000000
      1.243853738   1.000000000
      0.484498996   1.000000000
      0.191851603   1.000000000
$ 1 p
    7    0    0
    102.991762490   1.000000000
     28.132594009   1.000000000
      9.836431817   1.000000000
      3.349054498   1.000000000
      1.494761861   1.000000000
      0.576901089   1.000000000
      0.203200633   1.000000000
$ 1 d
    5    0    0
     10.594068356   1.000000000
      3.599719537   1.000000000
      1.335569109   1.000000000
      0.519497649   1.000000000
      0.199541252   1.000000000
$ 1 f
    3    0    0
      1.953900000   1.000000000
      0.754900000   1.000000000
      0.333900000   1.000000000
$ 1 g
    2    0    0
      1.524900000   1.000000000
      0.590900000   1.000000000
$ 1 h
    1    0    0
      1.116900000   1.000000000


a 7
$ NITROGEN
$ n (10s7p5d3f2g1h) / [10s7p5d3f2g1h] {1111111111/1111111/11111/111/11/1}
$ 1 s
   10    0    0
   1102.862245300   1.000000000
    370.980411530   1.000000000
    136.735559380   1.000000000
     50.755871924   1.000000000
     20.535656095   1.000000000
      7.831873718   1.000000000
      3.478406386   1.000000000
      1.455285660   1.000000000
      0.630689891   1.000000000
      0.272765965   1.000000000
$ 1 p
    7    0    0
     93.540954073   1.000000000
     29.524019527   1.000000000
     10.917502987   1.000000000
      4.344928899   1.000000000
      1.821691264   1.000000000
      0.757924245   1.000000000
      0.282414690   1.000000000
$ 1 d
    5    0    0
     16.419378926   1.000000000
      5.010404938   1.000000000
      1.979397188   1.000000000
      0.784957715   1.000000000
      0.289540660   1.000000000
$ 1 f
    3    0    0
      2.986000000   1.000000000
      1.117000000   1.000000000
      0.484000000   1.000000000
$ 1 g
    2    0    0
      2.176000000   1.000000000
      0.834000000   1.000000000
$ 1 h
    1    0    0
      1.576000000   1.000000000


a 8
$ OXYGEN
$ o (10s7p5d3f2g1h) / [10s7p5d3f2g1h] {1111111111/1111111/11111/111/11/1}
$ 1 s
   10    0    0
   1517.866750600   1.000000000
    489.679520080   1.000000000
    176.721186650   1.000000000
     63.792233137   1.000000000
     25.366499130   1.000000000
      9.913549120   1.000000000
      4.464530658   1.000000000
      1.801774366   1.000000000
      0.807897110   1.000000000
      0.338643269   1.000000000
$ 1 p
    7    0    0
    120.160309210   1.000000000
     34.409622474   1.000000000
     12.581148610   1.000000000
      5.066382425   1.000000000
      2.034692709   1.000000000
      0.860929672   1.000000000
      0.366813567   1.000000000
$ 1 d
    5    0    0
     19.043062805   1.000000000
      5.806038110   1.000000000
      2.189184158   1.000000000
      0.877946136   1.000000000
      0.356236467   1.000000000
$ 1 f
    3    0    0
      3.965850000   1.000000000
      1.490850000   1.000000000
      0.634850000   1.000000000
$ 1 g
    2    0    0
      2.856850000   1.000000000
      1.049850000   1.000000000
$ 1 h
    1    0    0
      2.036850000   1.000000000

a 9
$ FLUORINE
$ f (10s7p5d3f2g1h) / [10s7p5d3f2g1h] {1111111111/1111111/11111/111/11/1}
$ 1 s
   10    0    0
   1885.066121600   1.000000000
    623.755822970   1.000000000
    227.924050290   1.000000000
     82.184178773   1.000000000
     32.628937583   1.000000000
     12.783279578   1.000000000
      5.658925794   1.000000000
      2.320830668   1.000000000
      1.019152091   1.000000000
      0.421966991   1.000000000
$ 1 p
    7    0    0
    153.720697680   1.000000000
     45.390450866   1.000000000
     16.785845772   1.000000000
      6.729385780   1.000000000
      2.669460703   1.000000000
      1.104978710   1.000000000
      0.457277036   1.000000000
$ 1 d
    5    0    0
     24.869685349   1.000000000
      7.555444158   1.000000000
      2.826849924   1.000000000
      1.112334128   1.000000000
      0.438777542   1.000000000
$ 1 f
    3    0    0
      5.254150000   1.000000000
      1.965150000   1.000000000
      0.826150000   1.000000000
$ 1 g
    2    0    0
      3.802150000   1.000000000
      1.388150000   1.000000000
$ 1 h
    1    0    0
      2.616150000   1.000000000

a 13
$ ALUMINIUM
$ al (13s11p9d) / [13s11p9d] {1111111111111/11111111111/111111111}
$ S-TYPE FUNCTIONS
   13    0    0
   3155.192816800   1.000000000
    804.818248430   1.000000000
    278.287162790   1.000000000
    106.739470340   1.000000000
     44.726054551   1.000000000
     19.985981625   1.000000000
      8.213983641   1.000000000
      4.182673163   1.000000000
      2.060629440   1.000000000
      1.139454010   1.000000000
      0.353216113   1.000000000
      0.215120525   1.000000000
      0.091001117   1.000000000
$ P-TYPE FUNCTIONS
   11    0    0
    472.163970280   1.000000000
    132.203291320   1.000000000
     50.460166539   1.000000000
     21.131124313   1.000000000
     10.457955077   1.000000000
      4.992558944   1.000000000
      2.460922082   1.000000000
      1.070826615   1.000000000
      0.418622424   1.000000000
      0.244184543   1.000000000
      0.118247525   1.000000000
$ D-TYPE FUNCTIONS
    9    0    0
     95.374390967   1.000000000
     31.137715102   1.000000000
     13.032465301   1.000000000
      6.037201062   1.000000000
      2.935732996   1.000000000
      1.417555859   1.000000000
      0.533871572   1.000000000
      0.255456691   1.000000000
      0.108434556   1.000000000
$ F-TYPE FUNCTIONS
    4    0    0
      1.371889973   1.000000000
      0.125450000   1.000000000
      0.244050000   1.000000000
      0.539050000   1.000000000
$ G-TYPE FUNCTIONS
    2    0    0
      0.199050000   1.000000000
      0.446050000   1.000000000
$ H-TYPE FUNCTIONS
    1    0    0
      0.402050000   1.000000000


a 14
$ SILICON
$ si (13s11p9d4f2g1h) / [13s11p9d4f2g1h] {1111111111111/11111111111/111111111/1111/11/1}
$ 1 s
   13    0    0
   3966.782300600   1.000000000
    913.652401300   1.000000000
    309.475725320   1.000000000
    121.483718960   1.000000000
     51.949842541   1.000000000
     22.531415259   1.000000000
      8.611854449   1.000000000
      4.035379458   1.000000000
      1.560535426   1.000000000
      0.826583439   1.000000000
      0.484034711   1.000000000
      0.287578702   1.000000000
      0.131881876   1.000000000
$ 1 p
   11    0    0
    629.306807370   1.000000000
    255.715009140   1.000000000
    109.296306640   1.000000000
     45.943769765   1.000000000
     19.784226943   1.000000000
      9.774609030   1.000000000
      4.642678166   1.000000000
      2.044997411   1.000000000
      0.822081441   1.000000000
      0.409787415   1.000000000
      0.184514660   1.000000000
$ 1 d
    9    0    0
    181.673446140   1.000000000
     59.654414923   1.000000000
     25.353983605   1.000000000
     11.718973530   1.000000000
      5.445577808   1.000000000
      2.465944001   1.000000000
      1.036529273   1.000000000
      0.410970013   1.000000000
      0.169500678   1.000000000
$ 1 f
    4    0    0
      1.956074562   1.000000000
      0.183970000   1.000000000
      0.365970000   1.000000000
      0.823970000   1.000000000
$ 1 g
    2    0    0
      0.275970000   1.000000000
      0.604970000   1.000000000
$ 1 h
    1    0    0
      0.524970000   1.000000000

a 15
$ PHOSPHORUS
$ p (13s11p9d4f2g1h) / [13s11p9d4f2g1h] {1111111111111/11111111111/111111111/1111/11/1}
$ 1 s
   13    0    0
   5107.365711300   1.000000000
   1086.763267600   1.000000000
    350.636740430   1.000000000
    136.657087500   1.000000000
     58.992208540   1.000000000
     25.652124180   1.000000000
      9.858434177   1.000000000
      4.682764119   1.000000000
      1.927560699   1.000000000
      1.005995407   1.000000000
      0.588124735   1.000000000
      0.341319838   1.000000000
      0.180029990   1.000000000
$ 1 p
   11    0    0
    575.562554650   1.000000000
    162.640361300   1.000000000
     62.433891596   1.000000000
     26.387393492   1.000000000
     13.077885117   1.000000000
      6.232433425   1.000000000
      2.696417197   1.000000000
      1.594221891   1.000000000
      0.889994726   1.000000000
      0.489550786   1.000000000
      0.230832902   1.000000000
$ 1 d
    9    0    0
    202.194510710   1.000000000
     60.141584369   1.000000000
     24.116762870   1.000000000
     11.029586263   1.000000000
      5.363522900   1.000000000
      2.658955224   1.000000000
      1.176842227   1.000000000
      0.495373000   1.000000000
      0.210429782   1.000000000
$ 1 f
    4    0    0
      2.639931755   1.000000000
      0.250145000   1.000000000
      0.498145000   1.000000000
      1.121145000   1.000000000
$ 1 g
    2    0    0
      0.365145000   1.000000000
      0.788145000   1.000000000
$ 1 h
    1    0    0
      0.682145000   1.000000000

a 16
$ SULFUR
$ s (13s11p9d4f2g1h) / [13s11p9d4f2g1h] {1111111111111/11111111111/111111111/1111/11/1}
$ 1 s
   13    0    0
   6402.458081600   1.000000000
   1704.924940800   1.000000000
    598.090389040   1.000000000
    225.909203640   1.000000000
     94.426261909   1.000000000
     37.222420840   1.000000000
     18.259106532   1.000000000
      8.793785729   1.000000000
      4.461942472   1.000000000
      2.273598770   1.000000000
      0.780753947   1.000000000
      0.481911538   1.000000000
      0.215735551   1.000000000
$ 1 p
   11    0    0
    796.164816180   1.000000000
    226.179282660   1.000000000
     85.598645757   1.000000000
     36.268978384   1.000000000
     16.325207000   1.000000000
      7.614542157   1.000000000
      3.338812996   1.000000000
      1.866522153   1.000000000
      0.940251598   1.000000000
      0.515212557   1.000000000
      0.263183805   1.000000000
$ 1 d
    9    0    0
    190.556586720   1.000000000
     60.346801430   1.000000000
     25.141967063   1.000000000
     12.146768196   1.000000000
      6.299348813   1.000000000
      3.070610666   1.000000000
      1.291197780   1.000000000
      0.566786029   1.000000000
      0.241924192   1.000000000
$ 1 f
    4    0    0
      3.309613300   1.000000000
      0.306670000   1.000000000
      0.607670000   1.000000000
      1.353670000   1.000000000
$ 1 g
    2    0    0
      0.438670000   1.000000000
      0.972670000   1.000000000
$ 1 h
    1    0    0
      0.786670000   1.000000000

a 17
$CHLORINE
$ cl (13s11p9d4f2g1h) / [13s11p9d4f2g1h] {1111111111111/11111111111/111111111/1111/11/1}
$ 1 s
   13    0    0
   7082.797058100   1.000000000
   2109.309507600   1.000000000
    768.412818730   1.000000000
    284.792554160   1.000000000
    116.553317310   1.000000000
     46.394820985   1.000000000
     21.956303390   1.000000000
      9.993027214   1.000000000
      4.719945956   1.000000000
      2.657339616   1.000000000
      1.081348113   1.000000000
      0.531546792   1.000000000
      0.233670390   1.000000000
$ 1 p
   11    0    0
    973.735285090   1.000000000
    278.991093470   1.000000000
    105.886445160   1.000000000
     45.231846876   1.000000000
     20.289166152   1.000000000
      9.582938379   1.000000000
      4.464167856   1.000000000
      2.362561212   1.000000000
      1.149196424   1.000000000
      0.603102172   1.000000000
      0.305909113   1.000000000
$ 1 d
    9    0    0
    204.380300630   1.000000000
     63.693893315   1.000000000
     25.726668979   1.000000000
     11.602467273   1.000000000
      5.457454151   1.000000000
      2.883839762   1.000000000
      1.339402362   1.000000000
      0.616492222   1.000000000
      0.274701432   1.000000000
$ 1 f
    4    0    0
      4.204066400   1.000000000
      0.378550000   1.000000000
      0.752550000   1.000000000
      1.675550000   1.000000000
$ 1 g
    2    0    0
      0.547550000   1.000000000
      1.213550000   1.000000000
$ 1 h
    1    0    0
      0.951550000   1.000000000
