$ Basis =cc-pV(Q+d)Z
$
$
$Elements supported
$ Al Si P S Cl Ar
$
$ REFERENCES
$Elements                             References
$--------                             ----------
$Al - Ar: T.H. Dunning, Jr., K.A. Peterson and A.K. Wilson,
$         J. Chem. Phys. 114, 9244 (2001)
$
$*******************************************************************************
a 13
$ ALUMINUM     (16s,11p,4d,2f,1g) -> [6s,5p,4d,2f,1g]
$ S-TYPE FUNCTIONS
   16    6    0
 419600.000000000   0.000027820  -0.000007240   0.000001670   0.000000000   0.000000000   0.000000000
  62830.000000000   0.000216330  -0.000056170   0.000012960   0.000000000   0.000000000   0.000000000
  14290.000000000   0.001137540  -0.000296530   0.000068510   0.000000000   0.000000000   0.000000000
   4038.000000000   0.004796350  -0.001249130   0.000288270   0.000000000   0.000000000   0.000000000
   1312.000000000   0.017238900  -0.004551010   0.001052760   0.000000000   0.000000000   0.000000000
    470.500000000   0.053806600  -0.014439300   0.003338780   0.000000000   0.000000000   0.000000000
    181.800000000   0.141326000  -0.040346400   0.009392170   0.000000000   0.000000000   0.000000000
     74.460000000   0.289268000  -0.092261800   0.021604700   0.000000000   0.000000000   0.000000000
     31.900000000   0.384825000  -0.164510000   0.039587300   0.000000000   0.000000000   0.000000000
     13.960000000   0.232852000  -0.141296000   0.034918000   0.000000000   0.000000000   0.000000000
      5.180000000   0.029333000   0.195365000  -0.052841500   0.000000000   0.000000000   0.000000000
      2.265000000  -0.003005740   0.572475000  -0.191878000   0.000000000   0.000000000   0.000000000
      0.966400000   0.001666730   0.374041000  -0.254115000   0.000000000   0.000000000   0.000000000
      0.244700000  -0.000606020   0.023411900   0.275070000   1.000000000   0.000000000   0.000000000
      0.118400000   0.000431360  -0.009051970   0.604743000   0.000000000   1.000000000   0.000000000
      0.050210000  -0.000122920   0.002111740   0.287629000   0.000000000   0.000000000   1.000000000
$ P-TYPE FUNCTIONS
   11    5    0
    891.300000000   0.000491750  -0.000088870   0.000000000   0.000000000   0.000000000
    211.300000000   0.004158430  -0.000745820   0.000000000   0.000000000   0.000000000
     68.280000000   0.021253800  -0.003870250   0.000000000   0.000000000   0.000000000
     25.700000000   0.076405800  -0.013935000   0.000000000   0.000000000   0.000000000
     10.630000000   0.194277000  -0.036686000   0.000000000   0.000000000   0.000000000
      4.602000000   0.334428000  -0.062779700   0.000000000   0.000000000   0.000000000
      2.015000000   0.375026000  -0.078960200   0.000000000   0.000000000   0.000000000
      0.870600000   0.204041000  -0.028858900   0.000000000   0.000000000   0.000000000
      0.297200000   0.021373800   0.238256000   1.000000000   0.000000000   0.000000000
      0.110000000  -0.002021440   0.551363000   0.000000000   1.000000000   0.000000000
      0.039890000   0.000817250   0.354385000   0.000000000   0.000000000   1.000000000
$ D-TYPE FUNCTIONS
    4    4    0
      1.970000000   1.000000000   0.000000000   0.000000000   0.000000000
      0.437000000   0.000000000   1.000000000   0.000000000   0.000000000
      0.195000000   0.000000000   0.000000000   1.000000000   0.000000000
      0.080000000   0.000000000   0.000000000   0.000000000   1.000000000
$ F-TYPE FUNCTIONS
    2    2    0
      0.154000000   1.000000000   0.000000000
      0.401000000   0.000000000   1.000000000
$ G-TYPE FUNCTIONS
    1    1    0
      0.357000000   1.000000000
a 14
$ SILICON      (16s,11p,4d,2f,1g) -> [6s,5p,4d,2f,1g]
$ S-TYPE FUNCTIONS
   16    6    0
 513000.000000000   0.000026090  -0.000006950   0.000001780   0.000000000   0.000000000   0.000000000
  76820.000000000   0.000202900  -0.000053960   0.000013810   0.000000000   0.000000000   0.000000000
  17470.000000000   0.001067150  -0.000284720   0.000073000   0.000000000   0.000000000   0.000000000
   4935.000000000   0.004505970  -0.001202030   0.000307670   0.000000000   0.000000000   0.000000000
   1602.000000000   0.016235900  -0.004383970   0.001125630   0.000000000   0.000000000   0.000000000
    574.100000000   0.050891300  -0.013977600   0.003584350   0.000000000   0.000000000   0.000000000
    221.500000000   0.135155000  -0.039351600   0.010172800   0.000000000   0.000000000   0.000000000
     90.540000000   0.281292000  -0.091428300   0.023752000   0.000000000   0.000000000   0.000000000
     38.740000000   0.385336000  -0.165609000   0.044348300   0.000000000   0.000000000   0.000000000
     16.950000000   0.245651000  -0.152505000   0.041904100   0.000000000   0.000000000   0.000000000
      6.452000000   0.034314500   0.168524000  -0.050250400   0.000000000   0.000000000   0.000000000
      2.874000000  -0.003348840   0.569284000  -0.216578000   0.000000000   0.000000000   0.000000000
      1.250000000   0.001876250   0.398056000  -0.286448000   0.000000000   0.000000000   0.000000000
      0.359900000  -0.000693330   0.029150900   0.263256000   1.000000000   0.000000000   0.000000000
      0.169900000   0.000438310  -0.008489760   0.634900000   0.000000000   1.000000000   0.000000000
      0.070660000  -0.000122620   0.001996030   0.290832000   0.000000000   0.000000000   1.000000000
$ P-TYPE FUNCTIONS
   11    5    0
   1122.000000000   0.000448140  -0.000096490   0.000000000   0.000000000   0.000000000
    266.000000000   0.003816390  -0.000811970   0.000000000   0.000000000   0.000000000
     85.920000000   0.019810500  -0.004300870   0.000000000   0.000000000   0.000000000
     32.330000000   0.072701700  -0.015750200   0.000000000   0.000000000   0.000000000
     13.370000000   0.189839000  -0.042954100   0.000000000   0.000000000   0.000000000
      5.800000000   0.335672000  -0.075257400   0.000000000   0.000000000   0.000000000
      2.559000000   0.379365000  -0.097144600   0.000000000   0.000000000   0.000000000
      1.124000000   0.201193000  -0.022750700   0.000000000   0.000000000   0.000000000
      0.398800000   0.020851500   0.291988000   1.000000000   0.000000000   0.000000000
      0.153300000  -0.001702580   0.550670000   0.000000000   1.000000000   0.000000000
      0.057280000   0.000750050   0.297618000   0.000000000   0.000000000   1.000000000
$ D-TYPE FUNCTIONS
    4    4    0
      2.645000000   1.000000000   0.000000000   0.000000000   0.000000000
      0.608000000   0.000000000   1.000000000   0.000000000   0.000000000
      0.272000000   0.000000000   0.000000000   1.000000000   0.000000000
      0.113000000   0.000000000   0.000000000   0.000000000   1.000000000
$ F-TYPE FUNCTIONS
    2    2    0
      0.212000000   1.000000000   0.000000000
      0.541000000   0.000000000   1.000000000
$ G-TYPE FUNCTIONS
    1    1    0
      0.461000000   1.000000000
a 15
$ PHOSPHORUS   (16s,11p,4d,2f,1g) -> [6s,5p,4d,2f,1g]
$ S-TYPE FUNCTIONS
   16    6    0
 615200.000000000   0.000024750  -0.000006720   0.000001850   0.000000000   0.000000000   0.000000000
  92120.000000000   0.000192470  -0.000052230   0.000014340   0.000000000   0.000000000   0.000000000
  20950.000000000   0.001012020  -0.000275360   0.000075720   0.000000000   0.000000000   0.000000000
   5920.000000000   0.004272610  -0.001163070   0.000319200   0.000000000   0.000000000   0.000000000
   1922.000000000   0.015416100  -0.004242810   0.001168510   0.000000000   0.000000000   0.000000000
    688.000000000   0.048597600  -0.013611400   0.003742670   0.000000000   0.000000000   0.000000000
    265.000000000   0.130060000  -0.038511400   0.010681700   0.000000000   0.000000000   0.000000000
    108.200000000   0.274514000  -0.090664300   0.025265700   0.000000000   0.000000000   0.000000000
     46.220000000   0.385402000  -0.166584000   0.047928300   0.000000000   0.000000000   0.000000000
     20.230000000   0.255934000  -0.161447000   0.047709600   0.000000000   0.000000000   0.000000000
      7.859000000   0.039123700   0.146781000  -0.046652500   0.000000000   0.000000000   0.000000000
      3.547000000  -0.003680100   0.566682000  -0.234968000   0.000000000   0.000000000   0.000000000
      1.564000000   0.002082110   0.416433000  -0.311337000   0.000000000   0.000000000   0.000000000
      0.488800000  -0.000788480   0.034384400   0.257109000   1.000000000   0.000000000   0.000000000
      0.226600000   0.000454050  -0.007806380   0.653655000   0.000000000   1.000000000   0.000000000
      0.093310000  -0.000126640   0.001922590   0.294212000   0.000000000   0.000000000   1.000000000
$ P-TYPE FUNCTIONS
   11    5    0
   1367.000000000   0.000421020  -0.000100830   0.000000000   0.000000000   0.000000000
    324.000000000   0.003609850  -0.000854500   0.000000000   0.000000000   0.000000000
    104.600000000   0.018921700  -0.004571160   0.000000000   0.000000000   0.000000000
     39.370000000   0.070556000  -0.017032700   0.000000000   0.000000000   0.000000000
     16.260000000   0.188157000  -0.047520400   0.000000000   0.000000000   0.000000000
      7.056000000   0.338709000  -0.085278600   0.000000000   0.000000000   0.000000000
      3.130000000   0.381943000  -0.109676000   0.000000000   0.000000000   0.000000000
      1.394000000   0.195261000  -0.016118100   0.000000000   0.000000000   0.000000000
      0.517900000   0.019941600   0.322893000   1.000000000   0.000000000   0.000000000
      0.203200000  -0.001351210   0.545738000   0.000000000   1.000000000   0.000000000
      0.076980000   0.000517140   0.268538000   0.000000000   0.000000000   1.000000000
$ D-TYPE FUNCTIONS
    4    4    0
      3.343000000   1.000000000   0.000000000   0.000000000   0.000000000
      0.807000000   0.000000000   1.000000000   0.000000000   0.000000000
      0.365000000   0.000000000   0.000000000   1.000000000   0.000000000
      0.154000000   0.000000000   0.000000000   0.000000000   1.000000000
$ F-TYPE FUNCTIONS
    2    2    0
      0.280000000   1.000000000   0.000000000
      0.703000000   0.000000000   1.000000000
$ G-TYPE FUNCTIONS
    1    1    0
      0.597000000   1.000000000
a 16
$ SULFUR       (16s,11p,4d,2f,1g) -> [6s,5p,4d,2f,1g]
$ S-TYPE FUNCTIONS
   16    6    0
 727800.000000000   0.000023600  -0.000006520   0.000001890   0.000000000   0.000000000   0.000000000
 109000.000000000   0.000183480  -0.000050660   0.000014690   0.000000000   0.000000000   0.000000000
  24800.000000000   0.000964280  -0.000266830   0.000077550   0.000000000   0.000000000   0.000000000
   7014.000000000   0.004065370  -0.001126010   0.000326510   0.000000000   0.000000000   0.000000000
   2278.000000000   0.014697300  -0.004111860   0.001196860   0.000000000   0.000000000   0.000000000
    814.700000000   0.046508100  -0.013245400   0.003847990   0.000000000   0.000000000   0.000000000
    313.400000000   0.125508000  -0.037700400   0.011053900   0.000000000   0.000000000   0.000000000
    127.700000000   0.268433000  -0.089855400   0.026464500   0.000000000   0.000000000   0.000000000
     54.480000000   0.384809000  -0.167098000   0.050877100   0.000000000   0.000000000   0.000000000
     23.850000000   0.265372000  -0.169354000   0.053003000   0.000000000   0.000000000   0.000000000
      9.428000000   0.043732600   0.127824000  -0.042551800   0.000000000   0.000000000   0.000000000
      4.290000000  -0.003788070   0.564862000  -0.250853000   0.000000000   0.000000000   0.000000000
      1.909000000   0.002180830   0.431767000  -0.333152000   0.000000000   0.000000000   0.000000000
      0.627000000  -0.000836940   0.038939800   0.263796000   1.000000000   0.000000000   0.000000000
      0.287300000   0.000448090  -0.007302600   0.666849000   0.000000000   1.000000000   0.000000000
      0.117200000  -0.000125290   0.001923270   0.288451000   0.000000000   0.000000000   1.000000000
$ P-TYPE FUNCTIONS
   11    5    0
   1546.000000000   0.000441180  -0.000113110   0.000000000   0.000000000   0.000000000
    366.400000000   0.003775710  -0.000958580   0.000000000   0.000000000   0.000000000
    118.400000000   0.019836000  -0.005134710   0.000000000   0.000000000   0.000000000
     44.530000000   0.074206300  -0.019264100   0.000000000   0.000000000   0.000000000
     18.380000000   0.197327000  -0.053598000   0.000000000   0.000000000   0.000000000
      7.965000000   0.351851000  -0.096033300   0.000000000   0.000000000   0.000000000
      3.541000000   0.378687000  -0.118183000   0.000000000   0.000000000   0.000000000
      1.591000000   0.170931000   0.009231940   0.000000000   0.000000000   0.000000000
      0.620500000   0.015158700   0.358841000   1.000000000   0.000000000   0.000000000
      0.242000000   0.000067200   0.525818000   0.000000000   1.000000000   0.000000000
      0.090140000   0.000405490   0.248872000   0.000000000   0.000000000   1.000000000
$ D-TYPE FUNCTIONS
    4    4    0
      4.159000000   1.000000000   0.000000000   0.000000000   0.000000000
      1.019000000   0.000000000   1.000000000   0.000000000   0.000000000
      0.464000000   0.000000000   0.000000000   1.000000000   0.000000000
      0.194000000   0.000000000   0.000000000   0.000000000   1.000000000
$ F-TYPE FUNCTIONS
    2    2    0
      0.335000000   1.000000000   0.000000000
      0.869000000   0.000000000   1.000000000
$ G-TYPE FUNCTIONS
    1    1    0
      0.683000000   1.000000000
a 17
$ CHLORINE     (16s,11p,4d,2f,1g) -> [6s,5p,4d,2f,1g]
$ S-TYPE FUNCTIONS
   16    6    0
 834900.000000000   0.000023170  -0.000006500   0.000001970   0.000000000   0.000000000   0.000000000
 125000.000000000   0.000180150  -0.000050490   0.000015260   0.000000000   0.000000000   0.000000000
  28430.000000000   0.000947780  -0.000266110   0.000080610   0.000000000   0.000000000   0.000000000
   8033.000000000   0.004001390  -0.001124990   0.000339960   0.000000000   0.000000000   0.000000000
   2608.000000000   0.014462900  -0.004104970   0.001245510   0.000000000   0.000000000   0.000000000
    933.900000000   0.045658600  -0.013198700   0.003996120   0.000000000   0.000000000   0.000000000
    360.000000000   0.123248000  -0.037534200   0.011475100   0.000000000   0.000000000   0.000000000
    147.000000000   0.264369000  -0.089723300   0.027550400   0.000000000   0.000000000   0.000000000
     62.880000000   0.382989000  -0.167671000   0.053291700   0.000000000   0.000000000   0.000000000
     27.600000000   0.270934000  -0.174763000   0.057124600   0.000000000   0.000000000   0.000000000
     11.080000000   0.047140400   0.114909000  -0.039520100   0.000000000   0.000000000   0.000000000
      5.075000000  -0.003717660   0.563618000  -0.264343000   0.000000000   0.000000000   0.000000000
      2.278000000   0.002191580   0.441606000  -0.349291000   0.000000000   0.000000000   0.000000000
      0.777500000  -0.000849850   0.042669700   0.269671000   1.000000000   0.000000000   0.000000000
      0.352700000   0.000424660  -0.006672290   0.676073000   0.000000000   1.000000000   0.000000000
      0.143100000  -0.000120020   0.001907290   0.284679000   0.000000000   0.000000000   1.000000000
$ P-TYPE FUNCTIONS
   11    5    0
   1703.000000000   0.000474040  -0.000128270   0.000000000   0.000000000   0.000000000
    403.600000000   0.004064120  -0.001093560   0.000000000   0.000000000   0.000000000
    130.300000000   0.021335500  -0.005834290   0.000000000   0.000000000   0.000000000
     49.050000000   0.079461100  -0.021925800   0.000000000   0.000000000   0.000000000
     20.260000000   0.208927000  -0.060138500   0.000000000   0.000000000   0.000000000
      8.787000000   0.364945000  -0.106929000   0.000000000   0.000000000   0.000000000
      3.919000000   0.371725000  -0.122454000   0.000000000   0.000000000   0.000000000
      1.765000000   0.146292000   0.038361900   0.000000000   0.000000000   0.000000000
      0.720700000   0.010790600   0.385256000   1.000000000   0.000000000   0.000000000
      0.283900000   0.001170040   0.507265000   0.000000000   1.000000000   0.000000000
      0.106000000   0.000339410   0.227218000   0.000000000   0.000000000   1.000000000
$ D-TYPE FUNCTIONS
    4    4    0
      5.191000000   1.000000000   0.000000000   0.000000000   0.000000000
      1.276000000   0.000000000   1.000000000   0.000000000   0.000000000
      0.583000000   0.000000000   0.000000000   1.000000000   0.000000000
      0.243000000   0.000000000   0.000000000   0.000000000   1.000000000
$ F-TYPE FUNCTIONS
    2    2    0
      0.423000000   1.000000000   0.000000000
      1.089000000   0.000000000   1.000000000
$ G-TYPE FUNCTIONS
    1    1    0
      0.827000000   1.000000000
a 18
$ ARGON        (16s,11p,4d,2f,1g) -> [6s,5p,4d,2f,1g]
$ S-TYPE FUNCTIONS
   16    6    0
 950600.000000000   0.000022750  -0.000006460   0.000002020   0.000000000   0.000000000   0.000000000
 142300.000000000   0.000176940  -0.000050230   0.000015690   0.000000000   0.000000000   0.000000000
  32360.000000000   0.000931280  -0.000264800   0.000082860   0.000000000   0.000000000   0.000000000
   9145.000000000   0.003928600  -0.001118950   0.000349260   0.000000000   0.000000000   0.000000000
   2970.000000000   0.014206400  -0.004082760   0.001279760   0.000000000   0.000000000   0.000000000
   1064.000000000   0.044811400  -0.013121600   0.004103650   0.000000000   0.000000000   0.000000000
    410.800000000   0.121001000  -0.037285500   0.011778900   0.000000000   0.000000000   0.000000000
    168.000000000   0.260579000  -0.089470900   0.028386800   0.000000000   0.000000000   0.000000000
     71.990000000   0.381364000  -0.168054000   0.055240600   0.000000000   0.000000000   0.000000000
     31.670000000   0.276058000  -0.179594000   0.060749200   0.000000000   0.000000000   0.000000000
     12.890000000   0.050517900   0.102953000  -0.036201200   0.000000000   0.000000000   0.000000000
      5.929000000  -0.003598660   0.562630000  -0.275398000   0.000000000   0.000000000   0.000000000
      2.678000000   0.002187980   0.450355000  -0.362845000   0.000000000   0.000000000   0.000000000
      0.941600000  -0.000862360   0.046060700   0.273118000   1.000000000   0.000000000   0.000000000
      0.423900000   0.000405230  -0.006036910   0.682899000   0.000000000   1.000000000   0.000000000
      0.171400000  -0.000116160   0.001887440   0.283417000   0.000000000   0.000000000   1.000000000
$ P-TYPE FUNCTIONS
   11    5    0
   1890.000000000   0.000495750  -0.000138860   0.000000000   0.000000000   0.000000000
    447.800000000   0.004251720  -0.001188700   0.000000000   0.000000000   0.000000000
    144.600000000   0.022327700  -0.006325530   0.000000000   0.000000000   0.000000000
     54.460000000   0.083087800  -0.023881300   0.000000000   0.000000000   0.000000000
     22.510000000   0.217110000  -0.064923800   0.000000000   0.000000000   0.000000000
      9.774000000   0.374507000  -0.115444000   0.000000000   0.000000000   0.000000000
      4.368000000   0.366445000  -0.123651000   0.000000000   0.000000000   0.000000000
      1.959000000   0.129245000   0.064905500   0.000000000   0.000000000   0.000000000
      0.826000000   0.006922490   0.403633000   1.000000000   0.000000000   0.000000000
      0.329700000   0.000836150   0.490592000   0.000000000   1.000000000   0.000000000
      0.124200000  -0.000152670   0.208528000   0.000000000   0.000000000   1.000000000
$ D-TYPE FUNCTIONS
    4    4    0
      6.315000000   1.000000000   0.000000000   0.000000000   0.000000000
      1.562000000   0.000000000   1.000000000   0.000000000   0.000000000
      0.715000000   0.000000000   0.000000000   1.000000000   0.000000000
      0.297000000   0.000000000   0.000000000   0.000000000   1.000000000
$ F-TYPE FUNCTIONS
    2    2    0
      0.543000000   1.000000000   0.000000000
      1.325000000   0.000000000   1.000000000
$ G-TYPE FUNCTIONS
    1    1    0
      1.007000000   1.000000000


