$ Basis = cc-pV(T+d)Z
$
$Elements supported
$ Al Si P S Cl Ar
$
$ REFERENCES
$Elements                             References
$--------                             ----------
$Al - Ar: T.H. Dunning, Jr., K.A. Peterson and A.K. Wilson,
$         J. Chem. Phys. 114, 9244 (2001)
$
$*******************************************************************************
a 13
$ ALUMINUM     (15s,9p,3d,1f) -> [5s,4p,3d,1f]
$ S-TYPE FUNCTIONS
   15    5    0
 205500.000000000   0.000067880  -0.000017640   0.000004070   0.000000000   0.000000000
  30780.000000000   0.000527150  -0.000137200   0.000031660   0.000000000   0.000000000
   7006.000000000   0.002762030  -0.000718910   0.000166120   0.000000000   0.000000000
   1985.000000000   0.011472800  -0.003011460   0.000694990   0.000000000   0.000000000
    649.100000000   0.039818800  -0.010601400   0.002455110   0.000000000   0.000000000
    235.000000000   0.115040000  -0.032134500   0.007445980   0.000000000   0.000000000
     91.620000000   0.260887000  -0.080315600   0.018825300   0.000000000   0.000000000
     37.670000000   0.396386000  -0.156794000   0.037277200   0.000000000   0.000000000
     15.910000000   0.284597000  -0.168376000   0.041949600   0.000000000   0.000000000
      5.850000000   0.044458300   0.126879000  -0.035437500   0.000000000   0.000000000
      2.542000000  -0.004898380   0.561494000  -0.175132000   0.000000000   0.000000000
      1.057000000   0.002612530   0.436613000  -0.276203000   0.000000000   0.000000000
      0.293100000  -0.001089150   0.035729300   0.108729000   1.000000000   0.000000000
      0.145500000   0.000722070  -0.011456300   0.652809000   0.000000000   0.000000000
      0.056500000  -0.000178490   0.002202010   0.394587000   0.000000000   1.000000000
$ P-TYPE FUNCTIONS
    9    4    0
    444.400000000   0.001627860  -0.000286340   0.000000000   0.000000000
    105.100000000   0.013068700  -0.002423080   0.000000000   0.000000000
     33.470000000   0.061234100  -0.010865800   0.000000000   0.000000000
     12.330000000   0.187870000  -0.036430700   0.000000000   0.000000000
      4.869000000   0.360452000  -0.064107400   0.000000000   0.000000000
      1.961000000   0.408454000  -0.097223900   0.000000000   0.000000000
      0.783400000   0.188640000   0.014743700   1.000000000   0.000000000
      0.188800000   0.009765140   0.503448000   0.000000000   0.000000000
      0.055570000  -0.001150570   0.597984000   0.000000000   1.000000000
$ D-TYPE FUNCTIONS
    3    3    0
      1.570000000   1.000000000   0.000000000   0.000000000
      0.333000000   0.000000000   1.000000000   0.000000000
      0.111000000   0.000000000   0.000000000   1.000000000
$ F-TYPE FUNCTIONS
    1    1    0
      0.244000000   1.000000000
a 14
$ SILICON      (15s,9p,3d,1f) -> [5s,4p,3d,1f]
$ S-TYPE FUNCTIONS
   15    5    0
 254900.000000000   0.000062510  -0.000016640   0.000004260   0.000000000   0.000000000
  38190.000000000   0.000485550  -0.000129310   0.000033110   0.000000000   0.000000000
   8690.000000000   0.002545160  -0.000678830   0.000174010   0.000000000   0.000000000
   2462.000000000   0.010586600  -0.002841170   0.000727570   0.000000000   0.000000000
    804.800000000   0.036878700  -0.010055100   0.002583330   0.000000000   0.000000000
    291.300000000   0.107479000  -0.030577400   0.007863540   0.000000000   0.000000000
    113.600000000   0.247936000  -0.077725600   0.020215500   0.000000000   0.000000000
     46.750000000   0.390927000  -0.154236000   0.040732000   0.000000000   0.000000000
     19.820000000   0.302026000  -0.180368000   0.049935800   0.000000000   0.000000000
      7.708000000   0.055923600   0.079821800  -0.024939600   0.000000000   0.000000000
      3.340000000  -0.004024060   0.547441000  -0.190350000   0.000000000   0.000000000
      1.402000000   0.002580300   0.480119000  -0.318350000   0.000000000   0.000000000
      0.438700000  -0.001038210   0.047484600   0.094803600   1.000000000   0.000000000
      0.207000000   0.000607930  -0.010699600   0.681180000   0.000000000   0.000000000
      0.079440000  -0.000154020   0.002198710   0.395672000   0.000000000   1.000000000
$ P-TYPE FUNCTIONS
    9    4    0
    481.500000000   0.001920450  -0.000405220   0.000000000   0.000000000
    113.900000000   0.015355200  -0.003358960   0.000000000   0.000000000
     36.230000000   0.071399100  -0.015286000   0.000000000   0.000000000
     13.340000000   0.213052000  -0.048921800   0.000000000   0.000000000
      5.252000000   0.390354000  -0.085500800   0.000000000   0.000000000
      2.120000000   0.393721000  -0.112137000   0.000000000   0.000000000
      0.856100000   0.132565000   0.061827400   1.000000000   0.000000000
      0.252800000   0.003956300   0.551919000   0.000000000   0.000000000
      0.078890000   0.000331620   0.523492000   0.000000000   1.000000000
$ D-TYPE FUNCTIONS
    3    3    0
      2.303000000   1.000000000   0.000000000   0.000000000
      0.476000000   0.000000000   1.000000000   0.000000000
      0.160000000   0.000000000   0.000000000   1.000000000
$ F-TYPE FUNCTIONS
    1    1    0
      0.336000000   1.000000000
a 15
$ PHOSPHORUS   (15s,9p,3d,1f) -> [5s,4p,3d,1f]
$ S-TYPE FUNCTIONS
   15    5    0
 312400.000000000   0.000057700  -0.000015670   0.000004310   0.000000000   0.000000000
  46800.000000000   0.000448300  -0.000121720   0.000033420   0.000000000   0.000000000
  10650.000000000   0.002349390  -0.000639670   0.000175890   0.000000000   0.000000000
   3018.000000000   0.009782650  -0.002674260   0.000734340   0.000000000   0.000000000
    986.800000000   0.034146700  -0.009498310   0.002617750   0.000000000   0.000000000
    357.400000000   0.100204000  -0.028934900   0.007978520   0.000000000   0.000000000
    139.600000000   0.234372000  -0.074512100   0.020794000   0.000000000   0.000000000
     57.630000000   0.382434000  -0.149938000   0.042444600   0.000000000   0.000000000
     24.600000000   0.318088000  -0.189467000   0.056343600   0.000000000   0.000000000
     10.120000000   0.070778800   0.036327000  -0.012735800   0.000000000   0.000000000
      4.283000000  -0.001817990   0.528816000  -0.196495000   0.000000000   0.000000000
      1.805000000   0.002161800   0.519115000  -0.353555000   0.000000000   0.000000000
      0.615800000  -0.000834740   0.060554700   0.074140700   1.000000000   0.000000000
      0.278200000   0.000432300  -0.009256950   0.700912000   0.000000000   0.000000000
      0.105500000  -0.000114250   0.002103720   0.404739000   0.000000000   1.000000000
$ P-TYPE FUNCTIONS
    9    4    0
    504.900000000   0.002337280  -0.000555240   0.000000000   0.000000000
    119.400000000   0.018541000  -0.004459130   0.000000000   0.000000000
     37.960000000   0.084969300  -0.020635000   0.000000000   0.000000000
     13.950000000   0.244615000  -0.061769400   0.000000000   0.000000000
      5.457000000   0.422766000  -0.108924000   0.000000000   0.000000000
      2.177000000   0.368439000  -0.105599000   0.000000000   0.000000000
      0.801000000   0.077273400   0.153483000   1.000000000   0.000000000
      0.287700000  -0.003790050   0.576981000   0.000000000   0.000000000
      0.097140000   0.001599390   0.422439000   0.000000000   1.000000000
$ D-TYPE FUNCTIONS
    3    3    0
      3.120000000   1.000000000   0.000000000   0.000000000
      0.648000000   0.000000000   1.000000000   0.000000000
      0.218000000   0.000000000   0.000000000   1.000000000
$ F-TYPE FUNCTIONS
    1    1    0
      0.452000000   1.000000000
a 16
$ SULFUR       (15s,9p,3d,1f) -> [5s,4p,3d,1f]
$ S-TYPE FUNCTIONS
   15    5    0
 374100.000000000   0.000054210  -0.000014980   0.000004350   0.000000000   0.000000000
  56050.000000000   0.000420850  -0.000116200   0.000033710   0.000000000   0.000000000
  12760.000000000   0.002206980  -0.000611580   0.000177670   0.000000000   0.000000000
   3615.000000000   0.009192580  -0.002553700   0.000741120   0.000000000   0.000000000
   1183.000000000   0.032112300  -0.009087080   0.002645910   0.000000000   0.000000000
    428.800000000   0.094668300  -0.027704500   0.008074870   0.000000000   0.000000000
    167.800000000   0.223630000  -0.072002000   0.021227600   0.000000000   0.000000000
     69.470000000   0.374393000  -0.146439000   0.043832300   0.000000000   0.000000000
     29.840000000   0.329108000  -0.195150000   0.061271600   0.000000000   0.000000000
     12.720000000   0.084703800   0.008191930  -0.003615100   0.000000000   0.000000000
      5.244000000   0.000440850   0.516601000  -0.204510000   0.000000000   0.000000000
      2.219000000   0.001648270   0.542178000  -0.381871000   0.000000000   0.000000000
      0.776700000  -0.000622330   0.068843000   0.082684400   1.000000000   0.000000000
      0.349000000   0.000301310  -0.009180720   0.714147000   0.000000000   0.000000000
      0.132200000  -0.000084130   0.002268320   0.393791000   0.000000000   1.000000000
$ P-TYPE FUNCTIONS
    9    4    0
    574.400000000   0.002422640  -0.000620100   0.000000000   0.000000000
    135.800000000   0.019279600  -0.004938820   0.000000000   0.000000000
     43.190000000   0.088540100  -0.023264700   0.000000000   0.000000000
     15.870000000   0.254654000  -0.068519500   0.000000000   0.000000000
      6.208000000   0.433984000  -0.123896000   0.000000000   0.000000000
      2.483000000   0.354953000  -0.096949900   0.000000000   0.000000000
      0.868800000   0.061894100   0.228215000   1.000000000   0.000000000
      0.322900000  -0.005029770   0.569394000   0.000000000   0.000000000
      0.109800000   0.002098130   0.366302000   0.000000000   1.000000000
$ D-TYPE FUNCTIONS
    3    3    0
      3.756000000   1.000000000   0.000000000   0.000000000
      0.812000000   0.000000000   1.000000000   0.000000000
      0.273000000   0.000000000   0.000000000   1.000000000
$ F-TYPE FUNCTIONS
    1    1    0
      0.557000000   1.000000000
a 17
$ CHLORINE     (15s,9p,3d,1f) -> [5s,4p,3d,1f]
$ S-TYPE FUNCTIONS
   15    5    0
 456100.000000000   0.000049300  -0.000013830   0.000004190   0.000000000   0.000000000
  68330.000000000   0.000383030  -0.000107280   0.000032440   0.000000000   0.000000000
  15550.000000000   0.002008540  -0.000565080   0.000171110   0.000000000   0.000000000
   4405.000000000   0.008385580  -0.002361350   0.000714180   0.000000000   0.000000000
   1439.000000000   0.029470300  -0.008458860   0.002567050   0.000000000   0.000000000
    520.400000000   0.087832500  -0.025963800   0.007885520   0.000000000   0.000000000
    203.100000000   0.211473000  -0.068636200   0.021086700   0.000000000   0.000000000
     83.960000000   0.365364000  -0.141874000   0.044226400   0.000000000   0.000000000
     36.200000000   0.340884000  -0.199319000   0.065167000   0.000000000   0.000000000
     15.830000000   0.102133000  -0.019566200   0.006030120   0.000000000   0.000000000
      6.334000000   0.003116750   0.499741000  -0.206495000   0.000000000   0.000000000
      2.694000000   0.001057510   0.563736000  -0.405871000   0.000000000   0.000000000
      0.976800000  -0.000378000   0.079032500   0.075955800   1.000000000   0.000000000
      0.431300000   0.000156140  -0.008350910   0.725661000   0.000000000   0.000000000
      0.162500000  -0.000051410   0.002324560   0.394423000   0.000000000   1.000000000
$ P-TYPE FUNCTIONS
    9    4    0
    663.300000000   0.002404480  -0.000652150   0.000000000   0.000000000
    156.800000000   0.019214800  -0.005194450   0.000000000   0.000000000
     49.980000000   0.088509700  -0.024693800   0.000000000   0.000000000
     18.420000000   0.256020000  -0.072816700   0.000000000   0.000000000
      7.240000000   0.436927000  -0.134030000   0.000000000   0.000000000
      2.922000000   0.350334000  -0.094774200   0.000000000   0.000000000
      1.022000000   0.058549500   0.262289000   1.000000000   0.000000000
      0.381800000  -0.004584230   0.564667000   0.000000000   0.000000000
      0.130100000   0.002269700   0.341250000   0.000000000   1.000000000
$ D-TYPE FUNCTIONS
    3    3    0
      4.610000000   1.000000000   0.000000000   0.000000000
      1.011000000   0.000000000   1.000000000   0.000000000
      0.339000000   0.000000000   0.000000000   1.000000000
$ F-TYPE FUNCTIONS
    1    1    0
      0.706000000   1.000000000
a 18
$ ARGON        (15s,9p,3d,1f) -> [5s,4p,3d,1f]
$ S-TYPE FUNCTIONS
   15    5    0
 545000.000000000   0.000045580  -0.000012960   0.000004050   0.000000000   0.000000000
  81640.000000000   0.000354110  -0.000100430   0.000031370   0.000000000   0.000000000
  18580.000000000   0.001857970  -0.000529580   0.000165650   0.000000000   0.000000000
   5261.000000000   0.007768510  -0.002213960   0.000691660   0.000000000   0.000000000
   1717.000000000   0.027423200  -0.007968450   0.002497900   0.000000000   0.000000000
    619.900000000   0.082383600  -0.024580300   0.007710740   0.000000000   0.000000000
    241.600000000   0.201230000  -0.065779800   0.020871400   0.000000000   0.000000000
     99.790000000   0.356781000  -0.137942000   0.044396500   0.000000000   0.000000000
     43.150000000   0.349563000  -0.201630000   0.068022400   0.000000000   0.000000000
     19.140000000   0.118266000  -0.041283400   0.014135000   0.000000000   0.000000000
      7.488000000   0.005601900   0.484680000  -0.207489000   0.000000000   0.000000000
      3.205000000   0.000483470   0.579224000  -0.425045000   0.000000000   0.000000000
      1.196000000  -0.000148090   0.087908300   0.070485500   1.000000000   0.000000000
      0.520400000   0.000029200  -0.007275530   0.733627000   0.000000000   0.000000000
      0.195400000  -0.000023160   0.002328840   0.396005000   0.000000000   1.000000000
$ P-TYPE FUNCTIONS
    9    4    0
    761.800000000   0.002369760  -0.000667210   0.000000000   0.000000000
    180.200000000   0.019019900  -0.005327170   0.000000000   0.000000000
     57.500000000   0.088080700  -0.025549400   0.000000000   0.000000000
     21.240000000   0.256377000  -0.075719700   0.000000000   0.000000000
      8.388000000   0.438711000  -0.141133000   0.000000000   0.000000000
      3.416000000   0.347569000  -0.093276800   0.000000000   0.000000000
      1.206000000   0.056674000   0.282872000   1.000000000   0.000000000
      0.452300000  -0.005238820   0.562450000   0.000000000   0.000000000
      0.154500000   0.001643760   0.325059000   0.000000000   1.000000000
$ D-TYPE FUNCTIONS
    3    3    0
      5.551000000   1.000000000   0.000000000   0.000000000
      1.235000000   0.000000000   1.000000000   0.000000000
      0.412000000   0.000000000   0.000000000   1.000000000
$ F-TYPE FUNCTIONS
    1    1    0
      0.890000000   1.000000000


