$ Basis =DGauss A2 DFT Exchange Fitting

$Elements                             References
$--------                             ----------
$H - Xe: N. Godbout, D. R. Salahub, J. Andzelm, and E. Wimmer, Can. J. Chem. 70,
$        560 (1992). DGauss basis sets provided courtesy of Cray Research, Inc.
$
a 1
$ HYDROGEN     (4s,1p,1d)
$ S-TYPE FUNCTIONS
    4    4    0
     15.000000000   1.000000000   0.000000000   0.000000000   0.000000000
      2.500000000   0.000000000   1.000000000   0.000000000   0.000000000
      0.100000000   0.000000000   0.000000000   1.000000000   0.000000000
      0.500000000   0.000000000   0.000000000   0.000000000   1.000000000
$ P-TYPE FUNCTIONS
    1    1    0
      0.500000000   1.000000000
$ D-TYPE FUNCTIONS
    1    1    0
      0.500000000   1.000000000
a 2
$ HELIUM       (4s,1p,1d)
$ S-TYPE FUNCTIONS
    4    4    0
     18.000000000   1.000000000   0.000000000   0.000000000   0.000000000
      3.000000000   0.000000000   1.000000000   0.000000000   0.000000000
      0.120000000   0.000000000   0.000000000   1.000000000   0.000000000
      0.600000000   0.000000000   0.000000000   0.000000000   1.000000000
$ P-TYPE FUNCTIONS
    1    1    0
      0.600000000   1.000000000
$ D-TYPE FUNCTIONS
    1    1    0
      0.600000000   1.000000000
a 3
$ LITHIUM      (7s,2p,1d)
$ S-TYPE FUNCTIONS
    7    7    0
    853.000000000   1.000000000   0.000000000   0.000000000   0.000000000   0.000000000   0.000000000
       0.000000000
     17.100000000   0.000000000   1.000000000   0.000000000   0.000000000   0.000000000   0.000000000
       0.000000000
      4.300000000   0.000000000   0.000000000   1.000000000   0.000000000   0.000000000   0.000000000
       0.000000000
      1.100000000   0.000000000   0.000000000   0.000000000   1.000000000   0.000000000   0.000000000
       0.000000000
      0.270000000   0.000000000   0.000000000   0.000000000   0.000000000   1.000000000   0.000000000
       0.000000000
      0.200000000   0.000000000   0.000000000   0.000000000   0.000000000   0.000000000   1.000000000
       0.000000000
      0.070000000   0.000000000   0.000000000   0.000000000   0.000000000   0.000000000   0.000000000
       1.000000000
$ P-TYPE FUNCTIONS
    2    2    0
      0.200000000   1.000000000   0.000000000
      0.700000000   0.000000000   1.000000000
$ D-TYPE FUNCTIONS
    1    1    0
      0.700000000   1.000000000
a 4
$ BERYLLIUM    (7s,2p,1d)
$ S-TYPE FUNCTIONS
    7    7    0
    171.000000000   1.000000000   0.000000000   0.000000000   0.000000000   0.000000000   0.000000000
       0.000000000
     34.300000000   0.000000000   1.000000000   0.000000000   0.000000000   0.000000000   0.000000000
       0.000000000
      8.500000000   0.000000000   0.000000000   1.000000000   0.000000000   0.000000000   0.000000000
       0.000000000
      2.100000000   0.000000000   0.000000000   0.000000000   1.000000000   0.000000000   0.000000000
       0.000000000
      0.530000000   0.000000000   0.000000000   0.000000000   0.000000000   1.000000000   0.000000000
       0.000000000
      0.040000000   0.000000000   0.000000000   0.000000000   0.000000000   0.000000000   1.000000000
       0.000000000
      0.130000000   0.000000000   0.000000000   0.000000000   0.000000000   0.000000000   0.000000000
       1.000000000
$ P-TYPE FUNCTIONS
    2    2    0
      0.400000000   1.000000000   0.000000000
      0.130000000   0.000000000   1.000000000
$ D-TYPE FUNCTIONS
    1    1    0
      0.130000000   1.000000000
a 5
$ BORON        (8s,4p,4d)
$ S-TYPE FUNCTIONS
    8    8    0
    331.000000000   1.000000000   0.000000000   0.000000000   0.000000000   0.000000000   0.000000000
       0.000000000   0.000000000
     73.000000000   0.000000000   1.000000000   0.000000000   0.000000000   0.000000000   0.000000000
       0.000000000   0.000000000
     21.000000000   0.000000000   0.000000000   1.000000000   0.000000000   0.000000000   0.000000000
       0.000000000   0.000000000
      6.000000000   0.000000000   0.000000000   0.000000000   1.000000000   0.000000000   0.000000000
       0.000000000   0.000000000
      2.210000000   0.000000000   0.000000000   0.000000000   0.000000000   1.000000000   0.000000000
       0.000000000   0.000000000
      0.500000000   0.000000000   0.000000000   0.000000000   0.000000000   0.000000000   1.000000000
       0.000000000   0.000000000
      0.140000000   0.000000000   0.000000000   0.000000000   0.000000000   0.000000000   0.000000000
       1.000000000   0.000000000
      0.040000000   0.000000000   0.000000000   0.000000000   0.000000000   0.000000000   0.000000000
       0.000000000   1.000000000
$ P-TYPE FUNCTIONS
    4    4    0
      2.210000000   1.000000000   0.000000000   0.000000000   0.000000000
      0.500000000   0.000000000   1.000000000   0.000000000   0.000000000
      0.140000000   0.000000000   0.000000000   1.000000000   0.000000000
      0.040000000   0.000000000   0.000000000   0.000000000   1.000000000
$ D-TYPE FUNCTIONS
    4    4    0
      2.210000000   1.000000000   0.000000000   0.000000000   0.000000000
      0.500000000   0.000000000   1.000000000   0.000000000   0.000000000
      0.140000000   0.000000000   0.000000000   1.000000000   0.000000000
      0.040000000   0.000000000   0.000000000   0.000000000   1.000000000
a 6
$ CARBON       (8s,4p,4d)
$ S-TYPE FUNCTIONS
    8    8    0
    500.000000000   1.000000000   0.000000000   0.000000000   0.000000000   0.000000000   0.000000000
       0.000000000   0.000000000
    110.000000000   0.000000000   1.000000000   0.000000000   0.000000000   0.000000000   0.000000000
       0.000000000   0.000000000
     31.400000000   0.000000000   0.000000000   1.000000000   0.000000000   0.000000000   0.000000000
       0.000000000   0.000000000
      9.000000000   0.000000000   0.000000000   0.000000000   1.000000000   0.000000000   0.000000000
       0.000000000   0.000000000
      3.300000000   0.000000000   0.000000000   0.000000000   0.000000000   1.000000000   0.000000000
       0.000000000   0.000000000
      0.730000000   0.000000000   0.000000000   0.000000000   0.000000000   0.000000000   1.000000000
       0.000000000   0.000000000
      0.210000000   0.000000000   0.000000000   0.000000000   0.000000000   0.000000000   0.000000000
       1.000000000   0.000000000
      0.060000000   0.000000000   0.000000000   0.000000000   0.000000000   0.000000000   0.000000000
       0.000000000   1.000000000
$ P-TYPE FUNCTIONS
    4    4    0
      3.300000000   1.000000000   0.000000000   0.000000000   0.000000000
      0.730000000   0.000000000   1.000000000   0.000000000   0.000000000
      0.210000000   0.000000000   0.000000000   1.000000000   0.000000000
      0.060000000   0.000000000   0.000000000   0.000000000   1.000000000
$ D-TYPE FUNCTIONS
    4    4    0
      3.300000000   1.000000000   0.000000000   0.000000000   0.000000000
      0.730000000   0.000000000   1.000000000   0.000000000   0.000000000
      0.210000000   0.000000000   0.000000000   1.000000000   0.000000000
      0.060000000   0.000000000   0.000000000   0.000000000   1.000000000
a 7
$ NITROGEN     (8s,4p,4d)
$ S-TYPE FUNCTIONS
    8    8    0
    688.000000000   1.000000000   0.000000000   0.000000000   0.000000000   0.000000000   0.000000000
       0.000000000   0.000000000
    153.000000000   0.000000000   1.000000000   0.000000000   0.000000000   0.000000000   0.000000000
       0.000000000   0.000000000
     43.700000000   0.000000000   0.000000000   1.000000000   0.000000000   0.000000000   0.000000000
       0.000000000   0.000000000
     12.500000000   0.000000000   0.000000000   0.000000000   1.000000000   0.000000000   0.000000000
       0.000000000   0.000000000
      4.600000000   0.000000000   0.000000000   0.000000000   0.000000000   1.000000000   0.000000000
       0.000000000   0.000000000
      1.020000000   0.000000000   0.000000000   0.000000000   0.000000000   0.000000000   1.000000000
       0.000000000   0.000000000
      0.290000000   0.000000000   0.000000000   0.000000000   0.000000000   0.000000000   0.000000000
       1.000000000   0.000000000
      0.083000000   0.000000000   0.000000000   0.000000000   0.000000000   0.000000000   0.000000000
       0.000000000   1.000000000
$ P-TYPE FUNCTIONS
    4    4    0
      4.600000000   1.000000000   0.000000000   0.000000000   0.000000000
      1.020000000   0.000000000   1.000000000   0.000000000   0.000000000
      0.290000000   0.000000000   0.000000000   1.000000000   0.000000000
      0.083000000   0.000000000   0.000000000   0.000000000   1.000000000
$ D-TYPE FUNCTIONS
    4    4    0
      4.600000000   1.000000000   0.000000000   0.000000000   0.000000000
      1.020000000   0.000000000   1.000000000   0.000000000   0.000000000
      0.290000000   0.000000000   0.000000000   1.000000000   0.000000000
      0.083000000   0.000000000   0.000000000   0.000000000   1.000000000
a 8
$ OXYGEN       (8s,4p,4d)
$ S-TYPE FUNCTIONS
    8    8    0
    855.000000000   1.000000000   0.000000000   0.000000000   0.000000000   0.000000000   0.000000000
       0.000000000   0.000000000
    190.000000000   0.000000000   1.000000000   0.000000000   0.000000000   0.000000000   0.000000000
       0.000000000   0.000000000
     54.000000000   0.000000000   0.000000000   1.000000000   0.000000000   0.000000000   0.000000000
       0.000000000   0.000000000
     15.500000000   0.000000000   0.000000000   0.000000000   1.000000000   0.000000000   0.000000000
       0.000000000   0.000000000
      5.660000000   0.000000000   0.000000000   0.000000000   0.000000000   1.000000000   0.000000000
       0.000000000   0.000000000
      1.270000000   0.000000000   0.000000000   0.000000000   0.000000000   0.000000000   1.000000000
       0.000000000   0.000000000
      0.360000000   0.000000000   0.000000000   0.000000000   0.000000000   0.000000000   0.000000000
       1.000000000   0.000000000
      0.100000000   0.000000000   0.000000000   0.000000000   0.000000000   0.000000000   0.000000000
       0.000000000   1.000000000
$ P-TYPE FUNCTIONS
    4    4    0
      5.660000000   1.000000000   0.000000000   0.000000000   0.000000000
      1.270000000   0.000000000   1.000000000   0.000000000   0.000000000
      0.360000000   0.000000000   0.000000000   1.000000000   0.000000000
      0.100000000   0.000000000   0.000000000   0.000000000   1.000000000
$ D-TYPE FUNCTIONS
    4    4    0
      5.660000000   1.000000000   0.000000000   0.000000000   0.000000000
      1.270000000   0.000000000   1.000000000   0.000000000   0.000000000
      0.360000000   0.000000000   0.000000000   1.000000000   0.000000000
      0.100000000   0.000000000   0.000000000   0.000000000   1.000000000
a 9
$ FLUORINE     (8s,4p,4d)
$ S-TYPE FUNCTIONS
    8    8    0
   1035.000000000   1.000000000   0.000000000   0.000000000   0.000000000   0.000000000   0.000000000
       0.000000000   0.000000000
    230.000000000   0.000000000   1.000000000   0.000000000   0.000000000   0.000000000   0.000000000
       0.000000000   0.000000000
     65.700000000   0.000000000   0.000000000   1.000000000   0.000000000   0.000000000   0.000000000
       0.000000000   0.000000000
     18.800000000   0.000000000   0.000000000   0.000000000   1.000000000   0.000000000   0.000000000
       0.000000000   0.000000000
      7.000000000   0.000000000   0.000000000   0.000000000   0.000000000   1.000000000   0.000000000
       0.000000000   0.000000000
      1.530000000   0.000000000   0.000000000   0.000000000   0.000000000   0.000000000   1.000000000
       0.000000000   0.000000000
      0.440000000   0.000000000   0.000000000   0.000000000   0.000000000   0.000000000   0.000000000
       1.000000000   0.000000000
      0.130000000   0.000000000   0.000000000   0.000000000   0.000000000   0.000000000   0.000000000
       0.000000000   1.000000000
$ P-TYPE FUNCTIONS
    4    4    0
      7.000000000   1.000000000   0.000000000   0.000000000   0.000000000
      1.530000000   0.000000000   1.000000000   0.000000000   0.000000000
      0.440000000   0.000000000   0.000000000   1.000000000   0.000000000
      0.130000000   0.000000000   0.000000000   0.000000000   1.000000000
$ D-TYPE FUNCTIONS
    4    4    0
      7.000000000   1.000000000   0.000000000   0.000000000   0.000000000
      1.530000000   0.000000000   1.000000000   0.000000000   0.000000000
      0.440000000   0.000000000   0.000000000   1.000000000   0.000000000
      0.130000000   0.000000000   0.000000000   0.000000000   1.000000000
a 10
$ NEON         (8s,4p,4d)
$ S-TYPE FUNCTIONS
    8    8    0
   1380.000000000   1.000000000   0.000000000   0.000000000   0.000000000   0.000000000   0.000000000
       0.000000000   0.000000000
    308.000000000   0.000000000   1.000000000   0.000000000   0.000000000   0.000000000   0.000000000
       0.000000000   0.000000000
     88.000000000   0.000000000   0.000000000   1.000000000   0.000000000   0.000000000   0.000000000
       0.000000000   0.000000000
     25.000000000   0.000000000   0.000000000   0.000000000   1.000000000   0.000000000   0.000000000
       0.000000000   0.000000000
      9.200000000   0.000000000   0.000000000   0.000000000   0.000000000   1.000000000   0.000000000
       0.000000000   0.000000000
      2.050000000   0.000000000   0.000000000   0.000000000   0.000000000   0.000000000   1.000000000
       0.000000000   0.000000000
      0.600000000   0.000000000   0.000000000   0.000000000   0.000000000   0.000000000   0.000000000
       1.000000000   0.000000000
      0.170000000   0.000000000   0.000000000   0.000000000   0.000000000   0.000000000   0.000000000
       0.000000000   1.000000000
$ P-TYPE FUNCTIONS
    4    4    0
      9.200000000   1.000000000   0.000000000   0.000000000   0.000000000
      2.050000000   0.000000000   1.000000000   0.000000000   0.000000000
      0.600000000   0.000000000   0.000000000   1.000000000   0.000000000
      0.170000000   0.000000000   0.000000000   0.000000000   1.000000000
$ D-TYPE FUNCTIONS
    4    4    0
      9.200000000   1.000000000   0.000000000   0.000000000   0.000000000
      2.050000000   0.000000000   1.000000000   0.000000000   0.000000000
      0.600000000   0.000000000   0.000000000   1.000000000   0.000000000
      0.170000000   0.000000000   0.000000000   0.000000000   1.000000000
a 11
$ SODIUM       (9s,4p,3d)
$ S-TYPE FUNCTIONS
    9    9    0
   1230.000000000   1.000000000   0.000000000   0.000000000   0.000000000   0.000000000   0.000000000
       0.000000000   0.000000000   0.000000000
    245.000000000   0.000000000   1.000000000   0.000000000   0.000000000   0.000000000   0.000000000
       0.000000000   0.000000000   0.000000000
     61.300000000   0.000000000   0.000000000   1.000000000   0.000000000   0.000000000   0.000000000
       0.000000000   0.000000000   0.000000000
     15.000000000   0.000000000   0.000000000   0.000000000   1.000000000   0.000000000   0.000000000
       0.000000000   0.000000000   0.000000000
      3.180000000   0.000000000   0.000000000   0.000000000   0.000000000   1.000000000   0.000000000
       0.000000000   0.000000000   0.000000000
      0.016000000   0.000000000   0.000000000   0.000000000   0.000000000   0.000000000   1.000000000
       0.000000000   0.000000000   0.000000000
      1.200000000   0.000000000   0.000000000   0.000000000   0.000000000   0.000000000   0.000000000
       1.000000000   0.000000000   0.000000000
      0.240000000   0.000000000   0.000000000   0.000000000   0.000000000   0.000000000   0.000000000
       0.000000000   1.000000000   0.000000000
      0.060000000   0.000000000   0.000000000   0.000000000   0.000000000   0.000000000   0.000000000
       0.000000000   0.000000000   1.000000000
$ P-TYPE FUNCTIONS
    4    4    0
      0.016000000   1.000000000   0.000000000   0.000000000   0.000000000
      1.200000000   0.000000000   1.000000000   0.000000000   0.000000000
      0.240000000   0.000000000   0.000000000   1.000000000   0.000000000
      0.060000000   0.000000000   0.000000000   0.000000000   1.000000000
$ D-TYPE FUNCTIONS
    3    3    0
      1.200000000   1.000000000   0.000000000   0.000000000
      0.240000000   0.000000000   1.000000000   0.000000000
      0.600000000   0.000000000   0.000000000   1.000000000
a 12
$ MAGNESIUM    (9s,4p,3d)
$ S-TYPE FUNCTIONS
    9    9    0
   2050.000000000   1.000000000   0.000000000   0.000000000   0.000000000   0.000000000   0.000000000
       0.000000000   0.000000000   0.000000000
    407.000000000   0.000000000   1.000000000   0.000000000   0.000000000   0.000000000   0.000000000
       0.000000000   0.000000000   0.000000000
    103.000000000   0.000000000   0.000000000   1.000000000   0.000000000   0.000000000   0.000000000
       0.000000000   0.000000000   0.000000000
     26.000000000   0.000000000   0.000000000   0.000000000   1.000000000   0.000000000   0.000000000
       0.000000000   0.000000000   0.000000000
      6.330000000   0.000000000   0.000000000   0.000000000   0.000000000   1.000000000   0.000000000
       0.000000000   0.000000000   0.000000000
      0.027000000   0.000000000   0.000000000   0.000000000   0.000000000   0.000000000   1.000000000
       0.000000000   0.000000000   0.000000000
      2.000000000   0.000000000   0.000000000   0.000000000   0.000000000   0.000000000   0.000000000
       1.000000000   0.000000000   0.000000000
      0.400000000   0.000000000   0.000000000   0.000000000   0.000000000   0.000000000   0.000000000
       0.000000000   1.000000000   0.000000000
      0.100000000   0.000000000   0.000000000   0.000000000   0.000000000   0.000000000   0.000000000
       0.000000000   0.000000000   1.000000000
$ P-TYPE FUNCTIONS
    4    4    0
      0.027000000   1.000000000   0.000000000   0.000000000   0.000000000
      2.000000000   0.000000000   1.000000000   0.000000000   0.000000000
      0.400000000   0.000000000   0.000000000   1.000000000   0.000000000
      0.100000000   0.000000000   0.000000000   0.000000000   1.000000000
$ D-TYPE FUNCTIONS
    3    3    0
      2.000000000   1.000000000   0.000000000   0.000000000
      0.400000000   0.000000000   1.000000000   0.000000000
      0.100000000   0.000000000   0.000000000   1.000000000
$ ALUMINUM     (9s,4p,4d)
$ S-TYPE FUNCTIONS
    9    9    0
   2287.000000000   1.000000000   0.000000000   0.000000000   0.000000000   0.000000000   0.000000000
       0.000000000   0.000000000   0.000000000
    457.000000000   0.000000000   1.000000000   0.000000000   0.000000000   0.000000000   0.000000000
       0.000000000   0.000000000   0.000000000
    114.000000000   0.000000000   0.000000000   1.000000000   0.000000000   0.000000000   0.000000000
       0.000000000   0.000000000   0.000000000
     28.600000000   0.000000000   0.000000000   0.000000000   1.000000000   0.000000000   0.000000000
       0.000000000   0.000000000   0.000000000
      7.100000000   0.000000000   0.000000000   0.000000000   0.000000000   1.000000000   0.000000000
       0.000000000   0.000000000   0.000000000
      2.200000000   0.000000000   0.000000000   0.000000000   0.000000000   0.000000000   1.000000000
       0.000000000   0.000000000   0.000000000
      0.450000000   0.000000000   0.000000000   0.000000000   0.000000000   0.000000000   0.000000000
       1.000000000   0.000000000   0.000000000
      0.110000000   0.000000000   0.000000000   0.000000000   0.000000000   0.000000000   0.000000000
       0.000000000   1.000000000   0.000000000
      0.028000000   0.000000000   0.000000000   0.000000000   0.000000000   0.000000000   0.000000000
       0.000000000   0.000000000   1.000000000
$ P-TYPE FUNCTIONS
    4    4    0
      2.200000000   1.000000000   0.000000000   0.000000000   0.000000000
      0.450000000   0.000000000   1.000000000   0.000000000   0.000000000
      0.110000000   0.000000000   0.000000000   1.000000000   0.000000000
      0.028000000   0.000000000   0.000000000   0.000000000   1.000000000
$ D-TYPE FUNCTIONS
    4    4    0
      2.200000000   1.000000000   0.000000000   0.000000000   0.000000000
      0.450000000   0.000000000   1.000000000   0.000000000   0.000000000
      0.110000000   0.000000000   0.000000000   1.000000000   0.000000000
      0.028000000   0.000000000   0.000000000   0.000000000   1.000000000
a 14
$ SILICON      (9s,4p,4d)
$ S-TYPE FUNCTIONS
    9    9    0
   3277.000000000   1.000000000   0.000000000   0.000000000   0.000000000   0.000000000   0.000000000
       0.000000000   0.000000000   0.000000000
    655.000000000   0.000000000   1.000000000   0.000000000   0.000000000   0.000000000   0.000000000
       0.000000000   0.000000000   0.000000000
    164.000000000   0.000000000   0.000000000   1.000000000   0.000000000   0.000000000   0.000000000
       0.000000000   0.000000000   0.000000000
     41.000000000   0.000000000   0.000000000   0.000000000   1.000000000   0.000000000   0.000000000
       0.000000000   0.000000000   0.000000000
     10.200000000   0.000000000   0.000000000   0.000000000   0.000000000   1.000000000   0.000000000
       0.000000000   0.000000000   0.000000000
      3.200000000   0.000000000   0.000000000   0.000000000   0.000000000   0.000000000   1.000000000
       0.000000000   0.000000000   0.000000000
      0.640000000   0.000000000   0.000000000   0.000000000   0.000000000   0.000000000   0.000000000
       1.000000000   0.000000000   0.000000000
      0.160000000   0.000000000   0.000000000   0.000000000   0.000000000   0.000000000   0.000000000
       0.000000000   1.000000000   0.000000000
      0.040000000   0.000000000   0.000000000   0.000000000   0.000000000   0.000000000   0.000000000
       0.000000000   0.000000000   1.000000000
$ P-TYPE FUNCTIONS
    4    4    0
      3.200000000   1.000000000   0.000000000   0.000000000   0.000000000
      0.640000000   0.000000000   1.000000000   0.000000000   0.000000000
      0.160000000   0.000000000   0.000000000   1.000000000   0.000000000
      0.040000000   0.000000000   0.000000000   0.000000000   1.000000000
$ D-TYPE FUNCTIONS
    4    4    0
      3.200000000   1.000000000   0.000000000   0.000000000   0.000000000
      0.642000000   0.000000000   1.000000000   0.000000000   0.000000000
      0.160000000   0.000000000   0.000000000   1.000000000   0.000000000
      0.040000000   0.000000000   0.000000000   0.000000000   1.000000000
a 15
$ PHOSPHORUS   (9s,4p,4d)
$ S-TYPE FUNCTIONS
    9    9    0
   4369.700000000   1.000000000   0.000000000   0.000000000   0.000000000   0.000000000   0.000000000
       0.000000000   0.000000000   0.000000000
    874.000000000   0.000000000   1.000000000   0.000000000   0.000000000   0.000000000   0.000000000
       0.000000000   0.000000000   0.000000000
    218.000000000   0.000000000   0.000000000   1.000000000   0.000000000   0.000000000   0.000000000
       0.000000000   0.000000000   0.000000000
     55.000000000   0.000000000   0.000000000   0.000000000   1.000000000   0.000000000   0.000000000
       0.000000000   0.000000000   0.000000000
     13.600000000   0.000000000   0.000000000   0.000000000   0.000000000   1.000000000   0.000000000
       0.000000000   0.000000000   0.000000000
      4.300000000   0.000000000   0.000000000   0.000000000   0.000000000   0.000000000   1.000000000
       0.000000000   0.000000000   0.000000000
      0.850000000   0.000000000   0.000000000   0.000000000   0.000000000   0.000000000   0.000000000
       1.000000000   0.000000000   0.000000000
      0.210000000   0.000000000   0.000000000   0.000000000   0.000000000   0.000000000   0.000000000
       0.000000000   1.000000000   0.000000000
      0.053000000   0.000000000   0.000000000   0.000000000   0.000000000   0.000000000   0.000000000
       0.000000000   0.000000000   1.000000000
$ P-TYPE FUNCTIONS
    4    4    0
      4.300000000   1.000000000   0.000000000   0.000000000   0.000000000
      0.850000000   0.000000000   1.000000000   0.000000000   0.000000000
      0.210000000   0.000000000   0.000000000   1.000000000   0.000000000
      0.053000000   0.000000000   0.000000000   0.000000000   1.000000000
$ D-TYPE FUNCTIONS
    4    4    0
      4.300000000   1.000000000   0.000000000   0.000000000   0.000000000
      0.850000000   0.000000000   1.000000000   0.000000000   0.000000000
      0.210000000   0.000000000   0.000000000   1.000000000   0.000000000
      0.053000000   0.000000000   0.000000000   0.000000000   1.000000000
a 16
$ SULFUR       (9s,4p,4d)
$ S-TYPE FUNCTIONS
    9    9    0
   5461.000000000   1.000000000   0.000000000   0.000000000   0.000000000   0.000000000   0.000000000
       0.000000000   0.000000000   0.000000000
   1092.000000000   0.000000000   1.000000000   0.000000000   0.000000000   0.000000000   0.000000000
       0.000000000   0.000000000   0.000000000
    273.000000000   0.000000000   0.000000000   1.000000000   0.000000000   0.000000000   0.000000000
       0.000000000   0.000000000   0.000000000
     68.300000000   0.000000000   0.000000000   0.000000000   1.000000000   0.000000000   0.000000000
       0.000000000   0.000000000   0.000000000
     17.100000000   0.000000000   0.000000000   0.000000000   0.000000000   1.000000000   0.000000000
       0.000000000   0.000000000   0.000000000
      5.300000000   0.000000000   0.000000000   0.000000000   0.000000000   0.000000000   1.000000000
       0.000000000   0.000000000   0.000000000
      1.070000000   0.000000000   0.000000000   0.000000000   0.000000000   0.000000000   0.000000000
       1.000000000   0.000000000   0.000000000
      0.270000000   0.000000000   0.000000000   0.000000000   0.000000000   0.000000000   0.000000000
       0.000000000   1.000000000   0.000000000
      0.067000000   0.000000000   0.000000000   0.000000000   0.000000000   0.000000000   0.000000000
       0.000000000   0.000000000   1.000000000
$ P-TYPE FUNCTIONS
    4    4    0
      5.300000000   1.000000000   0.000000000   0.000000000   0.000000000
      1.070000000   0.000000000   1.000000000   0.000000000   0.000000000
      0.270000000   0.000000000   0.000000000   1.000000000   0.000000000
      0.067000000   0.000000000   0.000000000   0.000000000   1.000000000
$ D-TYPE FUNCTIONS
    4    4    0
      5.300000000   1.000000000   0.000000000   0.000000000   0.000000000
      1.070000000   0.000000000   1.000000000   0.000000000   0.000000000
      0.270000000   0.000000000   0.000000000   1.000000000   0.000000000
      0.067000000   0.000000000   0.000000000   0.000000000   1.000000000
a 17
$ CHLORINE     (9s,4p,4d)
$ S-TYPE FUNCTIONS
    9    9    0
   6827.000000000   1.000000000   0.000000000   0.000000000   0.000000000   0.000000000   0.000000000
       0.000000000   0.000000000   0.000000000
   1365.000000000   0.000000000   1.000000000   0.000000000   0.000000000   0.000000000   0.000000000
       0.000000000   0.000000000   0.000000000
    341.000000000   0.000000000   0.000000000   1.000000000   0.000000000   0.000000000   0.000000000
       0.000000000   0.000000000   0.000000000
     85.000000000   0.000000000   0.000000000   0.000000000   1.000000000   0.000000000   0.000000000
       0.000000000   0.000000000   0.000000000
     21.000000000   0.000000000   0.000000000   0.000000000   0.000000000   1.000000000   0.000000000
       0.000000000   0.000000000   0.000000000
      6.700000000   0.000000000   0.000000000   0.000000000   0.000000000   0.000000000   1.000000000
       0.000000000   0.000000000   0.000000000
      1.300000000   0.000000000   0.000000000   0.000000000   0.000000000   0.000000000   0.000000000
       1.000000000   0.000000000   0.000000000
      0.330000000   0.000000000   0.000000000   0.000000000   0.000000000   0.000000000   0.000000000
       0.000000000   1.000000000   0.000000000
      0.083000000   0.000000000   0.000000000   0.000000000   0.000000000   0.000000000   0.000000000
       0.000000000   0.000000000   1.000000000
$ P-TYPE FUNCTIONS
    4    4    0
      6.700000000   1.000000000   0.000000000   0.000000000   0.000000000
      1.300000000   0.000000000   1.000000000   0.000000000   0.000000000
      0.330000000   0.000000000   0.000000000   1.000000000   0.000000000
      0.083000000   0.000000000   0.000000000   0.000000000   1.000000000
$ D-TYPE FUNCTIONS
    4    4    0
      6.700000000   1.000000000   0.000000000   0.000000000   0.000000000
      1.300000000   0.000000000   1.000000000   0.000000000   0.000000000
      0.330000000   0.000000000   0.000000000   1.000000000   0.000000000
      0.083000000   0.000000000   0.000000000   0.000000000   1.000000000
a 18
$ ARGON        (9s,4p,4d)
$ S-TYPE FUNCTIONS
    9    9    0
   8192.000000000   1.000000000   0.000000000   0.000000000   0.000000000   0.000000000   0.000000000
       0.000000000   0.000000000   0.000000000
   1638.000000000   0.000000000   1.000000000   0.000000000   0.000000000   0.000000000   0.000000000
       0.000000000   0.000000000   0.000000000
    410.000000000   0.000000000   0.000000000   1.000000000   0.000000000   0.000000000   0.000000000
       0.000000000   0.000000000   0.000000000
    102.000000000   0.000000000   0.000000000   0.000000000   1.000000000   0.000000000   0.000000000
       0.000000000   0.000000000   0.000000000
     26.000000000   0.000000000   0.000000000   0.000000000   0.000000000   1.000000000   0.000000000
       0.000000000   0.000000000   0.000000000
      8.000000000   0.000000000   0.000000000   0.000000000   0.000000000   0.000000000   1.000000000
       0.000000000   0.000000000   0.000000000
      1.600000000   0.000000000   0.000000000   0.000000000   0.000000000   0.000000000   0.000000000
       1.000000000   0.000000000   0.000000000
      0.400000000   0.000000000   0.000000000   0.000000000   0.000000000   0.000000000   0.000000000
       0.000000000   1.000000000   0.000000000
      0.100000000   0.000000000   0.000000000   0.000000000   0.000000000   0.000000000   0.000000000
       0.000000000   0.000000000   1.000000000
$ P-TYPE FUNCTIONS
    4    4    0
      8.000000000   1.000000000   0.000000000   0.000000000   0.000000000
      1.600000000   0.000000000   1.000000000   0.000000000   0.000000000
      0.400000000   0.000000000   0.000000000   1.000000000   0.000000000
      0.100000000   0.000000000   0.000000000   0.000000000   1.000000000
$ D-TYPE FUNCTIONS
    4    4    0
      8.000000000   1.000000000   0.000000000   0.000000000   0.000000000
      1.600000000   0.000000000   1.000000000   0.000000000   0.000000000
      0.400000000   0.000000000   0.000000000   1.000000000   0.000000000
      0.100000000   0.000000000   0.000000000   0.000000000   1.000000000
a 19
$ POTASSIUM    (10s,5p,4d)
$ S-TYPE FUNCTIONS
   10   10    0
   3280.000000000   1.000000000   0.000000000   0.000000000   0.000000000   0.000000000   0.000000000
       0.000000000   0.000000000   0.000000000   0.000000000
    656.000000000   0.000000000   1.000000000   0.000000000   0.000000000   0.000000000   0.000000000
       0.000000000   0.000000000   0.000000000   0.000000000
    164.000000000   0.000000000   0.000000000   1.000000000   0.000000000   0.000000000   0.000000000
       0.000000000   0.000000000   0.000000000   0.000000000
     40.900000000   0.000000000   0.000000000   0.000000000   1.000000000   0.000000000   0.000000000
       0.000000000   0.000000000   0.000000000   0.000000000
     10.200000000   0.000000000   0.000000000   0.000000000   0.000000000   1.000000000   0.000000000
       0.000000000   0.000000000   0.000000000   0.000000000
      0.012000000   0.000000000   0.000000000   0.000000000   0.000000000   0.000000000   1.000000000
       0.000000000   0.000000000   0.000000000   0.000000000
      3.200000000   0.000000000   0.000000000   0.000000000   0.000000000   0.000000000   0.000000000
       1.000000000   0.000000000   0.000000000   0.000000000
      0.640000000   0.000000000   0.000000000   0.000000000   0.000000000   0.000000000   0.000000000
       0.000000000   1.000000000   0.000000000   0.000000000
      0.160000000   0.000000000   0.000000000   0.000000000   0.000000000   0.000000000   0.000000000
       0.000000000   0.000000000   1.000000000   0.000000000
      0.040000000   0.000000000   0.000000000   0.000000000   0.000000000   0.000000000   0.000000000
       0.000000000   0.000000000   0.000000000   1.000000000
$ P-TYPE FUNCTIONS
    5    5    0
      0.012000000   1.000000000   0.000000000   0.000000000   0.000000000   0.000000000
      3.200000000   0.000000000   1.000000000   0.000000000   0.000000000   0.000000000
      0.640000000   0.000000000   0.000000000   1.000000000   0.000000000   0.000000000
      0.160000000   0.000000000   0.000000000   0.000000000   1.000000000   0.000000000
      0.040000000   0.000000000   0.000000000   0.000000000   0.000000000   1.000000000
$ D-TYPE FUNCTIONS
    4    4    0
      3.200000000   1.000000000   0.000000000   0.000000000   0.000000000
      0.640000000   0.000000000   1.000000000   0.000000000   0.000000000
      0.160000000   0.000000000   0.000000000   1.000000000   0.000000000
      0.040000000   0.000000000   0.000000000   0.000000000   1.000000000
a 20
$ CALCIUM      (10s,5p,4d)
$ S-TYPE FUNCTIONS
   10   10    0
   4650.000000000   1.000000000   0.000000000   0.000000000   0.000000000   0.000000000   0.000000000
       0.000000000   0.000000000   0.000000000   0.000000000
    933.000000000   0.000000000   1.000000000   0.000000000   0.000000000   0.000000000   0.000000000
       0.000000000   0.000000000   0.000000000   0.000000000
    233.000000000   0.000000000   0.000000000   1.000000000   0.000000000   0.000000000   0.000000000
       0.000000000   0.000000000   0.000000000   0.000000000
     58.000000000   0.000000000   0.000000000   0.000000000   1.000000000   0.000000000   0.000000000
       0.000000000   0.000000000   0.000000000   0.000000000
     14.500000000   0.000000000   0.000000000   0.000000000   0.000000000   1.000000000   0.000000000
       0.000000000   0.000000000   0.000000000   0.000000000
      0.018000000   0.000000000   0.000000000   0.000000000   0.000000000   0.000000000   1.000000000
       0.000000000   0.000000000   0.000000000   0.000000000
      4.530000000   0.000000000   0.000000000   0.000000000   0.000000000   0.000000000   0.000000000
       1.000000000   0.000000000   0.000000000   0.000000000
      0.900000000   0.000000000   0.000000000   0.000000000   0.000000000   0.000000000   0.000000000
       0.000000000   1.000000000   0.000000000   0.000000000
      0.230000000   0.000000000   0.000000000   0.000000000   0.000000000   0.000000000   0.000000000
       0.000000000   0.000000000   1.000000000   0.000000000
      0.060000000   0.000000000   0.000000000   0.000000000   0.000000000   0.000000000   0.000000000
       0.000000000   0.000000000   0.000000000   1.000000000
$ P-TYPE FUNCTIONS
    5    5    0
      0.018000000   1.000000000   0.000000000   0.000000000   0.000000000   0.000000000
      4.530000000   0.000000000   1.000000000   0.000000000   0.000000000   0.000000000
      0.900000000   0.000000000   0.000000000   1.000000000   0.000000000   0.000000000
      0.230000000   0.000000000   0.000000000   0.000000000   1.000000000   0.000000000
      0.060000000   0.000000000   0.000000000   0.000000000   0.000000000   1.000000000
$ D-TYPE FUNCTIONS
    4    4    0
      4.530000000   1.000000000   0.000000000   0.000000000   0.000000000
      0.900000000   0.000000000   1.000000000   0.000000000   0.000000000
      0.230000000   0.000000000   0.000000000   1.000000000   0.000000000
      0.060000000   0.000000000   0.000000000   0.000000000   1.000000000
a 21
$ SCANDIUM     (10s,5p,5d)
$ S-TYPE FUNCTIONS
   10   10    0
   7000.000000000   1.000000000   0.000000000   0.000000000   0.000000000   0.000000000   0.000000000
       0.000000000   0.000000000   0.000000000   0.000000000
   1400.000000000   0.000000000   1.000000000   0.000000000   0.000000000   0.000000000   0.000000000
       0.000000000   0.000000000   0.000000000   0.000000000
    350.000000000   0.000000000   0.000000000   1.000000000   0.000000000   0.000000000   0.000000000
       0.000000000   0.000000000   0.000000000   0.000000000
     87.540000000   0.000000000   0.000000000   0.000000000   1.000000000   0.000000000   0.000000000
       0.000000000   0.000000000   0.000000000   0.000000000
     22.000000000   0.000000000   0.000000000   0.000000000   0.000000000   1.000000000   0.000000000
       0.000000000   0.000000000   0.000000000   0.000000000
      6.800000000   0.000000000   0.000000000   0.000000000   0.000000000   0.000000000   1.000000000
       0.000000000   0.000000000   0.000000000   0.000000000
      1.360000000   0.000000000   0.000000000   0.000000000   0.000000000   0.000000000   0.000000000
       1.000000000   0.000000000   0.000000000   0.000000000
      0.340000000   0.000000000   0.000000000   0.000000000   0.000000000   0.000000000   0.000000000
       0.000000000   1.000000000   0.000000000   0.000000000
      0.085000000   0.000000000   0.000000000   0.000000000   0.000000000   0.000000000   0.000000000
       0.000000000   0.000000000   1.000000000   0.000000000
      0.021000000   0.000000000   0.000000000   0.000000000   0.000000000   0.000000000   0.000000000
       0.000000000   0.000000000   0.000000000   1.000000000
$ P-TYPE FUNCTIONS
    5    5    0
      6.800000000   1.000000000   0.000000000   0.000000000   0.000000000   0.000000000
      1.360000000   0.000000000   1.000000000   0.000000000   0.000000000   0.000000000
      0.340000000   0.000000000   0.000000000   1.000000000   0.000000000   0.000000000
      0.085000000   0.000000000   0.000000000   0.000000000   1.000000000   0.000000000
      0.021000000   0.000000000   0.000000000   0.000000000   0.000000000   1.000000000
$ D-TYPE FUNCTIONS
    5    5    0
     68.000000000   1.000000000   0.000000000   0.000000000   0.000000000   0.000000000
      1.360000000   0.000000000   1.000000000   0.000000000   0.000000000   0.000000000
      3.400000000   0.000000000   0.000000000   1.000000000   0.000000000   0.000000000
      0.085000000   0.000000000   0.000000000   0.000000000   1.000000000   0.000000000
      0.021000000   0.000000000   0.000000000   0.000000000   0.000000000   1.000000000
a 22
$ TITANIUM     (10s,5p,5d)
$ S-TYPE FUNCTIONS
   10   10    0
   9300.000000000   1.000000000   0.000000000   0.000000000   0.000000000   0.000000000   0.000000000
       0.000000000   0.000000000   0.000000000   0.000000000
   1800.000000000   0.000000000   1.000000000   0.000000000   0.000000000   0.000000000   0.000000000
       0.000000000   0.000000000   0.000000000   0.000000000
    460.000000000   0.000000000   0.000000000   1.000000000   0.000000000   0.000000000   0.000000000
       0.000000000   0.000000000   0.000000000   0.000000000
    115.000000000   0.000000000   0.000000000   0.000000000   1.000000000   0.000000000   0.000000000
       0.000000000   0.000000000   0.000000000   0.000000000
     29.000000000   0.000000000   0.000000000   0.000000000   0.000000000   1.000000000   0.000000000
       0.000000000   0.000000000   0.000000000   0.000000000
      9.000000000   0.000000000   0.000000000   0.000000000   0.000000000   0.000000000   1.000000000
       0.000000000   0.000000000   0.000000000   0.000000000
      1.810000000   0.000000000   0.000000000   0.000000000   0.000000000   0.000000000   0.000000000
       1.000000000   0.000000000   0.000000000   0.000000000
      0.450000000   0.000000000   0.000000000   0.000000000   0.000000000   0.000000000   0.000000000
       0.000000000   1.000000000   0.000000000   0.000000000
      0.110000000   0.000000000   0.000000000   0.000000000   0.000000000   0.000000000   0.000000000
       0.000000000   0.000000000   1.000000000   0.000000000
      0.028000000   0.000000000   0.000000000   0.000000000   0.000000000   0.000000000   0.000000000
       0.000000000   0.000000000   0.000000000   1.000000000
$ P-TYPE FUNCTIONS
    5    5    0
      9.000000000   1.000000000   0.000000000   0.000000000   0.000000000   0.000000000
      1.810000000   0.000000000   1.000000000   0.000000000   0.000000000   0.000000000
      0.450000000   0.000000000   0.000000000   1.000000000   0.000000000   0.000000000
      0.110000000   0.000000000   0.000000000   0.000000000   1.000000000   0.000000000
      0.028000000   0.000000000   0.000000000   0.000000000   0.000000000   1.000000000
$ D-TYPE FUNCTIONS
    5    5    0
      9.000000000   1.000000000   0.000000000   0.000000000   0.000000000   0.000000000
      1.810000000   0.000000000   1.000000000   0.000000000   0.000000000   0.000000000
      0.450000000   0.000000000   0.000000000   1.000000000   0.000000000   0.000000000
      0.110000000   0.000000000   0.000000000   0.000000000   1.000000000   0.000000000
      0.028000000   0.000000000   0.000000000   0.000000000   0.000000000   1.000000000
a 23
$ VANADIUM     (10s,5p,5d)
$ S-TYPE FUNCTIONS
   10   10    0
  11000.000000000   1.000000000   0.000000000   0.000000000   0.000000000   0.000000000   0.000000000
       0.000000000   0.000000000   0.000000000   0.000000000
   2200.000000000   0.000000000   1.000000000   0.000000000   0.000000000   0.000000000   0.000000000
       0.000000000   0.000000000   0.000000000   0.000000000
    550.000000000   0.000000000   0.000000000   1.000000000   0.000000000   0.000000000   0.000000000
       0.000000000   0.000000000   0.000000000   0.000000000
    137.000000000   0.000000000   0.000000000   0.000000000   1.000000000   0.000000000   0.000000000
       0.000000000   0.000000000   0.000000000   0.000000000
     35.000000000   0.000000000   0.000000000   0.000000000   0.000000000   1.000000000   0.000000000
       0.000000000   0.000000000   0.000000000   0.000000000
     11.000000000   0.000000000   0.000000000   0.000000000   0.000000000   0.000000000   1.000000000
       0.000000000   0.000000000   0.000000000   0.000000000
      2.150000000   0.000000000   0.000000000   0.000000000   0.000000000   0.000000000   0.000000000
       1.000000000   0.000000000   0.000000000   0.000000000
      0.540000000   0.000000000   0.000000000   0.000000000   0.000000000   0.000000000   0.000000000
       0.000000000   1.000000000   0.000000000   0.000000000
      0.130000000   0.000000000   0.000000000   0.000000000   0.000000000   0.000000000   0.000000000
       0.000000000   0.000000000   1.000000000   0.000000000
      0.033000000   0.000000000   0.000000000   0.000000000   0.000000000   0.000000000   0.000000000
       0.000000000   0.000000000   0.000000000   1.000000000
$ P-TYPE FUNCTIONS
    5    5    0
     11.000000000   1.000000000   0.000000000   0.000000000   0.000000000   0.000000000
      2.150000000   0.000000000   1.000000000   0.000000000   0.000000000   0.000000000
      0.540000000   0.000000000   0.000000000   1.000000000   0.000000000   0.000000000
      0.130000000   0.000000000   0.000000000   0.000000000   1.000000000   0.000000000
      0.033000000   0.000000000   0.000000000   0.000000000   0.000000000   1.000000000
$ D-TYPE FUNCTIONS
    5    5    0
     11.000000000   1.000000000   0.000000000   0.000000000   0.000000000   0.000000000
      2.150000000   0.000000000   1.000000000   0.000000000   0.000000000   0.000000000
      0.540000000   0.000000000   0.000000000   1.000000000   0.000000000   0.000000000
      0.130000000   0.000000000   0.000000000   0.000000000   1.000000000   0.000000000
      0.033000000   0.000000000   0.000000000   0.000000000   0.000000000   1.000000000
a 24
$ CHROMIUM     (10s,5p,5d)
$ S-TYPE FUNCTIONS
   10   10    0
  12300.000000000   1.000000000   0.000000000   0.000000000   0.000000000   0.000000000   0.000000000
       0.000000000   0.000000000   0.000000000   0.000000000
   2460.000000000   0.000000000   1.000000000   0.000000000   0.000000000   0.000000000   0.000000000
       0.000000000   0.000000000   0.000000000   0.000000000
    616.000000000   0.000000000   0.000000000   1.000000000   0.000000000   0.000000000   0.000000000
       0.000000000   0.000000000   0.000000000   0.000000000
    154.000000000   0.000000000   0.000000000   0.000000000   1.000000000   0.000000000   0.000000000
       0.000000000   0.000000000   0.000000000   0.000000000
     38.500000000   0.000000000   0.000000000   0.000000000   0.000000000   1.000000000   0.000000000
       0.000000000   0.000000000   0.000000000   0.000000000
     12.300000000   0.000000000   0.000000000   0.000000000   0.000000000   0.000000000   1.000000000
       0.000000000   0.000000000   0.000000000   0.000000000
      2.450000000   0.000000000   0.000000000   0.000000000   0.000000000   0.000000000   0.000000000
       1.000000000   0.000000000   0.000000000   0.000000000
      0.610000000   0.000000000   0.000000000   0.000000000   0.000000000   0.000000000   0.000000000
       0.000000000   1.000000000   0.000000000   0.000000000
      0.150000000   0.000000000   0.000000000   0.000000000   0.000000000   0.000000000   0.000000000
       0.000000000   0.000000000   1.000000000   0.000000000
      0.040000000   0.000000000   0.000000000   0.000000000   0.000000000   0.000000000   0.000000000
       0.000000000   0.000000000   0.000000000   1.000000000
$ P-TYPE FUNCTIONS
    5    5    0
     12.300000000   1.000000000   0.000000000   0.000000000   0.000000000   0.000000000
      2.450000000   0.000000000   1.000000000   0.000000000   0.000000000   0.000000000
      0.610000000   0.000000000   0.000000000   1.000000000   0.000000000   0.000000000
      0.150000000   0.000000000   0.000000000   0.000000000   1.000000000   0.000000000
      0.040000000   0.000000000   0.000000000   0.000000000   0.000000000   1.000000000
$ D-TYPE FUNCTIONS
    5    5    0
     12.300000000   1.000000000   0.000000000   0.000000000   0.000000000   0.000000000
      2.450000000   0.000000000   1.000000000   0.000000000   0.000000000   0.000000000
      0.610000000   0.000000000   0.000000000   1.000000000   0.000000000   0.000000000
      0.150000000   0.000000000   0.000000000   0.000000000   1.000000000   0.000000000
      0.040000000   0.000000000   0.000000000   0.000000000   0.000000000   1.000000000
a 25
$ MANGANESE    (10s,5p,5d)
$ S-TYPE FUNCTIONS
   10   10    0
  13600.000000000   1.000000000   0.000000000   0.000000000   0.000000000   0.000000000   0.000000000
       0.000000000   0.000000000   0.000000000   0.000000000
   2730.000000000   0.000000000   1.000000000   0.000000000   0.000000000   0.000000000   0.000000000
       0.000000000   0.000000000   0.000000000   0.000000000
    683.000000000   0.000000000   0.000000000   1.000000000   0.000000000   0.000000000   0.000000000
       0.000000000   0.000000000   0.000000000   0.000000000
    170.000000000   0.000000000   0.000000000   0.000000000   1.000000000   0.000000000   0.000000000
       0.000000000   0.000000000   0.000000000   0.000000000
     42.000000000   0.000000000   0.000000000   0.000000000   0.000000000   1.000000000   0.000000000
       0.000000000   0.000000000   0.000000000   0.000000000
     13.300000000   0.000000000   0.000000000   0.000000000   0.000000000   0.000000000   1.000000000
       0.000000000   0.000000000   0.000000000   0.000000000
      2.700000000   0.000000000   0.000000000   0.000000000   0.000000000   0.000000000   0.000000000
       1.000000000   0.000000000   0.000000000   0.000000000
      0.660000000   0.000000000   0.000000000   0.000000000   0.000000000   0.000000000   0.000000000
       0.000000000   1.000000000   0.000000000   0.000000000
      0.170000000   0.000000000   0.000000000   0.000000000   0.000000000   0.000000000   0.000000000
       0.000000000   0.000000000   1.000000000   0.000000000
      0.041000000   0.000000000   0.000000000   0.000000000   0.000000000   0.000000000   0.000000000
       0.000000000   0.000000000   0.000000000   1.000000000
$ P-TYPE FUNCTIONS
    5    5    0
     13.300000000   1.000000000   0.000000000   0.000000000   0.000000000   0.000000000
      2.700000000   0.000000000   1.000000000   0.000000000   0.000000000   0.000000000
      0.660000000   0.000000000   0.000000000   1.000000000   0.000000000   0.000000000
      0.170000000   0.000000000   0.000000000   0.000000000   1.000000000   0.000000000
      0.041000000   0.000000000   0.000000000   0.000000000   0.000000000   1.000000000
$ D-TYPE FUNCTIONS
    5    5    0
     13.300000000   1.000000000   0.000000000   0.000000000   0.000000000   0.000000000
      2.700000000   0.000000000   1.000000000   0.000000000   0.000000000   0.000000000
      0.660000000   0.000000000   0.000000000   1.000000000   0.000000000   0.000000000
      0.170000000   0.000000000   0.000000000   0.000000000   1.000000000   0.000000000
      0.041000000   0.000000000   0.000000000   0.000000000   0.000000000   1.000000000
a 26
$ IRON         (10s,5p,5d)
$ S-TYPE FUNCTIONS
   10   10    0
  14700.000000000   1.000000000   0.000000000   0.000000000   0.000000000   0.000000000   0.000000000
       0.000000000   0.000000000   0.000000000   0.000000000
   2930.000000000   0.000000000   1.000000000   0.000000000   0.000000000   0.000000000   0.000000000
       0.000000000   0.000000000   0.000000000   0.000000000
    730.000000000   0.000000000   0.000000000   1.000000000   0.000000000   0.000000000   0.000000000
       0.000000000   0.000000000   0.000000000   0.000000000
    180.000000000   0.000000000   0.000000000   0.000000000   1.000000000   0.000000000   0.000000000
       0.000000000   0.000000000   0.000000000   0.000000000
     46.000000000   0.000000000   0.000000000   0.000000000   0.000000000   1.000000000   0.000000000
       0.000000000   0.000000000   0.000000000   0.000000000
     14.400000000   0.000000000   0.000000000   0.000000000   0.000000000   0.000000000   1.000000000
       0.000000000   0.000000000   0.000000000   0.000000000
      2.900000000   0.000000000   0.000000000   0.000000000   0.000000000   0.000000000   0.000000000
       1.000000000   0.000000000   0.000000000   0.000000000
      0.720000000   0.000000000   0.000000000   0.000000000   0.000000000   0.000000000   0.000000000
       0.000000000   1.000000000   0.000000000   0.000000000
      0.180000000   0.000000000   0.000000000   0.000000000   0.000000000   0.000000000   0.000000000
       0.000000000   0.000000000   1.000000000   0.000000000
      0.045000000   0.000000000   0.000000000   0.000000000   0.000000000   0.000000000   0.000000000
       0.000000000   0.000000000   0.000000000   1.000000000
$ P-TYPE FUNCTIONS
    5    5    0
     14.400000000   1.000000000   0.000000000   0.000000000   0.000000000   0.000000000
      2.900000000   0.000000000   1.000000000   0.000000000   0.000000000   0.000000000
      0.720000000   0.000000000   0.000000000   1.000000000   0.000000000   0.000000000
      0.180000000   0.000000000   0.000000000   0.000000000   1.000000000   0.000000000
      0.045000000   0.000000000   0.000000000   0.000000000   0.000000000   1.000000000
$ D-TYPE FUNCTIONS
    5    5    0
     14.400000000   1.000000000   0.000000000   0.000000000   0.000000000   0.000000000
      2.900000000   0.000000000   1.000000000   0.000000000   0.000000000   0.000000000
      0.720000000   0.000000000   0.000000000   1.000000000   0.000000000   0.000000000
      0.180000000   0.000000000   0.000000000   0.000000000   1.000000000   0.000000000
      0.045000000   0.000000000   0.000000000   0.000000000   0.000000000   1.000000000
a 27
$ COBALT       (10s,5p,5d)
$ S-TYPE FUNCTIONS
   10   10    0
  15700.000000000   1.000000000   0.000000000   0.000000000   0.000000000   0.000000000   0.000000000
       0.000000000   0.000000000   0.000000000   0.000000000
   3130.000000000   0.000000000   1.000000000   0.000000000   0.000000000   0.000000000   0.000000000
       0.000000000   0.000000000   0.000000000   0.000000000
    783.000000000   0.000000000   0.000000000   1.000000000   0.000000000   0.000000000   0.000000000
       0.000000000   0.000000000   0.000000000   0.000000000
    195.000000000   0.000000000   0.000000000   0.000000000   1.000000000   0.000000000   0.000000000
       0.000000000   0.000000000   0.000000000   0.000000000
     49.000000000   0.000000000   0.000000000   0.000000000   0.000000000   1.000000000   0.000000000
       0.000000000   0.000000000   0.000000000   0.000000000
     15.300000000   0.000000000   0.000000000   0.000000000   0.000000000   0.000000000   1.000000000
       0.000000000   0.000000000   0.000000000   0.000000000
      3.060000000   0.000000000   0.000000000   0.000000000   0.000000000   0.000000000   0.000000000
       1.000000000   0.000000000   0.000000000   0.000000000
      0.760000000   0.000000000   0.000000000   0.000000000   0.000000000   0.000000000   0.000000000
       0.000000000   1.000000000   0.000000000   0.000000000
      0.190000000   0.000000000   0.000000000   0.000000000   0.000000000   0.000000000   0.000000000
       0.000000000   0.000000000   1.000000000   0.000000000
      0.048000000   0.000000000   0.000000000   0.000000000   0.000000000   0.000000000   0.000000000
       0.000000000   0.000000000   0.000000000   1.000000000
$ P-TYPE FUNCTIONS
    5    5    0
     15.300000000   1.000000000   0.000000000   0.000000000   0.000000000   0.000000000
      3.060000000   0.000000000   1.000000000   0.000000000   0.000000000   0.000000000
      0.760000000   0.000000000   0.000000000   1.000000000   0.000000000   0.000000000
      0.190000000   0.000000000   0.000000000   0.000000000   1.000000000   0.000000000
      0.048000000   0.000000000   0.000000000   0.000000000   0.000000000   1.000000000
$ D-TYPE FUNCTIONS
    5    5    0
     15.300000000   1.000000000   0.000000000   0.000000000   0.000000000   0.000000000
      3.060000000   0.000000000   1.000000000   0.000000000   0.000000000   0.000000000
      0.760000000   0.000000000   0.000000000   1.000000000   0.000000000   0.000000000
      0.190000000   0.000000000   0.000000000   0.000000000   1.000000000   0.000000000
      0.048000000   0.000000000   0.000000000   0.000000000   0.000000000   1.000000000
a 28
$ NICKEL       (10s,5p,5d)
$ S-TYPE FUNCTIONS
   10   10    0
  16600.000000000   1.000000000   0.000000000   0.000000000   0.000000000   0.000000000   0.000000000
       0.000000000   0.000000000   0.000000000   0.000000000
   3330.000000000   0.000000000   1.000000000   0.000000000   0.000000000   0.000000000   0.000000000
       0.000000000   0.000000000   0.000000000   0.000000000
    833.000000000   0.000000000   0.000000000   1.000000000   0.000000000   0.000000000   0.000000000
       0.000000000   0.000000000   0.000000000   0.000000000
    208.000000000   0.000000000   0.000000000   0.000000000   1.000000000   0.000000000   0.000000000
       0.000000000   0.000000000   0.000000000   0.000000000
     52.500000000   0.000000000   0.000000000   0.000000000   0.000000000   1.000000000   0.000000000
       0.000000000   0.000000000   0.000000000   0.000000000
     16.000000000   0.000000000   0.000000000   0.000000000   0.000000000   0.000000000   1.000000000
       0.000000000   0.000000000   0.000000000   0.000000000
      3.230000000   0.000000000   0.000000000   0.000000000   0.000000000   0.000000000   0.000000000
       1.000000000   0.000000000   0.000000000   0.000000000
      0.800000000   0.000000000   0.000000000   0.000000000   0.000000000   0.000000000   0.000000000
       0.000000000   1.000000000   0.000000000   0.000000000
      0.200000000   0.000000000   0.000000000   0.000000000   0.000000000   0.000000000   0.000000000
       0.000000000   0.000000000   1.000000000   0.000000000
      0.051000000   0.000000000   0.000000000   0.000000000   0.000000000   0.000000000   0.000000000
       0.000000000   0.000000000   0.000000000   1.000000000
$ P-TYPE FUNCTIONS
    5    5    0
     16.000000000   1.000000000   0.000000000   0.000000000   0.000000000   0.000000000
      3.230000000   0.000000000   1.000000000   0.000000000   0.000000000   0.000000000
      0.800000000   0.000000000   0.000000000   1.000000000   0.000000000   0.000000000
      0.200000000   0.000000000   0.000000000   0.000000000   1.000000000   0.000000000
      0.051000000   0.000000000   0.000000000   0.000000000   0.000000000   1.000000000
$ D-TYPE FUNCTIONS
    5    5    0
     16.000000000   1.000000000   0.000000000   0.000000000   0.000000000   0.000000000
      3.230000000   0.000000000   1.000000000   0.000000000   0.000000000   0.000000000
      0.800000000   0.000000000   0.000000000   1.000000000   0.000000000   0.000000000
      0.200000000   0.000000000   0.000000000   0.000000000   1.000000000   0.000000000
      0.051000000   0.000000000   0.000000000   0.000000000   0.000000000   1.000000000
a 29
$ COPPER       (10s,5p,5d)
$ S-TYPE FUNCTIONS
   10   10    0
  17700.000000000   1.000000000   0.000000000   0.000000000   0.000000000   0.000000000   0.000000000
       0.000000000   0.000000000   0.000000000   0.000000000
   3530.000000000   0.000000000   1.000000000   0.000000000   0.000000000   0.000000000   0.000000000
       0.000000000   0.000000000   0.000000000   0.000000000
    880.000000000   0.000000000   0.000000000   1.000000000   0.000000000   0.000000000   0.000000000
       0.000000000   0.000000000   0.000000000   0.000000000
    220.000000000   0.000000000   0.000000000   0.000000000   1.000000000   0.000000000   0.000000000
       0.000000000   0.000000000   0.000000000   0.000000000
     55.000000000   0.000000000   0.000000000   0.000000000   0.000000000   1.000000000   0.000000000
       0.000000000   0.000000000   0.000000000   0.000000000
     17.000000000   0.000000000   0.000000000   0.000000000   0.000000000   0.000000000   1.000000000
       0.000000000   0.000000000   0.000000000   0.000000000
      3.430000000   0.000000000   0.000000000   0.000000000   0.000000000   0.000000000   0.000000000
       1.000000000   0.000000000   0.000000000   0.000000000
      0.860000000   0.000000000   0.000000000   0.000000000   0.000000000   0.000000000   0.000000000
       0.000000000   1.000000000   0.000000000   0.000000000
      0.213000000   0.000000000   0.000000000   0.000000000   0.000000000   0.000000000   0.000000000
       0.000000000   0.000000000   1.000000000   0.000000000
      0.053000000   0.000000000   0.000000000   0.000000000   0.000000000   0.000000000   0.000000000
       0.000000000   0.000000000   0.000000000   1.000000000
$ P-TYPE FUNCTIONS
    5    5    0
     17.000000000   1.000000000   0.000000000   0.000000000   0.000000000   0.000000000
      3.430000000   0.000000000   1.000000000   0.000000000   0.000000000   0.000000000
      0.860000000   0.000000000   0.000000000   1.000000000   0.000000000   0.000000000
      0.213000000   0.000000000   0.000000000   0.000000000   1.000000000   0.000000000
      0.053000000   0.000000000   0.000000000   0.000000000   0.000000000   1.000000000
$ D-TYPE FUNCTIONS
    5    5    0
     17.000000000   1.000000000   0.000000000   0.000000000   0.000000000   0.000000000
      3.430000000   0.000000000   1.000000000   0.000000000   0.000000000   0.000000000
      0.860000000   0.000000000   0.000000000   1.000000000   0.000000000   0.000000000
      0.213000000   0.000000000   0.000000000   0.000000000   1.000000000   0.000000000
      0.053000000   0.000000000   0.000000000   0.000000000   0.000000000   1.000000000
a 30
$ ZINC         (10s,5p,5d)
$ S-TYPE FUNCTIONS
   10   10    0
  25200.000000000   1.000000000   0.000000000   0.000000000   0.000000000   0.000000000   0.000000000
       0.000000000   0.000000000   0.000000000   0.000000000
   5030.000000000   0.000000000   1.000000000   0.000000000   0.000000000   0.000000000   0.000000000
       0.000000000   0.000000000   0.000000000   0.000000000
   1266.000000000   0.000000000   0.000000000   1.000000000   0.000000000   0.000000000   0.000000000
       0.000000000   0.000000000   0.000000000   0.000000000
    315.000000000   0.000000000   0.000000000   0.000000000   1.000000000   0.000000000   0.000000000
       0.000000000   0.000000000   0.000000000   0.000000000
     78.700000000   0.000000000   0.000000000   0.000000000   0.000000000   1.000000000   0.000000000
       0.000000000   0.000000000   0.000000000   0.000000000
     24.600000000   0.000000000   0.000000000   0.000000000   0.000000000   0.000000000   1.000000000
       0.000000000   0.000000000   0.000000000   0.000000000
      4.900000000   0.000000000   0.000000000   0.000000000   0.000000000   0.000000000   0.000000000
       1.000000000   0.000000000   0.000000000   0.000000000
      1.230000000   0.000000000   0.000000000   0.000000000   0.000000000   0.000000000   0.000000000
       0.000000000   1.000000000   0.000000000   0.000000000
      0.307000000   0.000000000   0.000000000   0.000000000   0.000000000   0.000000000   0.000000000
       0.000000000   0.000000000   1.000000000   0.000000000
      0.077000000   0.000000000   0.000000000   0.000000000   0.000000000   0.000000000   0.000000000
       0.000000000   0.000000000   0.000000000   1.000000000
$ P-TYPE FUNCTIONS
    5    5    0
     24.600000000   1.000000000   0.000000000   0.000000000   0.000000000   0.000000000
      4.900000000   0.000000000   1.000000000   0.000000000   0.000000000   0.000000000
      1.230000000   0.000000000   0.000000000   1.000000000   0.000000000   0.000000000
      0.307000000   0.000000000   0.000000000   0.000000000   1.000000000   0.000000000
      0.077000000   0.000000000   0.000000000   0.000000000   0.000000000   1.000000000
$ D-TYPE FUNCTIONS
    5    5    0
     24.600000000   1.000000000   0.000000000   0.000000000   0.000000000   0.000000000
      4.900000000   0.000000000   1.000000000   0.000000000   0.000000000   0.000000000
      1.230000000   0.000000000   0.000000000   1.000000000   0.000000000   0.000000000
      0.307000000   0.000000000   0.000000000   0.000000000   1.000000000   0.000000000
      0.077000000   0.000000000   0.000000000   0.000000000   0.000000000   1.000000000


