$ Basis =DGauss A2 DFT Coulomb Fitting

$Elements                             References
$--------                             ----------
$H - Xe: N. Godbout, D. R. Salahub, J. Andzelm, and E. Wimmer, Can. J. Chem. 70,
$
$        560 (1992). DGauss basis sets provided courtesy of Cray Research, Inc.
$
a 1
$ HYDROGEN     (4s,1p,1d)
$ S-TYPE FUNCTIONS
    4    4    0
     45.000000000   1.000000000   0.000000000   0.000000000   0.000000000
      7.500000000   0.000000000   1.000000000   0.000000000   0.000000000
      0.300000000   0.000000000   0.000000000   1.000000000   0.000000000
      1.500000000   0.000000000   0.000000000   0.000000000   1.000000000
$ P-TYPE FUNCTIONS
    1    1    0
      1.500000000   1.000000000
$ D-TYPE FUNCTIONS
    1    1    0
      1.500000000   1.000000000
a 2
$ HELIUM       (4s,1p,1d)
$ S-TYPE FUNCTIONS
    4    4    0
     54.000000000   1.000000000   0.000000000   0.000000000   0.000000000
      9.000000000   0.000000000   1.000000000   0.000000000   0.000000000
      0.360000000   0.000000000   0.000000000   1.000000000   0.000000000
      1.800000000   0.000000000   0.000000000   0.000000000   1.000000000
$ P-TYPE FUNCTIONS
    1    1    0
      1.800000000   1.000000000
$ D-TYPE FUNCTIONS
    1    1    0
      1.800000000   1.000000000
a 3
$ LITHIUM      (7s,2p,1d)
$ S-TYPE FUNCTIONS
    7    7    0
    256.000000000   1.000000000   0.000000000   0.000000000   0.000000000   0.000000000   0.000000000
       0.000000000
     51.200000000   0.000000000   1.000000000   0.000000000   0.000000000   0.000000000   0.000000000
       0.000000000
     12.800000000   0.000000000   0.000000000   1.000000000   0.000000000   0.000000000   0.000000000
       0.000000000
      3.200000000   0.000000000   0.000000000   0.000000000   1.000000000   0.000000000   0.000000000
       0.000000000
      0.800000000   0.000000000   0.000000000   0.000000000   0.000000000   1.000000000   0.000000000
       0.000000000
      0.050000000   0.000000000   0.000000000   0.000000000   0.000000000   0.000000000   1.000000000
       0.000000000
      0.200000000   0.000000000   0.000000000   0.000000000   0.000000000   0.000000000   0.000000000
       1.000000000
$ P-TYPE FUNCTIONS
    2    2    0
      0.500000000   1.000000000   0.000000000
      0.200000000   0.000000000   1.000000000
$ D-TYPE FUNCTIONS
    1    1    0
      0.200000000   1.000000000
a 4
$ BERYLLIUM    (7s,2p,1d)
$ S-TYPE FUNCTIONS
    7    7    0
    512.000000000   1.000000000   0.000000000   0.000000000   0.000000000   0.000000000   0.000000000
       0.000000000
    103.000000000   0.000000000   1.000000000   0.000000000   0.000000000   0.000000000   0.000000000
       0.000000000
     25.600000000   0.000000000   0.000000000   1.000000000   0.000000000   0.000000000   0.000000000
       0.000000000
      6.400000000   0.000000000   0.000000000   0.000000000   1.000000000   0.000000000   0.000000000
       0.000000000
      1.600000000   0.000000000   0.000000000   0.000000000   0.000000000   1.000000000   0.000000000
       0.000000000
      0.110000000   0.000000000   0.000000000   0.000000000   0.000000000   0.000000000   1.000000000
       0.000000000
      0.400000000   0.000000000   0.000000000   0.000000000   0.000000000   0.000000000   0.000000000
       1.000000000
$ P-TYPE FUNCTIONS
    2    2    0
      0.110000000   1.000000000   0.000000000
      0.400000000   0.000000000   1.000000000
$ D-TYPE FUNCTIONS
    1    1    0
      0.400000000   1.000000000
a 5
$ BORON        (8s,4p,4d)
$ S-TYPE FUNCTIONS
    8    8    0
    992.000000000   1.000000000   0.000000000   0.000000000   0.000000000   0.000000000   0.000000000
       0.000000000   0.000000000
    220.000000000   0.000000000   1.000000000   0.000000000   0.000000000   0.000000000   0.000000000
       0.000000000   0.000000000
     63.040000000   0.000000000   0.000000000   1.000000000   0.000000000   0.000000000   0.000000000
       0.000000000   0.000000000
     18.000000000   0.000000000   0.000000000   0.000000000   1.000000000   0.000000000   0.000000000
       0.000000000   0.000000000
      6.620000000   0.000000000   0.000000000   0.000000000   0.000000000   1.000000000   0.000000000
       0.000000000   0.000000000
      1.470000000   0.000000000   0.000000000   0.000000000   0.000000000   0.000000000   1.000000000
       0.000000000   0.000000000
      0.420000000   0.000000000   0.000000000   0.000000000   0.000000000   0.000000000   0.000000000
       1.000000000   0.000000000
      0.120000000   0.000000000   0.000000000   0.000000000   0.000000000   0.000000000   0.000000000
       0.000000000   1.000000000
$ P-TYPE FUNCTIONS
    4    4    0
      6.620000000   1.000000000   0.000000000   0.000000000   0.000000000
      1.470000000   0.000000000   1.000000000   0.000000000   0.000000000
      0.420000000   0.000000000   0.000000000   1.000000000   0.000000000
      0.120000000   0.000000000   0.000000000   0.000000000   1.000000000
$ D-TYPE FUNCTIONS
    4    4    0
      6.620000000   1.000000000   0.000000000   0.000000000   0.000000000
      1.470000000   0.000000000   1.000000000   0.000000000   0.000000000
      0.420000000   0.000000000   0.000000000   1.000000000   0.000000000
      0.120000000   0.000000000   0.000000000   0.000000000   1.000000000
a 6
$ CARBON       (8s,4p,4d)
$ S-TYPE FUNCTIONS
    8    8    0
   1500.000000000   1.000000000   0.000000000   0.000000000   0.000000000   0.000000000   0.000000000
       0.000000000   0.000000000
    330.000000000   0.000000000   1.000000000   0.000000000   0.000000000   0.000000000   0.000000000
       0.000000000   0.000000000
     94.320000000   0.000000000   0.000000000   1.000000000   0.000000000   0.000000000   0.000000000
       0.000000000   0.000000000
     27.000000000   0.000000000   0.000000000   0.000000000   1.000000000   0.000000000   0.000000000
       0.000000000   0.000000000
      9.920000000   0.000000000   0.000000000   0.000000000   0.000000000   1.000000000   0.000000000
       0.000000000   0.000000000
      2.200000000   0.000000000   0.000000000   0.000000000   0.000000000   0.000000000   1.000000000
       0.000000000   0.000000000
      0.630000000   0.000000000   0.000000000   0.000000000   0.000000000   0.000000000   0.000000000
       1.000000000   0.000000000
      0.180000000   0.000000000   0.000000000   0.000000000   0.000000000   0.000000000   0.000000000
       0.000000000   1.000000000
$ P-TYPE FUNCTIONS
    4    4    0
      9.920000000   1.000000000   0.000000000   0.000000000   0.000000000
      2.200000000   0.000000000   1.000000000   0.000000000   0.000000000
      0.630000000   0.000000000   0.000000000   1.000000000   0.000000000
      0.180000000   0.000000000   0.000000000   0.000000000   1.000000000
$ D-TYPE FUNCTIONS
    4    4    0
      9.920000000   1.000000000   0.000000000   0.000000000   0.000000000
      2.200000000   0.000000000   1.000000000   0.000000000   0.000000000
      0.630000000   0.000000000   0.000000000   1.000000000   0.000000000
      0.180000000   0.000000000   0.000000000   0.000000000   1.000000000
a 7
$ NITROGEN     (8s,4p,4d)
$ S-TYPE FUNCTIONS
    8    8    0
   2066.000000000   1.000000000   0.000000000   0.000000000   0.000000000   0.000000000   0.000000000
       0.000000000   0.000000000
    459.000000000   0.000000000   1.000000000   0.000000000   0.000000000   0.000000000   0.000000000
       0.000000000   0.000000000
    131.000000000   0.000000000   0.000000000   1.000000000   0.000000000   0.000000000   0.000000000
       0.000000000   0.000000000
     37.500000000   0.000000000   0.000000000   0.000000000   1.000000000   0.000000000   0.000000000
       0.000000000   0.000000000
     13.800000000   0.000000000   0.000000000   0.000000000   0.000000000   1.000000000   0.000000000
       0.000000000   0.000000000
      3.060000000   0.000000000   0.000000000   0.000000000   0.000000000   0.000000000   1.000000000
       0.000000000   0.000000000
      0.880000000   0.000000000   0.000000000   0.000000000   0.000000000   0.000000000   0.000000000
       1.000000000   0.000000000
      0.250000000   0.000000000   0.000000000   0.000000000   0.000000000   0.000000000   0.000000000
       0.000000000   1.000000000
$ P-TYPE FUNCTIONS
    4    4    0
     13.800000000   1.000000000   0.000000000   0.000000000   0.000000000
      3.060000000   0.000000000   1.000000000   0.000000000   0.000000000
      0.880000000   0.000000000   0.000000000   1.000000000   0.000000000
      0.250000000   0.000000000   0.000000000   0.000000000   1.000000000
$ D-TYPE FUNCTIONS
    4    4    0
     13.800000000   1.000000000   0.000000000   0.000000000   0.000000000
      3.060000000   0.000000000   1.000000000   0.000000000   0.000000000
      0.880000000   0.000000000   0.000000000   1.000000000   0.000000000
      0.250000000   0.000000000   0.000000000   0.000000000   1.000000000
a 8
$ OXYGEN       (8s,4p,4d)
$ S-TYPE FUNCTIONS
    8    8    0
   2566.000000000   1.000000000   0.000000000   0.000000000   0.000000000   0.000000000   0.000000000
       0.000000000   0.000000000
    570.000000000   0.000000000   1.000000000   0.000000000   0.000000000   0.000000000   0.000000000
       0.000000000   0.000000000
    163.000000000   0.000000000   0.000000000   1.000000000   0.000000000   0.000000000   0.000000000
       0.000000000   0.000000000
     46.500000000   0.000000000   0.000000000   0.000000000   1.000000000   0.000000000   0.000000000
       0.000000000   0.000000000
     17.000000000   0.000000000   0.000000000   0.000000000   0.000000000   1.000000000   0.000000000
       0.000000000   0.000000000
      3.800000000   0.000000000   0.000000000   0.000000000   0.000000000   0.000000000   1.000000000
       0.000000000   0.000000000
      1.080000000   0.000000000   0.000000000   0.000000000   0.000000000   0.000000000   0.000000000
       1.000000000   0.000000000
      0.310000000   0.000000000   0.000000000   0.000000000   0.000000000   0.000000000   0.000000000
       0.000000000   1.000000000
$ P-TYPE FUNCTIONS
    4    4    0
     17.000000000   1.000000000   0.000000000   0.000000000   0.000000000
      3.800000000   0.000000000   1.000000000   0.000000000   0.000000000
      1.080000000   0.000000000   0.000000000   1.000000000   0.000000000
      0.310000000   0.000000000   0.000000000   0.000000000   1.000000000
$ D-TYPE FUNCTIONS
    4    4    0
     17.000000000   1.000000000   0.000000000   0.000000000   0.000000000
      3.800000000   0.000000000   1.000000000   0.000000000   0.000000000
      1.080000000   0.000000000   0.000000000   1.000000000   0.000000000
      0.310000000   0.000000000   0.000000000   0.000000000   1.000000000
a 9
$ FLUORINE     (8s,4p,4d)
$ S-TYPE FUNCTIONS
    8    8    0
   3100.000000000   1.000000000   0.000000000   0.000000000   0.000000000   0.000000000   0.000000000
       0.000000000   0.000000000
    690.000000000   0.000000000   1.000000000   0.000000000   0.000000000   0.000000000   0.000000000
       0.000000000   0.000000000
    197.000000000   0.000000000   0.000000000   1.000000000   0.000000000   0.000000000   0.000000000
       0.000000000   0.000000000
     56.300000000   0.000000000   0.000000000   0.000000000   1.000000000   0.000000000   0.000000000
       0.000000000   0.000000000
     21.000000000   0.000000000   0.000000000   0.000000000   0.000000000   1.000000000   0.000000000
       0.000000000   0.000000000
      4.600000000   0.000000000   0.000000000   0.000000000   0.000000000   0.000000000   1.000000000
       0.000000000   0.000000000
      1.330000000   0.000000000   0.000000000   0.000000000   0.000000000   0.000000000   0.000000000
       1.000000000   0.000000000
      0.380000000   0.000000000   0.000000000   0.000000000   0.000000000   0.000000000   0.000000000
       0.000000000   1.000000000
$ P-TYPE FUNCTIONS
    4    4    0
     21.000000000   1.000000000   0.000000000   0.000000000   0.000000000
      4.600000000   0.000000000   1.000000000   0.000000000   0.000000000
      1.330000000   0.000000000   0.000000000   1.000000000   0.000000000
      0.380000000   0.000000000   0.000000000   0.000000000   1.000000000
$ D-TYPE FUNCTIONS
    4    4    0
     21.000000000   1.000000000   0.000000000   0.000000000   0.000000000
      4.600000000   0.000000000   1.000000000   0.000000000   0.000000000
      1.330000000   0.000000000   0.000000000   1.000000000   0.000000000
      0.380000000   0.000000000   0.000000000   0.000000000   1.000000000
a 10
$ NEON         (8s,4p,4d)
$ S-TYPE FUNCTIONS
    8    8    0
   4150.000000000   1.000000000   0.000000000   0.000000000   0.000000000   0.000000000   0.000000000
       0.000000000   0.000000000
    923.000000000   0.000000000   1.000000000   0.000000000   0.000000000   0.000000000   0.000000000
       0.000000000   0.000000000
    264.000000000   0.000000000   0.000000000   1.000000000   0.000000000   0.000000000   0.000000000
       0.000000000   0.000000000
     75.000000000   0.000000000   0.000000000   0.000000000   1.000000000   0.000000000   0.000000000
       0.000000000   0.000000000
     27.500000000   0.000000000   0.000000000   0.000000000   0.000000000   1.000000000   0.000000000
       0.000000000   0.000000000
      6.150000000   0.000000000   0.000000000   0.000000000   0.000000000   0.000000000   1.000000000
       0.000000000   0.000000000
      1.750000000   0.000000000   0.000000000   0.000000000   0.000000000   0.000000000   0.000000000
       1.000000000   0.000000000
      0.500000000   0.000000000   0.000000000   0.000000000   0.000000000   0.000000000   0.000000000
       0.000000000   1.000000000
$ P-TYPE FUNCTIONS
    4    4    0
     27.500000000   1.000000000   0.000000000   0.000000000   0.000000000
      6.150000000   0.000000000   1.000000000   0.000000000   0.000000000
      1.750000000   0.000000000   0.000000000   1.000000000   0.000000000
      0.500000000   0.000000000   0.000000000   0.000000000   1.000000000
$ D-TYPE FUNCTIONS
    4    4    0
     27.500000000   1.000000000   0.000000000   0.000000000   0.000000000
      6.150000000   0.000000000   1.000000000   0.000000000   0.000000000
      1.750000000   0.000000000   0.000000000   1.000000000   0.000000000
      0.500000000   0.000000000   0.000000000   0.000000000   1.000000000
a 11
$ SODIUM       (9s,4p,3d)
$ S-TYPE FUNCTIONS
    9    9    0
   3700.000000000   1.000000000   0.000000000   0.000000000   0.000000000   0.000000000   0.000000000
       0.000000000   0.000000000   0.000000000
    737.000000000   0.000000000   1.000000000   0.000000000   0.000000000   0.000000000   0.000000000
       0.000000000   0.000000000   0.000000000
    184.000000000   0.000000000   0.000000000   1.000000000   0.000000000   0.000000000   0.000000000
       0.000000000   0.000000000   0.000000000
     46.000000000   0.000000000   0.000000000   0.000000000   1.000000000   0.000000000   0.000000000
       0.000000000   0.000000000   0.000000000
     11.500000000   0.000000000   0.000000000   0.000000000   0.000000000   1.000000000   0.000000000
       0.000000000   0.000000000   0.000000000
      0.047000000   0.000000000   0.000000000   0.000000000   0.000000000   0.000000000   1.000000000
       0.000000000   0.000000000   0.000000000
      3.600000000   0.000000000   0.000000000   0.000000000   0.000000000   0.000000000   0.000000000
       1.000000000   0.000000000   0.000000000
      0.720000000   0.000000000   0.000000000   0.000000000   0.000000000   0.000000000   0.000000000
       0.000000000   1.000000000   0.000000000
      0.180000000   0.000000000   0.000000000   0.000000000   0.000000000   0.000000000   0.000000000
       0.000000000   0.000000000   1.000000000
$ P-TYPE FUNCTIONS
    4    4    0
      0.047000000   1.000000000   0.000000000   0.000000000   0.000000000
      3.600000000   0.000000000   1.000000000   0.000000000   0.000000000
      0.720000000   0.000000000   0.000000000   1.000000000   0.000000000
      0.180000000   0.000000000   0.000000000   0.000000000   1.000000000
$ D-TYPE FUNCTIONS
    3    3    0
      3.600000000   1.000000000   0.000000000   0.000000000
      0.720000000   0.000000000   1.000000000   0.000000000
      0.180000000   0.000000000   0.000000000   1.000000000
a 12
$ MAGNESIUM    (9s,4p,3d)
$ S-TYPE FUNCTIONS
    9    9    0
   6140.000000000   1.000000000   0.000000000   0.000000000   0.000000000   0.000000000   0.000000000
       0.000000000   0.000000000   0.000000000
   1220.000000000   0.000000000   1.000000000   0.000000000   0.000000000   0.000000000   0.000000000
       0.000000000   0.000000000   0.000000000
    310.000000000   0.000000000   0.000000000   1.000000000   0.000000000   0.000000000   0.000000000
       0.000000000   0.000000000   0.000000000
     77.000000000   0.000000000   0.000000000   0.000000000   1.000000000   0.000000000   0.000000000
       0.000000000   0.000000000   0.000000000
     19.000000000   0.000000000   0.000000000   0.000000000   0.000000000   1.000000000   0.000000000
       0.000000000   0.000000000   0.000000000
      0.080000000   0.000000000   0.000000000   0.000000000   0.000000000   0.000000000   1.000000000
       0.000000000   0.000000000   0.000000000
      6.000000000   0.000000000   0.000000000   0.000000000   0.000000000   0.000000000   0.000000000
       1.000000000   0.000000000   0.000000000
      1.200000000   0.000000000   0.000000000   0.000000000   0.000000000   0.000000000   0.000000000
       0.000000000   1.000000000   0.000000000
      0.300000000   0.000000000   0.000000000   0.000000000   0.000000000   0.000000000   0.000000000
       0.000000000   0.000000000   1.000000000
$ P-TYPE FUNCTIONS
    4    4    0
      0.080000000   1.000000000   0.000000000   0.000000000   0.000000000
      6.000000000   0.000000000   1.000000000   0.000000000   0.000000000
      1.200000000   0.000000000   0.000000000   1.000000000   0.000000000
      0.300000000   0.000000000   0.000000000   0.000000000   1.000000000
$ D-TYPE FUNCTIONS
    3    3    0
      6.000000000   1.000000000   0.000000000   0.000000000
      1.200000000   0.000000000   1.000000000   0.000000000
      0.300000000   0.000000000   0.000000000   1.000000000
$ ALUMINUM     (9s,4p,4d)
$ S-TYPE FUNCTIONS
    9    9    0
   6861.000000000   1.000000000   0.000000000   0.000000000   0.000000000   0.000000000   0.000000000
       0.000000000   0.000000000   0.000000000
   1372.000000000   0.000000000   1.000000000   0.000000000   0.000000000   0.000000000   0.000000000
       0.000000000   0.000000000   0.000000000
    343.000000000   0.000000000   0.000000000   1.000000000   0.000000000   0.000000000   0.000000000
       0.000000000   0.000000000   0.000000000
     85.800000000   0.000000000   0.000000000   0.000000000   1.000000000   0.000000000   0.000000000
       0.000000000   0.000000000   0.000000000
     21.400000000   0.000000000   0.000000000   0.000000000   0.000000000   1.000000000   0.000000000
       0.000000000   0.000000000   0.000000000
      6.720000000   0.000000000   0.000000000   0.000000000   0.000000000   0.000000000   1.000000000
       0.000000000   0.000000000   0.000000000
      1.340000000   0.000000000   0.000000000   0.000000000   0.000000000   0.000000000   0.000000000
       1.000000000   0.000000000   0.000000000
      0.340000000   0.000000000   0.000000000   0.000000000   0.000000000   0.000000000   0.000000000
       0.000000000   1.000000000   0.000000000
      0.084000000   0.000000000   0.000000000   0.000000000   0.000000000   0.000000000   0.000000000
       0.000000000   0.000000000   1.000000000
$ P-TYPE FUNCTIONS
    4    4    0
      6.720000000   1.000000000   0.000000000   0.000000000   0.000000000
      1.340000000   0.000000000   1.000000000   0.000000000   0.000000000
      0.340000000   0.000000000   0.000000000   1.000000000   0.000000000
      0.084000000   0.000000000   0.000000000   0.000000000   1.000000000
$ D-TYPE FUNCTIONS
    4    4    0
      6.720000000   1.000000000   0.000000000   0.000000000   0.000000000
      1.340000000   0.000000000   1.000000000   0.000000000   0.000000000
      0.340000000   0.000000000   0.000000000   1.000000000   0.000000000
      0.084000000   0.000000000   0.000000000   0.000000000   1.000000000
a 14
$ SILICON      (9s,4p,4d)
$ S-TYPE FUNCTIONS
    9    9    0
   9830.000000000   1.000000000   0.000000000   0.000000000   0.000000000   0.000000000   0.000000000
       0.000000000   0.000000000   0.000000000
   1966.000000000   0.000000000   1.000000000   0.000000000   0.000000000   0.000000000   0.000000000
       0.000000000   0.000000000   0.000000000
    492.000000000   0.000000000   0.000000000   1.000000000   0.000000000   0.000000000   0.000000000
       0.000000000   0.000000000   0.000000000
    123.000000000   0.000000000   0.000000000   0.000000000   1.000000000   0.000000000   0.000000000
       0.000000000   0.000000000   0.000000000
     30.720000000   0.000000000   0.000000000   0.000000000   0.000000000   1.000000000   0.000000000
       0.000000000   0.000000000   0.000000000
      9.600000000   0.000000000   0.000000000   0.000000000   0.000000000   0.000000000   1.000000000
       0.000000000   0.000000000   0.000000000
      1.920000000   0.000000000   0.000000000   0.000000000   0.000000000   0.000000000   0.000000000
       1.000000000   0.000000000   0.000000000
      0.480000000   0.000000000   0.000000000   0.000000000   0.000000000   0.000000000   0.000000000
       0.000000000   1.000000000   0.000000000
      0.120000000   0.000000000   0.000000000   0.000000000   0.000000000   0.000000000   0.000000000
       0.000000000   0.000000000   1.000000000
$ P-TYPE FUNCTIONS
    4    4    0
      9.600000000   1.000000000   0.000000000   0.000000000   0.000000000
      1.920000000   0.000000000   1.000000000   0.000000000   0.000000000
      0.480000000   0.000000000   0.000000000   1.000000000   0.000000000
      0.120000000   0.000000000   0.000000000   0.000000000   1.000000000
$ D-TYPE FUNCTIONS
    4    4    0
      9.600000000   1.000000000   0.000000000   0.000000000   0.000000000
      1.920000000   0.000000000   1.000000000   0.000000000   0.000000000
      0.480000000   0.000000000   0.000000000   1.000000000   0.000000000
      0.120000000   0.000000000   0.000000000   0.000000000   1.000000000
a 15
$ PHOSPHORUS   (9s,4p,4d)
$ S-TYPE FUNCTIONS
    9    9    0
  13107.000000000   1.000000000   0.000000000   0.000000000   0.000000000   0.000000000   0.000000000
       0.000000000   0.000000000   0.000000000
   2621.000000000   0.000000000   1.000000000   0.000000000   0.000000000   0.000000000   0.000000000
       0.000000000   0.000000000   0.000000000
    655.000000000   0.000000000   0.000000000   1.000000000   0.000000000   0.000000000   0.000000000
       0.000000000   0.000000000   0.000000000
    164.000000000   0.000000000   0.000000000   0.000000000   1.000000000   0.000000000   0.000000000
       0.000000000   0.000000000   0.000000000
     41.000000000   0.000000000   0.000000000   0.000000000   0.000000000   1.000000000   0.000000000
       0.000000000   0.000000000   0.000000000
     13.000000000   0.000000000   0.000000000   0.000000000   0.000000000   0.000000000   1.000000000
       0.000000000   0.000000000   0.000000000
      2.600000000   0.000000000   0.000000000   0.000000000   0.000000000   0.000000000   0.000000000
       1.000000000   0.000000000   0.000000000
      0.640000000   0.000000000   0.000000000   0.000000000   0.000000000   0.000000000   0.000000000
       0.000000000   1.000000000   0.000000000
      0.160000000   0.000000000   0.000000000   0.000000000   0.000000000   0.000000000   0.000000000
       0.000000000   0.000000000   1.000000000
$ P-TYPE FUNCTIONS
    4    4    0
     13.000000000   1.000000000   0.000000000   0.000000000   0.000000000
      2.600000000   0.000000000   1.000000000   0.000000000   0.000000000
      0.640000000   0.000000000   0.000000000   1.000000000   0.000000000
      0.160000000   0.000000000   0.000000000   0.000000000   1.000000000
$ D-TYPE FUNCTIONS
    4    4    0
     13.000000000   1.000000000   0.000000000   0.000000000   0.000000000
      2.600000000   0.000000000   1.000000000   0.000000000   0.000000000
      0.640000000   0.000000000   0.000000000   1.000000000   0.000000000
      0.160000000   0.000000000   0.000000000   0.000000000   1.000000000
a 16
$ SULFUR       (9s,4p,4d)
$ S-TYPE FUNCTIONS
    9    9    0
  16384.000000000   1.000000000   0.000000000   0.000000000   0.000000000   0.000000000   0.000000000
       0.000000000   0.000000000   0.000000000
   3277.000000000   0.000000000   1.000000000   0.000000000   0.000000000   0.000000000   0.000000000
       0.000000000   0.000000000   0.000000000
    819.000000000   0.000000000   0.000000000   1.000000000   0.000000000   0.000000000   0.000000000
       0.000000000   0.000000000   0.000000000
    205.000000000   0.000000000   0.000000000   0.000000000   1.000000000   0.000000000   0.000000000
       0.000000000   0.000000000   0.000000000
     51.000000000   0.000000000   0.000000000   0.000000000   0.000000000   1.000000000   0.000000000
       0.000000000   0.000000000   0.000000000
     16.000000000   0.000000000   0.000000000   0.000000000   0.000000000   0.000000000   1.000000000
       0.000000000   0.000000000   0.000000000
      3.200000000   0.000000000   0.000000000   0.000000000   0.000000000   0.000000000   0.000000000
       1.000000000   0.000000000   0.000000000
      0.800000000   0.000000000   0.000000000   0.000000000   0.000000000   0.000000000   0.000000000
       0.000000000   1.000000000   0.000000000
      0.200000000   0.000000000   0.000000000   0.000000000   0.000000000   0.000000000   0.000000000
       0.000000000   0.000000000   1.000000000
$ P-TYPE FUNCTIONS
    4    4    0
     16.000000000   1.000000000   0.000000000   0.000000000   0.000000000
      3.200000000   0.000000000   1.000000000   0.000000000   0.000000000
      0.800000000   0.000000000   0.000000000   1.000000000   0.000000000
      0.200000000   0.000000000   0.000000000   0.000000000   1.000000000
$ D-TYPE FUNCTIONS
    4    4    0
     16.000000000   1.000000000   0.000000000   0.000000000   0.000000000
      3.200000000   0.000000000   1.000000000   0.000000000   0.000000000
      0.800000000   0.000000000   0.000000000   1.000000000   0.000000000
      0.200000000   0.000000000   0.000000000   0.000000000   1.000000000
a 17
$ CHLORINE     (9s,4p,4d)
$ S-TYPE FUNCTIONS
    9    9    0
  20480.000000000   1.000000000   0.000000000   0.000000000   0.000000000   0.000000000   0.000000000
       0.000000000   0.000000000   0.000000000
   4096.000000000   0.000000000   1.000000000   0.000000000   0.000000000   0.000000000   0.000000000
       0.000000000   0.000000000   0.000000000
   1024.000000000   0.000000000   0.000000000   1.000000000   0.000000000   0.000000000   0.000000000
       0.000000000   0.000000000   0.000000000
    256.000000000   0.000000000   0.000000000   0.000000000   1.000000000   0.000000000   0.000000000
       0.000000000   0.000000000   0.000000000
     64.000000000   0.000000000   0.000000000   0.000000000   0.000000000   1.000000000   0.000000000
       0.000000000   0.000000000   0.000000000
     20.000000000   0.000000000   0.000000000   0.000000000   0.000000000   0.000000000   1.000000000
       0.000000000   0.000000000   0.000000000
      4.000000000   0.000000000   0.000000000   0.000000000   0.000000000   0.000000000   0.000000000
       1.000000000   0.000000000   0.000000000
      1.000000000   0.000000000   0.000000000   0.000000000   0.000000000   0.000000000   0.000000000
       0.000000000   1.000000000   0.000000000
      0.250000000   0.000000000   0.000000000   0.000000000   0.000000000   0.000000000   0.000000000
       0.000000000   0.000000000   1.000000000
$ P-TYPE FUNCTIONS
    4    4    0
     20.000000000   1.000000000   0.000000000   0.000000000   0.000000000
      4.000000000   0.000000000   1.000000000   0.000000000   0.000000000
      1.000000000   0.000000000   0.000000000   1.000000000   0.000000000
      0.250000000   0.000000000   0.000000000   0.000000000   1.000000000
$ D-TYPE FUNCTIONS
    4    4    0
     20.000000000   1.000000000   0.000000000   0.000000000   0.000000000
      4.000000000   0.000000000   1.000000000   0.000000000   0.000000000
      1.000000000   0.000000000   0.000000000   1.000000000   0.000000000
      0.250000000   0.000000000   0.000000000   0.000000000   1.000000000
a 18
$ ARGON        (9s,4p,4d)
$ S-TYPE FUNCTIONS
    9    9    0
  24576.000000000   1.000000000   0.000000000   0.000000000   0.000000000   0.000000000   0.000000000
       0.000000000   0.000000000   0.000000000
   4915.000000000   0.000000000   1.000000000   0.000000000   0.000000000   0.000000000   0.000000000
       0.000000000   0.000000000   0.000000000
   1229.000000000   0.000000000   0.000000000   1.000000000   0.000000000   0.000000000   0.000000000
       0.000000000   0.000000000   0.000000000
    307.000000000   0.000000000   0.000000000   0.000000000   1.000000000   0.000000000   0.000000000
       0.000000000   0.000000000   0.000000000
     77.000000000   0.000000000   0.000000000   0.000000000   0.000000000   1.000000000   0.000000000
       0.000000000   0.000000000   0.000000000
     24.000000000   0.000000000   0.000000000   0.000000000   0.000000000   0.000000000   1.000000000
       0.000000000   0.000000000   0.000000000
      4.800000000   0.000000000   0.000000000   0.000000000   0.000000000   0.000000000   0.000000000
       1.000000000   0.000000000   0.000000000
      1.200000000   0.000000000   0.000000000   0.000000000   0.000000000   0.000000000   0.000000000
       0.000000000   1.000000000   0.000000000
      0.300000000   0.000000000   0.000000000   0.000000000   0.000000000   0.000000000   0.000000000
       0.000000000   0.000000000   1.000000000
$ P-TYPE FUNCTIONS
    4    4    0
     24.000000000   1.000000000   0.000000000   0.000000000   0.000000000
      4.800000000   0.000000000   1.000000000   0.000000000   0.000000000
      1.200000000   0.000000000   0.000000000   1.000000000   0.000000000
      0.300000000   0.000000000   0.000000000   0.000000000   1.000000000
$ D-TYPE FUNCTIONS
    4    4    0
     24.000000000   1.000000000   0.000000000   0.000000000   0.000000000
      4.800000000   0.000000000   1.000000000   0.000000000   0.000000000
      1.200000000   0.000000000   0.000000000   1.000000000   0.000000000
      0.300000000   0.000000000   0.000000000   0.000000000   1.000000000
a 21
$ SCANDIUM     (10s,5p,5d)
$ S-TYPE FUNCTIONS
   10   10    0
  21000.000000000   1.000000000   0.000000000   0.000000000   0.000000000   0.000000000   0.000000000
       0.000000000   0.000000000   0.000000000   0.000000000
   4200.000000000   0.000000000   1.000000000   0.000000000   0.000000000   0.000000000   0.000000000
       0.000000000   0.000000000   0.000000000   0.000000000
   1050.000000000   0.000000000   0.000000000   1.000000000   0.000000000   0.000000000   0.000000000
       0.000000000   0.000000000   0.000000000   0.000000000
    262.400000000   0.000000000   0.000000000   0.000000000   1.000000000   0.000000000   0.000000000
       0.000000000   0.000000000   0.000000000   0.000000000
     65.600000000   0.000000000   0.000000000   0.000000000   0.000000000   1.000000000   0.000000000
       0.000000000   0.000000000   0.000000000   0.000000000
     20.500000000   0.000000000   0.000000000   0.000000000   0.000000000   0.000000000   1.000000000
       0.000000000   0.000000000   0.000000000   0.000000000
      4.100000000   0.000000000   0.000000000   0.000000000   0.000000000   0.000000000   0.000000000
       1.000000000   0.000000000   0.000000000   0.000000000
      1.030000000   0.000000000   0.000000000   0.000000000   0.000000000   0.000000000   0.000000000
       0.000000000   1.000000000   0.000000000   0.000000000
      0.256000000   0.000000000   0.000000000   0.000000000   0.000000000   0.000000000   0.000000000
       0.000000000   0.000000000   1.000000000   0.000000000
      0.064000000   0.000000000   0.000000000   0.000000000   0.000000000   0.000000000   0.000000000
       0.000000000   0.000000000   0.000000000   1.000000000
$ P-TYPE FUNCTIONS
    5    5    0
     20.500000000   1.000000000   0.000000000   0.000000000   0.000000000   0.000000000
      4.100000000   0.000000000   1.000000000   0.000000000   0.000000000   0.000000000
      1.030000000   0.000000000   0.000000000   1.000000000   0.000000000   0.000000000
      0.256000000   0.000000000   0.000000000   0.000000000   1.000000000   0.000000000
      0.064000000   0.000000000   0.000000000   0.000000000   0.000000000   1.000000000
$ D-TYPE FUNCTIONS
    5    5    0
     20.500000000   1.000000000   0.000000000   0.000000000   0.000000000   0.000000000
      4.100000000   0.000000000   1.000000000   0.000000000   0.000000000   0.000000000
      1.030000000   0.000000000   0.000000000   1.000000000   0.000000000   0.000000000
      0.256000000   0.000000000   0.000000000   0.000000000   1.000000000   0.000000000
      0.064000000   0.000000000   0.000000000   0.000000000   0.000000000   1.000000000
a 22
$ TITANIUM     (10s,5p,5d)
$ S-TYPE FUNCTIONS
   10   10    0
  28000.000000000   1.000000000   0.000000000   0.000000000   0.000000000   0.000000000   0.000000000
       0.000000000   0.000000000   0.000000000   0.000000000
   5600.000000000   0.000000000   1.000000000   0.000000000   0.000000000   0.000000000   0.000000000
       0.000000000   0.000000000   0.000000000   0.000000000
   1400.000000000   0.000000000   0.000000000   1.000000000   0.000000000   0.000000000   0.000000000
       0.000000000   0.000000000   0.000000000   0.000000000
    348.000000000   0.000000000   0.000000000   0.000000000   1.000000000   0.000000000   0.000000000
       0.000000000   0.000000000   0.000000000   0.000000000
     87.000000000   0.000000000   0.000000000   0.000000000   0.000000000   1.000000000   0.000000000
       0.000000000   0.000000000   0.000000000   0.000000000
     27.200000000   0.000000000   0.000000000   0.000000000   0.000000000   0.000000000   1.000000000
       0.000000000   0.000000000   0.000000000   0.000000000
      5.440000000   0.000000000   0.000000000   0.000000000   0.000000000   0.000000000   0.000000000
       1.000000000   0.000000000   0.000000000   0.000000000
      1.360000000   0.000000000   0.000000000   0.000000000   0.000000000   0.000000000   0.000000000
       0.000000000   1.000000000   0.000000000   0.000000000
      0.340000000   0.000000000   0.000000000   0.000000000   0.000000000   0.000000000   0.000000000
       0.000000000   0.000000000   1.000000000   0.000000000
      0.084000000   0.000000000   0.000000000   0.000000000   0.000000000   0.000000000   0.000000000
       0.000000000   0.000000000   0.000000000   1.000000000
$ P-TYPE FUNCTIONS
    5    5    0
     27.200000000   1.000000000   0.000000000   0.000000000   0.000000000   0.000000000
      5.440000000   0.000000000   1.000000000   0.000000000   0.000000000   0.000000000
      1.360000000   0.000000000   0.000000000   1.000000000   0.000000000   0.000000000
      0.340000000   0.000000000   0.000000000   0.000000000   1.000000000   0.000000000
      0.084000000   0.000000000   0.000000000   0.000000000   0.000000000   1.000000000
$ D-TYPE FUNCTIONS
    5    5    0
     27.200000000   1.000000000   0.000000000   0.000000000   0.000000000   0.000000000
      5.440000000   0.000000000   1.000000000   0.000000000   0.000000000   0.000000000
      1.360000000   0.000000000   0.000000000   1.000000000   0.000000000   0.000000000
      0.340000000   0.000000000   0.000000000   0.000000000   1.000000000   0.000000000
      0.084000000   0.000000000   0.000000000   0.000000000   0.000000000   1.000000000
a 23
$ VANADIUM     (10s,5p,5d)
$ S-TYPE FUNCTIONS
   10   10    0
  33100.000000000   1.000000000   0.000000000   0.000000000   0.000000000   0.000000000   0.000000000
       0.000000000   0.000000000   0.000000000   0.000000000
   6620.000000000   0.000000000   1.000000000   0.000000000   0.000000000   0.000000000   0.000000000
       0.000000000   0.000000000   0.000000000   0.000000000
   1650.000000000   0.000000000   0.000000000   1.000000000   0.000000000   0.000000000   0.000000000
       0.000000000   0.000000000   0.000000000   0.000000000
    414.000000000   0.000000000   0.000000000   0.000000000   1.000000000   0.000000000   0.000000000
       0.000000000   0.000000000   0.000000000   0.000000000
    103.000000000   0.000000000   0.000000000   0.000000000   0.000000000   1.000000000   0.000000000
       0.000000000   0.000000000   0.000000000   0.000000000
     32.000000000   0.000000000   0.000000000   0.000000000   0.000000000   0.000000000   1.000000000
       0.000000000   0.000000000   0.000000000   0.000000000
      6.460000000   0.000000000   0.000000000   0.000000000   0.000000000   0.000000000   0.000000000
       1.000000000   0.000000000   0.000000000   0.000000000
      1.610000000   0.000000000   0.000000000   0.000000000   0.000000000   0.000000000   0.000000000
       0.000000000   1.000000000   0.000000000   0.000000000
      0.404000000   0.000000000   0.000000000   0.000000000   0.000000000   0.000000000   0.000000000
       0.000000000   0.000000000   1.000000000   0.000000000
      0.101000000   0.000000000   0.000000000   0.000000000   0.000000000   0.000000000   0.000000000
       0.000000000   0.000000000   0.000000000   1.000000000
$ P-TYPE FUNCTIONS
    5    5    0
     32.000000000   1.000000000   0.000000000   0.000000000   0.000000000   0.000000000
      6.460000000   0.000000000   1.000000000   0.000000000   0.000000000   0.000000000
      1.610000000   0.000000000   0.000000000   1.000000000   0.000000000   0.000000000
      0.404000000   0.000000000   0.000000000   0.000000000   1.000000000   0.000000000
      0.101000000   0.000000000   0.000000000   0.000000000   0.000000000   1.000000000
$ D-TYPE FUNCTIONS
    5    5    0
     32.000000000   1.000000000   0.000000000   0.000000000   0.000000000   0.000000000
      6.460000000   0.000000000   1.000000000   0.000000000   0.000000000   0.000000000
      1.610000000   0.000000000   0.000000000   1.000000000   0.000000000   0.000000000
      0.404000000   0.000000000   0.000000000   0.000000000   1.000000000   0.000000000
      0.101000000   0.000000000   0.000000000   0.000000000   0.000000000   1.000000000
a 24
$ CHROMIUM     (10s,5p,5d)
$ S-TYPE FUNCTIONS
   10   10    0
  37000.000000000   1.000000000   0.000000000   0.000000000   0.000000000   0.000000000   0.000000000
       0.000000000   0.000000000   0.000000000   0.000000000
   7530.000000000   0.000000000   1.000000000   0.000000000   0.000000000   0.000000000   0.000000000
       0.000000000   0.000000000   0.000000000   0.000000000
   1880.000000000   0.000000000   0.000000000   1.000000000   0.000000000   0.000000000   0.000000000
       0.000000000   0.000000000   0.000000000   0.000000000
    471.000000000   0.000000000   0.000000000   0.000000000   1.000000000   0.000000000   0.000000000
       0.000000000   0.000000000   0.000000000   0.000000000
    117.000000000   0.000000000   0.000000000   0.000000000   0.000000000   1.000000000   0.000000000
       0.000000000   0.000000000   0.000000000   0.000000000
     36.800000000   0.000000000   0.000000000   0.000000000   0.000000000   0.000000000   1.000000000
       0.000000000   0.000000000   0.000000000   0.000000000
      7.360000000   0.000000000   0.000000000   0.000000000   0.000000000   0.000000000   0.000000000
       1.000000000   0.000000000   0.000000000   0.000000000
      1.840000000   0.000000000   0.000000000   0.000000000   0.000000000   0.000000000   0.000000000
       0.000000000   1.000000000   0.000000000   0.000000000
      0.460000000   0.000000000   0.000000000   0.000000000   0.000000000   0.000000000   0.000000000
       0.000000000   0.000000000   1.000000000   0.000000000
      0.115000000   0.000000000   0.000000000   0.000000000   0.000000000   0.000000000   0.000000000
       0.000000000   0.000000000   0.000000000   1.000000000
$ P-TYPE FUNCTIONS
    5    5    0
     36.800000000   1.000000000   0.000000000   0.000000000   0.000000000   0.000000000
      7.360000000   0.000000000   1.000000000   0.000000000   0.000000000   0.000000000
      1.840000000   0.000000000   0.000000000   1.000000000   0.000000000   0.000000000
      0.460000000   0.000000000   0.000000000   0.000000000   1.000000000   0.000000000
      0.115000000   0.000000000   0.000000000   0.000000000   0.000000000   1.000000000
$ D-TYPE FUNCTIONS
    5    5    0
     36.800000000   1.000000000   0.000000000   0.000000000   0.000000000   0.000000000
      7.360000000   0.000000000   1.000000000   0.000000000   0.000000000   0.000000000
      1.840000000   0.000000000   0.000000000   1.000000000   0.000000000   0.000000000
      0.460000000   0.000000000   0.000000000   0.000000000   1.000000000   0.000000000
      0.115000000   0.000000000   0.000000000   0.000000000   0.000000000   1.000000000
a 25
$ MANGANESE    (10s,5p,5d)
$ S-TYPE FUNCTIONS
   10   10    0
  41000.000000000   1.000000000   0.000000000   0.000000000   0.000000000   0.000000000   0.000000000
       0.000000000   0.000000000   0.000000000   0.000000000
   8200.000000000   0.000000000   1.000000000   0.000000000   0.000000000   0.000000000   0.000000000
       0.000000000   0.000000000   0.000000000   0.000000000
   2050.000000000   0.000000000   0.000000000   1.000000000   0.000000000   0.000000000   0.000000000
       0.000000000   0.000000000   0.000000000   0.000000000
    510.000000000   0.000000000   0.000000000   0.000000000   1.000000000   0.000000000   0.000000000
       0.000000000   0.000000000   0.000000000   0.000000000
    128.000000000   0.000000000   0.000000000   0.000000000   0.000000000   1.000000000   0.000000000
       0.000000000   0.000000000   0.000000000   0.000000000
     40.000000000   0.000000000   0.000000000   0.000000000   0.000000000   0.000000000   1.000000000
       0.000000000   0.000000000   0.000000000   0.000000000
      8.000000000   0.000000000   0.000000000   0.000000000   0.000000000   0.000000000   0.000000000
       1.000000000   0.000000000   0.000000000   0.000000000
      2.000000000   0.000000000   0.000000000   0.000000000   0.000000000   0.000000000   0.000000000
       0.000000000   1.000000000   0.000000000   0.000000000
      0.500000000   0.000000000   0.000000000   0.000000000   0.000000000   0.000000000   0.000000000
       0.000000000   0.000000000   1.000000000   0.000000000
      0.125000000   0.000000000   0.000000000   0.000000000   0.000000000   0.000000000   0.000000000
       0.000000000   0.000000000   0.000000000   1.000000000
$ P-TYPE FUNCTIONS
    5    5    0
     40.000000000   1.000000000   0.000000000   0.000000000   0.000000000   0.000000000
      8.000000000   0.000000000   1.000000000   0.000000000   0.000000000   0.000000000
      2.000000000   0.000000000   0.000000000   1.000000000   0.000000000   0.000000000
      0.500000000   0.000000000   0.000000000   0.000000000   1.000000000   0.000000000
      0.125000000   0.000000000   0.000000000   0.000000000   0.000000000   1.000000000
$ D-TYPE FUNCTIONS
    5    5    0
     40.000000000   1.000000000   0.000000000   0.000000000   0.000000000   0.000000000
      8.000000000   0.000000000   1.000000000   0.000000000   0.000000000   0.000000000
      2.000000000   0.000000000   0.000000000   1.000000000   0.000000000   0.000000000
      0.500000000   0.000000000   0.000000000   0.000000000   1.000000000   0.000000000
      0.125000000   0.000000000   0.000000000   0.000000000   0.000000000   1.000000000
a 26
$ IRON         (10s,5p,5d)
$ S-TYPE FUNCTIONS
   10   10    0
  44000.000000000   1.000000000   0.000000000   0.000000000   0.000000000   0.000000000   0.000000000
       0.000000000   0.000000000   0.000000000   0.000000000
   8800.000000000   0.000000000   1.000000000   0.000000000   0.000000000   0.000000000   0.000000000
       0.000000000   0.000000000   0.000000000   0.000000000
   2200.000000000   0.000000000   0.000000000   1.000000000   0.000000000   0.000000000   0.000000000
       0.000000000   0.000000000   0.000000000   0.000000000
    550.000000000   0.000000000   0.000000000   0.000000000   1.000000000   0.000000000   0.000000000
       0.000000000   0.000000000   0.000000000   0.000000000
    137.000000000   0.000000000   0.000000000   0.000000000   0.000000000   1.000000000   0.000000000
       0.000000000   0.000000000   0.000000000   0.000000000
     43.200000000   0.000000000   0.000000000   0.000000000   0.000000000   0.000000000   1.000000000
       0.000000000   0.000000000   0.000000000   0.000000000
      8.600000000   0.000000000   0.000000000   0.000000000   0.000000000   0.000000000   0.000000000
       1.000000000   0.000000000   0.000000000   0.000000000
      2.200000000   0.000000000   0.000000000   0.000000000   0.000000000   0.000000000   0.000000000
       0.000000000   1.000000000   0.000000000   0.000000000
      0.540000000   0.000000000   0.000000000   0.000000000   0.000000000   0.000000000   0.000000000
       0.000000000   0.000000000   1.000000000   0.000000000
      0.135000000   0.000000000   0.000000000   0.000000000   0.000000000   0.000000000   0.000000000
       0.000000000   0.000000000   0.000000000   1.000000000
$ P-TYPE FUNCTIONS
    5    5    0
     43.200000000   1.000000000   0.000000000   0.000000000   0.000000000   0.000000000
      8.600000000   0.000000000   1.000000000   0.000000000   0.000000000   0.000000000
      2.200000000   0.000000000   0.000000000   1.000000000   0.000000000   0.000000000
      0.540000000   0.000000000   0.000000000   0.000000000   1.000000000   0.000000000
      0.135000000   0.000000000   0.000000000   0.000000000   0.000000000   1.000000000
$ D-TYPE FUNCTIONS
    5    5    0
     43.200000000   1.000000000   0.000000000   0.000000000   0.000000000   0.000000000
      8.600000000   0.000000000   1.000000000   0.000000000   0.000000000   0.000000000
      2.200000000   0.000000000   0.000000000   1.000000000   0.000000000   0.000000000
      0.540000000   0.000000000   0.000000000   0.000000000   1.000000000   0.000000000
      0.135000000   0.000000000   0.000000000   0.000000000   0.000000000   1.000000000
a 27
$ COBALT       (10s,5p,5d)
$ S-TYPE FUNCTIONS
   10   10    0
  47000.000000000   1.000000000   0.000000000   0.000000000   0.000000000   0.000000000   0.000000000
       0.000000000   0.000000000   0.000000000   0.000000000
   9400.000000000   0.000000000   1.000000000   0.000000000   0.000000000   0.000000000   0.000000000
       0.000000000   0.000000000   0.000000000   0.000000000
   2350.000000000   0.000000000   0.000000000   1.000000000   0.000000000   0.000000000   0.000000000
       0.000000000   0.000000000   0.000000000   0.000000000
    590.000000000   0.000000000   0.000000000   0.000000000   1.000000000   0.000000000   0.000000000
       0.000000000   0.000000000   0.000000000   0.000000000
    147.000000000   0.000000000   0.000000000   0.000000000   0.000000000   1.000000000   0.000000000
       0.000000000   0.000000000   0.000000000   0.000000000
     46.000000000   0.000000000   0.000000000   0.000000000   0.000000000   0.000000000   1.000000000
       0.000000000   0.000000000   0.000000000   0.000000000
      9.200000000   0.000000000   0.000000000   0.000000000   0.000000000   0.000000000   0.000000000
       1.000000000   0.000000000   0.000000000   0.000000000
      2.300000000   0.000000000   0.000000000   0.000000000   0.000000000   0.000000000   0.000000000
       0.000000000   1.000000000   0.000000000   0.000000000
      0.580000000   0.000000000   0.000000000   0.000000000   0.000000000   0.000000000   0.000000000
       0.000000000   0.000000000   1.000000000   0.000000000
      0.144000000   0.000000000   0.000000000   0.000000000   0.000000000   0.000000000   0.000000000
       0.000000000   0.000000000   0.000000000   1.000000000
$ P-TYPE FUNCTIONS
    5    5    0
     46.000000000   1.000000000   0.000000000   0.000000000   0.000000000   0.000000000
      9.200000000   0.000000000   1.000000000   0.000000000   0.000000000   0.000000000
      2.300000000   0.000000000   0.000000000   1.000000000   0.000000000   0.000000000
      0.580000000   0.000000000   0.000000000   0.000000000   1.000000000   0.000000000
      0.144000000   0.000000000   0.000000000   0.000000000   0.000000000   1.000000000
$ D-TYPE FUNCTIONS
    5    5    0
     46.000000000   1.000000000   0.000000000   0.000000000   0.000000000   0.000000000
      9.200000000   0.000000000   1.000000000   0.000000000   0.000000000   0.000000000
      2.300000000   0.000000000   0.000000000   1.000000000   0.000000000   0.000000000
      0.580000000   0.000000000   0.000000000   0.000000000   1.000000000   0.000000000
      0.144000000   0.000000000   0.000000000   0.000000000   0.000000000   1.000000000
a 28
$ NICKEL       (10s,5p,5d)
$ S-TYPE FUNCTIONS
   10   10    0
  50000.000000000   1.000000000   0.000000000   0.000000000   0.000000000   0.000000000   0.000000000
       0.000000000   0.000000000   0.000000000   0.000000000
   9930.000000000   0.000000000   1.000000000   0.000000000   0.000000000   0.000000000   0.000000000
       0.000000000   0.000000000   0.000000000   0.000000000
   2500.000000000   0.000000000   0.000000000   1.000000000   0.000000000   0.000000000   0.000000000
       0.000000000   0.000000000   0.000000000   0.000000000
    620.000000000   0.000000000   0.000000000   0.000000000   1.000000000   0.000000000   0.000000000
       0.000000000   0.000000000   0.000000000   0.000000000
    155.000000000   0.000000000   0.000000000   0.000000000   0.000000000   1.000000000   0.000000000
       0.000000000   0.000000000   0.000000000   0.000000000
     48.000000000   0.000000000   0.000000000   0.000000000   0.000000000   0.000000000   1.000000000
       0.000000000   0.000000000   0.000000000   0.000000000
      9.700000000   0.000000000   0.000000000   0.000000000   0.000000000   0.000000000   0.000000000
       1.000000000   0.000000000   0.000000000   0.000000000
      2.400000000   0.000000000   0.000000000   0.000000000   0.000000000   0.000000000   0.000000000
       0.000000000   1.000000000   0.000000000   0.000000000
      0.600000000   0.000000000   0.000000000   0.000000000   0.000000000   0.000000000   0.000000000
       0.000000000   0.000000000   1.000000000   0.000000000
      0.152000000   0.000000000   0.000000000   0.000000000   0.000000000   0.000000000   0.000000000
       0.000000000   0.000000000   0.000000000   1.000000000
$ P-TYPE FUNCTIONS
    5    5    0
     48.000000000   1.000000000   0.000000000   0.000000000   0.000000000   0.000000000
      9.700000000   0.000000000   1.000000000   0.000000000   0.000000000   0.000000000
      2.400000000   0.000000000   0.000000000   1.000000000   0.000000000   0.000000000
      0.600000000   0.000000000   0.000000000   0.000000000   1.000000000   0.000000000
      0.152000000   0.000000000   0.000000000   0.000000000   0.000000000   1.000000000
$ D-TYPE FUNCTIONS
    5    5    0
     48.000000000   1.000000000   0.000000000   0.000000000   0.000000000   0.000000000
      9.700000000   0.000000000   1.000000000   0.000000000   0.000000000   0.000000000
      2.400000000   0.000000000   0.000000000   1.000000000   0.000000000   0.000000000
      0.600000000   0.000000000   0.000000000   0.000000000   1.000000000   0.000000000
      0.152000000   0.000000000   0.000000000   0.000000000   0.000000000   1.000000000
a 29
$ COPPER       (10s,5p,5d)
$ S-TYPE FUNCTIONS
   10   10    0
  53000.000000000   1.000000000   0.000000000   0.000000000   0.000000000   0.000000000   0.000000000
       0.000000000   0.000000000   0.000000000   0.000000000
  10500.000000000   0.000000000   1.000000000   0.000000000   0.000000000   0.000000000   0.000000000
       0.000000000   0.000000000   0.000000000   0.000000000
   2640.000000000   0.000000000   0.000000000   1.000000000   0.000000000   0.000000000   0.000000000
       0.000000000   0.000000000   0.000000000   0.000000000
    660.000000000   0.000000000   0.000000000   0.000000000   1.000000000   0.000000000   0.000000000
       0.000000000   0.000000000   0.000000000   0.000000000
    165.000000000   0.000000000   0.000000000   0.000000000   0.000000000   1.000000000   0.000000000
       0.000000000   0.000000000   0.000000000   0.000000000
     51.000000000   0.000000000   0.000000000   0.000000000   0.000000000   0.000000000   1.000000000
       0.000000000   0.000000000   0.000000000   0.000000000
     10.300000000   0.000000000   0.000000000   0.000000000   0.000000000   0.000000000   0.000000000
       1.000000000   0.000000000   0.000000000   0.000000000
      2.570000000   0.000000000   0.000000000   0.000000000   0.000000000   0.000000000   0.000000000
       0.000000000   1.000000000   0.000000000   0.000000000
      0.640000000   0.000000000   0.000000000   0.000000000   0.000000000   0.000000000   0.000000000
       0.000000000   0.000000000   1.000000000   0.000000000
      0.160000000   0.000000000   0.000000000   0.000000000   0.000000000   0.000000000   0.000000000
       0.000000000   0.000000000   0.000000000   1.000000000
$ P-TYPE FUNCTIONS
    5    5    0
     51.000000000   1.000000000   0.000000000   0.000000000   0.000000000   0.000000000
     10.300000000   0.000000000   1.000000000   0.000000000   0.000000000   0.000000000
      2.570000000   0.000000000   0.000000000   1.000000000   0.000000000   0.000000000
      0.640000000   0.000000000   0.000000000   0.000000000   1.000000000   0.000000000
      0.160000000   0.000000000   0.000000000   0.000000000   0.000000000   1.000000000
$ D-TYPE FUNCTIONS
    5    5    0
     51.000000000   1.000000000   0.000000000   0.000000000   0.000000000   0.000000000
     10.300000000   0.000000000   1.000000000   0.000000000   0.000000000   0.000000000
      2.570000000   0.000000000   0.000000000   1.000000000   0.000000000   0.000000000
      0.640000000   0.000000000   0.000000000   0.000000000   1.000000000   0.000000000
      0.160000000   0.000000000   0.000000000   0.000000000   0.000000000   1.000000000
a 30
$ ZINC         (10s,5p,5d)
$ S-TYPE FUNCTIONS
   10   10    0
  75500.000000000   1.000000000   0.000000000   0.000000000   0.000000000   0.000000000   0.000000000
       0.000000000   0.000000000   0.000000000   0.000000000
  15100.000000000   0.000000000   1.000000000   0.000000000   0.000000000   0.000000000   0.000000000
       0.000000000   0.000000000   0.000000000   0.000000000
   3776.000000000   0.000000000   0.000000000   1.000000000   0.000000000   0.000000000   0.000000000
       0.000000000   0.000000000   0.000000000   0.000000000
    944.000000000   0.000000000   0.000000000   0.000000000   1.000000000   0.000000000   0.000000000
       0.000000000   0.000000000   0.000000000   0.000000000
    236.000000000   0.000000000   0.000000000   0.000000000   0.000000000   1.000000000   0.000000000
       0.000000000   0.000000000   0.000000000   0.000000000
     74.000000000   0.000000000   0.000000000   0.000000000   0.000000000   0.000000000   1.000000000
       0.000000000   0.000000000   0.000000000   0.000000000
     14.800000000   0.000000000   0.000000000   0.000000000   0.000000000   0.000000000   0.000000000
       1.000000000   0.000000000   0.000000000   0.000000000
      3.700000000   0.000000000   0.000000000   0.000000000   0.000000000   0.000000000   0.000000000
       0.000000000   1.000000000   0.000000000   0.000000000
      0.920000000   0.000000000   0.000000000   0.000000000   0.000000000   0.000000000   0.000000000
       0.000000000   0.000000000   1.000000000   0.000000000
      0.230000000   0.000000000   0.000000000   0.000000000   0.000000000   0.000000000   0.000000000
       0.000000000   0.000000000   0.000000000   1.000000000
$ P-TYPE FUNCTIONS
    5    5    0
     74.000000000   1.000000000   0.000000000   0.000000000   0.000000000   0.000000000
     14.800000000   0.000000000   1.000000000   0.000000000   0.000000000   0.000000000
      3.700000000   0.000000000   0.000000000   1.000000000   0.000000000   0.000000000
      0.920000000   0.000000000   0.000000000   0.000000000   1.000000000   0.000000000
      0.230000000   0.000000000   0.000000000   0.000000000   0.000000000   1.000000000
$ D-TYPE FUNCTIONS
    5    5    0
     74.000000000   1.000000000   0.000000000   0.000000000   0.000000000   0.000000000
     14.800000000   0.000000000   1.000000000   0.000000000   0.000000000   0.000000000
      3.700000000   0.000000000   0.000000000   1.000000000   0.000000000   0.000000000
      0.920000000   0.000000000   0.000000000   0.000000000   1.000000000   0.000000000
      0.230000000   0.000000000   0.000000000   0.000000000   0.000000000   1.000000000



