$Basis = Huz-II

$Elements supported
$H C N O F P S
$
$  REFERENCE
$
a 1
$ HYDROGEN     (5s,1p) -> [3s,1p]
$ S-TYPE FUNCTIONS
    5    3    0
     33.644400000   0.006120000   0.000000000   0.000000000
      5.057960000   0.045750000   0.000000000   0.000000000
      1.146800000   0.205720000   0.000000000   0.000000000
      0.321144000   0.000000000   1.000000000   0.000000000
      0.101309000   0.000000000   0.000000000   1.000000000
$ P-TYPE FUNCTIONS
    1    1    0
      0.650000000   1.000000000
a 6
$ CARBON       (9s,5p,1d) -> [5s,4p,1d]
$ S-TYPE FUNCTIONS
    9    5    0
   4240.309800000   0.001215223   0.000000000   0.000000000   0.000000000   0.000000000
    637.778270000   0.009273159   0.000000000   0.000000000   0.000000000   0.000000000
    146.745340000   0.045279235   0.000000000   0.000000000   0.000000000   0.000000000
     42.531428000   0.154923340   0.000000000   0.000000000   0.000000000   0.000000000
     14.184804000   0.358083490   0.000000000   0.000000000   0.000000000   0.000000000
      5.175694300   0.000000000   1.000000000   0.000000000   0.000000000   0.000000000
      2.007253100   0.000000000   0.000000000   1.000000000   0.000000000   0.000000000
      0.496774220   0.000000000   0.000000000   0.000000000   1.000000000   0.000000000
      0.153487180   0.000000000   0.000000000   0.000000000   0.000000000   1.000000000
$ P-TYPE FUNCTIONS
    5    4    0
     18.099144000   0.014760512   0.000000000   0.000000000   0.000000000
      3.976914500   0.091649350   0.000000000   0.000000000   0.000000000
      1.145076800   0.000000000   1.000000000   0.000000000   0.000000000
      0.361888310   0.000000000   0.000000000   1.000000000   0.000000000
      0.114605480   0.000000000   0.000000000   0.000000000   1.000000000
$ D-TYPE FUNCTIONS
    1    1    0
      1.000000000   1.000000000
a 7
$ NITROGEN     (9s,5p,1d) -> [5s,4p,1d]
$ S-TYPE FUNCTIONS
    9    5    0
   6024.273600000   0.001160378   0.000000000   0.000000000   0.000000000   0.000000000
    906.595770000   0.008850070   0.000000000   0.000000000   0.000000000   0.000000000
    208.447800000   0.043504152   0.000000000   0.000000000   0.000000000   0.000000000
     60.103683000   0.151543740   0.000000000   0.000000000   0.000000000   0.000000000
     19.973348000   0.354870680   0.000000000   0.000000000   0.000000000   0.000000000
      7.334198500   0.000000000   1.000000000   0.000000000   0.000000000   0.000000000
      2.893819400   0.000000000   0.000000000   1.000000000   0.000000000   0.000000000
      0.708063500   0.000000000   0.000000000   0.000000000   1.000000000   0.000000000
      0.215812230   0.000000000   0.000000000   0.000000000   0.000000000   1.000000000
$ P-TYPE FUNCTIONS
    5    4    0
     26.362609000   0.014901061   0.000000000   0.000000000   0.000000000
      5.877734300   0.093338245   0.000000000   0.000000000   0.000000000
      1.716789200   0.000000000   1.000000000   0.000000000   0.000000000
      0.545943570   0.000000000   0.000000000   1.000000000   0.000000000
      0.169946340   0.000000000   0.000000000   0.000000000   1.000000000
$ D-TYPE FUNCTIONS
    1    1    0
      1.000000000   1.000000000
a 8
$ OXYGEN       (9s,5p,1d) -> [5s,4p,1d]
$ S-TYPE FUNCTIONS
    9    5    0
   8046.159000000   0.001134604   0.000000000   0.000000000   0.000000000   0.000000000
   1211.984900000   0.008636543   0.000000000   0.000000000   0.000000000   0.000000000
    279.524910000   0.042297866   0.000000000   0.000000000   0.000000000   0.000000000
     80.932996000   0.147603110   0.000000000   0.000000000   0.000000000   0.000000000
     26.934270000   0.351476390   0.000000000   0.000000000   0.000000000   0.000000000
      9.839332000   0.000000000   1.000000000   0.000000000   0.000000000   0.000000000
      3.834037400   0.000000000   0.000000000   1.000000000   0.000000000   0.000000000
      0.956811430   0.000000000   0.000000000   0.000000000   1.000000000   0.000000000
      0.288996040   0.000000000   0.000000000   0.000000000   0.000000000   1.000000000
$ P-TYPE FUNCTIONS
    5    4    0
     34.906614000   0.015617689   0.000000000   0.000000000   0.000000000
      7.846563900   0.098281028   0.000000000   0.000000000   0.000000000
      2.304985500   0.000000000   1.000000000   0.000000000   0.000000000
      0.722056700   0.000000000   0.000000000   1.000000000   0.000000000
      0.215258780   0.000000000   0.000000000   0.000000000   1.000000000
$ D-TYPE FUNCTIONS
    1    1    0
      1.000000000   1.000000000
a 9
$ FLUORINE     (9s,5p,1d) -> [5s,4p,1d]
$ S-TYPE FUNCTIONS
    9    5    0
  10255.863000000   0.001129262   0.000000000   0.000000000   0.000000000   0.000000000
   1545.557500000   0.008586802   0.000000000   0.000000000   0.000000000   0.000000000
    357.069770000   0.041957136   0.000000000   0.000000000   0.000000000   0.000000000
    103.631430000   0.146491370   0.000000000   0.000000000   0.000000000   0.000000000
     34.502616000   0.351911320   0.000000000   0.000000000   0.000000000   0.000000000
     12.546095000   0.000000000   1.000000000   0.000000000   0.000000000   0.000000000
      4.831832800   0.000000000   0.000000000   1.000000000   0.000000000   0.000000000
      1.233123500   0.000000000   0.000000000   0.000000000   1.000000000   0.000000000
      0.369961570   0.000000000   0.000000000   0.000000000   0.000000000   1.000000000
$ P-TYPE FUNCTIONS
    5    4    0
     44.608007000   0.016248533   0.000000000   0.000000000   0.000000000
     10.096673000   0.102196150   0.000000000   0.000000000   0.000000000
      2.984881300   0.000000000   1.000000000   0.000000000   0.000000000
      0.932228390   0.000000000   0.000000000   1.000000000   0.000000000
      0.272211170   0.000000000   0.000000000   0.000000000   1.000000000
$ D-TYPE FUNCTIONS
    1    1    0
      1.000000000   1.000000000
a 15
$ PHOSPHORUS   (11s,7p,2d) -> [7s,6p,2d]
$ S-TYPE FUNCTIONS
   11    7    0
  35713.984000000   0.001015913   0.000000000   0.000000000   0.000000000   0.000000000   0.000000000
       0.000000000
   5396.627700000   0.007689604   0.000000000   0.000000000   0.000000000   0.000000000   0.000000000
       0.000000000
   1249.709300000   0.037859089   0.000000000   0.000000000   0.000000000   0.000000000   0.000000000
       0.000000000
    359.934260000   0.136973500   0.000000000   0.000000000   0.000000000   0.000000000   0.000000000
       0.000000000
    119.171260000   0.339271260   0.000000000   0.000000000   0.000000000   0.000000000   0.000000000
       0.000000000
     43.983558000   0.000000000   1.000000000   0.000000000   0.000000000   0.000000000   0.000000000
       0.000000000
     17.626674000   0.000000000   0.000000000   1.000000000   0.000000000   0.000000000   0.000000000
       0.000000000
      5.420090300   0.000000000   0.000000000   0.000000000   1.000000000   0.000000000   0.000000000
       0.000000000
      2.073873000   0.000000000   0.000000000   0.000000000   0.000000000   1.000000000   0.000000000
       0.000000000
      0.426424660   0.000000000   0.000000000   0.000000000   0.000000000   0.000000000   1.000000000
       0.000000000
      0.151872540   0.000000000   0.000000000   0.000000000   0.000000000   0.000000000   0.000000000
       1.000000000
$ P-TYPE FUNCTIONS
    7    6    0
    212.865860000   0.012776106   0.000000000   0.000000000   0.000000000   0.000000000   0.000000000
     49.600195000   0.087688413   0.000000000   0.000000000   0.000000000   0.000000000   0.000000000
     15.515538000   0.000000000   1.000000000   0.000000000   0.000000000   0.000000000   0.000000000
      5.475571100   0.000000000   0.000000000   1.000000000   0.000000000   0.000000000   0.000000000
      2.044152700   0.000000000   0.000000000   0.000000000   1.000000000   0.000000000   0.000000000
      0.521797210   0.000000000   0.000000000   0.000000000   0.000000000   1.000000000   0.000000000
      0.150644490   0.000000000   0.000000000   0.000000000   0.000000000   0.000000000   1.000000000
$ D-TYPE FUNCTIONS
    2    2    0
      1.400000000   1.000000000   0.000000000
      0.350000000   0.000000000   1.000000000
a 16
$ SULFUR       (11s,7p,2d) -> [7s,6p,2d]
$ S-TYPE FUNCTIONS
   11    7    0
  35713.984000000   0.001015913   0.000000000   0.000000000   0.000000000   0.000000000   0.000000000
       0.000000000
   5396.627700000   0.007689604   0.000000000   0.000000000   0.000000000   0.000000000   0.000000000
       0.000000000
   1249.709300000   0.037859089   0.000000000   0.000000000   0.000000000   0.000000000   0.000000000
       0.000000000
    359.934260000   0.136973500   0.000000000   0.000000000   0.000000000   0.000000000   0.000000000
       0.000000000
    119.171260000   0.339271260   0.000000000   0.000000000   0.000000000   0.000000000   0.000000000
       0.000000000
     43.983558000   0.000000000   1.000000000   0.000000000   0.000000000   0.000000000   0.000000000
       0.000000000
     17.626674000   0.000000000   0.000000000   1.000000000   0.000000000   0.000000000   0.000000000
       0.000000000
      5.420090300   0.000000000   0.000000000   0.000000000   1.000000000   0.000000000   0.000000000
       0.000000000
      2.073873000   0.000000000   0.000000000   0.000000000   0.000000000   1.000000000   0.000000000
       0.000000000
      0.426424660   0.000000000   0.000000000   0.000000000   0.000000000   0.000000000   1.000000000
       0.000000000
      0.151872540   0.000000000   0.000000000   0.000000000   0.000000000   0.000000000   0.000000000
       1.000000000
$ P-TYPE FUNCTIONS
    7    6    0
    212.865860000   0.012776106   0.000000000   0.000000000   0.000000000   0.000000000   0.000000000
     49.600195000   0.087688413   0.000000000   0.000000000   0.000000000   0.000000000   0.000000000
     15.515538000   0.000000000   1.000000000   0.000000000   0.000000000   0.000000000   0.000000000
      5.475571100   0.000000000   0.000000000   1.000000000   0.000000000   0.000000000   0.000000000
      2.044152700   0.000000000   0.000000000   0.000000000   1.000000000   0.000000000   0.000000000
      0.521797210   0.000000000   0.000000000   0.000000000   0.000000000   1.000000000   0.000000000
      0.150644490   0.000000000   0.000000000   0.000000000   0.000000000   0.000000000   1.000000000
$ D-TYPE FUNCTIONS
    2    2    0
      1.600000000   1.000000000   0.000000000
      0.400000000   0.000000000   1.000000000

