$Basis = Huz-IV

$Elements supported
$H C N O F P S
$
$  REFERENCE
$
a 1
$ HYDROGEN     (6s,3p,1d) -> [5s,3p,1d]
$ S-TYPE FUNCTIONS
    6    5    0
     68.160000000   0.002550000   0.000000000   0.000000000   0.000000000   0.000000000
     10.246500000   0.019380000   0.000000000   0.000000000   0.000000000   0.000000000
      2.346480000   0.000000000   1.000000000   0.000000000   0.000000000   0.000000000
      0.673320000   0.000000000   0.000000000   1.000000000   0.000000000   0.000000000
      0.224660000   0.000000000   0.000000000   0.000000000   1.000000000   0.000000000
      0.082217000   0.000000000   0.000000000   0.000000000   0.000000000   1.000000000
$ P-TYPE FUNCTIONS
    3    3    0
      1.600000000   1.000000000   0.000000000   0.000000000
      0.400000000   0.000000000   1.000000000   0.000000000
      0.100000000   0.000000000   0.000000000   1.000000000
$ D-TYPE FUNCTIONS
    1    1    0
      0.650000000   1.000000000
a 6
$ CARBON       (11s,7p,3d,1f) -> [8s,7p,3d,1f]
$ S-TYPE FUNCTIONS
   11    8    0
  16371.074000000   0.000226418   0.000000000   0.000000000   0.000000000   0.000000000   0.000000000
       0.000000000   0.000000000
   2426.992500000   0.001784468   0.000000000   0.000000000   0.000000000   0.000000000   0.000000000
       0.000000000   0.000000000
    544.544180000   0.009490157   0.000000000   0.000000000   0.000000000   0.000000000   0.000000000
       0.000000000   0.000000000
    150.804870000   0.039660515   0.000000000   0.000000000   0.000000000   0.000000000   0.000000000
       0.000000000   0.000000000
     47.708143000   0.000000000   1.000000000   0.000000000   0.000000000   0.000000000   0.000000000
       0.000000000   0.000000000
     16.457241000   0.000000000   0.000000000   1.000000000   0.000000000   0.000000000   0.000000000
       0.000000000   0.000000000
      6.084557800   0.000000000   0.000000000   0.000000000   1.000000000   0.000000000   0.000000000
       0.000000000   0.000000000
      2.382463100   0.000000000   0.000000000   0.000000000   0.000000000   1.000000000   0.000000000
       0.000000000   0.000000000
      0.661986600   0.000000000   0.000000000   0.000000000   0.000000000   0.000000000   1.000000000
       0.000000000   0.000000000
      0.246989970   0.000000000   0.000000000   0.000000000   0.000000000   0.000000000   0.000000000
       1.000000000   0.000000000
      0.094987300   0.000000000   0.000000000   0.000000000   0.000000000   0.000000000   0.000000000
       0.000000000   1.000000000
$ P-TYPE FUNCTIONS
    7    7    0
     40.790423000   1.000000000   0.000000000   0.000000000   0.000000000   0.000000000   0.000000000
       0.000000000
      9.503463300   0.000000000   1.000000000   0.000000000   0.000000000   0.000000000   0.000000000
       0.000000000
      2.940835700   0.000000000   0.000000000   1.000000000   0.000000000   0.000000000   0.000000000
       0.000000000
      1.075111500   0.000000000   0.000000000   0.000000000   1.000000000   0.000000000   0.000000000
       0.000000000
      0.426702400   0.000000000   0.000000000   0.000000000   0.000000000   1.000000000   0.000000000
       0.000000000
      0.174819260   0.000000000   0.000000000   0.000000000   0.000000000   0.000000000   1.000000000
       0.000000000
      0.071130540   0.000000000   0.000000000   0.000000000   0.000000000   0.000000000   0.000000000
       1.000000000
$ D-TYPE FUNCTIONS
    3    3    0
      3.200000000   1.000000000   0.000000000   0.000000000
      0.800000000   0.000000000   1.000000000   0.000000000
      0.200000000   0.000000000   0.000000000   1.000000000
$ F-TYPE FUNCTIONS
    1    1    0
      1.000000000   1.000000000
a 7
$ NITROGEN     (11s,7p,3d,1f) -> [8s,7p,3d,1f]
$ S-TYPE FUNCTIONS
   11    8    0
  23274.857000000   0.000215213   0.000000000   0.000000000   0.000000000   0.000000000   0.000000000
       0.000000000   0.000000000
   3468.183000000   0.001692144   0.000000000   0.000000000   0.000000000   0.000000000   0.000000000
       0.000000000   0.000000000
    777.988430000   0.008994065   0.000000000   0.000000000   0.000000000   0.000000000   0.000000000
       0.000000000   0.000000000
    215.719760000   0.037730386   0.000000000   0.000000000   0.000000000   0.000000000   0.000000000
       0.000000000   0.000000000
     68.078031000   0.000000000   1.000000000   0.000000000   0.000000000   0.000000000   0.000000000
       0.000000000   0.000000000
     23.424397000   0.000000000   0.000000000   1.000000000   0.000000000   0.000000000   0.000000000
       0.000000000   0.000000000
      8.669376600   0.000000000   0.000000000   0.000000000   1.000000000   0.000000000   0.000000000
       0.000000000   0.000000000
      3.421753300   0.000000000   0.000000000   0.000000000   0.000000000   1.000000000   0.000000000
       0.000000000   0.000000000
      0.931256520   0.000000000   0.000000000   0.000000000   0.000000000   0.000000000   1.000000000
       0.000000000   0.000000000
      0.346568860   0.000000000   0.000000000   0.000000000   0.000000000   0.000000000   0.000000000
       1.000000000   0.000000000
      0.133115300   0.000000000   0.000000000   0.000000000   0.000000000   0.000000000   0.000000000
       0.000000000   1.000000000
$ P-TYPE FUNCTIONS
    7    7    0
     60.317240000   1.000000000   0.000000000   0.000000000   0.000000000   0.000000000   0.000000000
       0.000000000
     14.100811000   0.000000000   1.000000000   0.000000000   0.000000000   0.000000000   0.000000000
       0.000000000
      4.387717900   0.000000000   0.000000000   1.000000000   0.000000000   0.000000000   0.000000000
       0.000000000
      1.608271700   0.000000000   0.000000000   0.000000000   1.000000000   0.000000000   0.000000000
       0.000000000
      0.638854420   0.000000000   0.000000000   0.000000000   0.000000000   1.000000000   0.000000000
       0.000000000
      0.260358290   0.000000000   0.000000000   0.000000000   0.000000000   0.000000000   1.000000000
       0.000000000
      0.103965450   0.000000000   0.000000000   0.000000000   0.000000000   0.000000000   0.000000000
       1.000000000
$ D-TYPE FUNCTIONS
    3    3    0
      3.200000000   1.000000000   0.000000000   0.000000000
      0.800000000   0.000000000   1.000000000   0.000000000
      0.200000000   0.000000000   0.000000000   1.000000000
$ F-TYPE FUNCTIONS
    1    1    0
      1.000000000   1.000000000
a 8
$ OXYGEN       (11s,7p,3d,1f) -> [8s,7p,3d,1f]
$ S-TYPE FUNCTIONS
   11    8    0
  30664.503000000   0.000214139   0.000000000   0.000000000   0.000000000   0.000000000   0.000000000
       0.000000000   0.000000000
   4573.201400000   0.001677982   0.000000000   0.000000000   0.000000000   0.000000000   0.000000000
       0.000000000   0.000000000
   1029.552400000   0.008881474   0.000000000   0.000000000   0.000000000   0.000000000   0.000000000
       0.000000000   0.000000000
    285.904740000   0.037281336   0.000000000   0.000000000   0.000000000   0.000000000   0.000000000
       0.000000000   0.000000000
     90.369653000   0.000000000   1.000000000   0.000000000   0.000000000   0.000000000   0.000000000
       0.000000000   0.000000000
     31.219578000   0.000000000   0.000000000   1.000000000   0.000000000   0.000000000   0.000000000
       0.000000000   0.000000000
     11.607766000   0.000000000   0.000000000   0.000000000   1.000000000   0.000000000   0.000000000
       0.000000000   0.000000000
      4.592759500   0.000000000   0.000000000   0.000000000   0.000000000   1.000000000   0.000000000
       0.000000000   0.000000000
      1.271171600   0.000000000   0.000000000   0.000000000   0.000000000   0.000000000   1.000000000
       0.000000000   0.000000000
      0.472140170   0.000000000   0.000000000   0.000000000   0.000000000   0.000000000   0.000000000
       1.000000000   0.000000000
      0.178965340   0.000000000   0.000000000   0.000000000   0.000000000   0.000000000   0.000000000
       0.000000000   1.000000000
$P-TYPE FUNCTIONS
    7    7    0
     78.702943000   1.000000000   0.000000000   0.000000000   0.000000000   0.000000000   0.000000000
       0.000000000
     18.409261000   0.000000000   1.000000000   0.000000000   0.000000000   0.000000000   0.000000000
       0.000000000
      5.753083500   0.000000000   0.000000000   1.000000000   0.000000000   0.000000000   0.000000000
       0.000000000
      2.110711400   0.000000000   0.000000000   0.000000000   1.000000000   0.000000000   0.000000000
       0.000000000
      0.837120870   0.000000000   0.000000000   0.000000000   0.000000000   1.000000000   0.000000000
       0.000000000
      0.339076300   0.000000000   0.000000000   0.000000000   0.000000000   0.000000000   1.000000000
       0.000000000
      0.132263100   0.000000000   0.000000000   0.000000000   0.000000000   0.000000000   0.000000000
       1.000000000
$ D-TYPE FUNCTIONS
    3    3    0
      3.200000000   1.000000000   0.000000000   0.000000000
      0.800000000   0.000000000   1.000000000   0.000000000
      0.200000000   0.000000000   0.000000000   1.000000000
$ F-TYPE FUNCTIONS
    1    1    0
      1.000000000   1.000000000
a 9
$ FLUORINE     (11s,7p,3d,1f) -> [8s,7p,3d,1f]
$ S-TYPE FUNCTIONS
   11    8    0
  37736.000000000   0.000218249   0.000000000   0.000000000   0.000000000   0.000000000   0.000000000
       0.000000000   0.000000000
   5867.079100000   0.001633222   0.000000000   0.000000000   0.000000000   0.000000000   0.000000000
       0.000000000   0.000000000
   1332.467900000   0.008681782   0.000000000   0.000000000   0.000000000   0.000000000   0.000000000
       0.000000000   0.000000000
    369.440600000   0.036543393   0.000000000   0.000000000   0.000000000   0.000000000   0.000000000
       0.000000000   0.000000000
    116.843000000   0.000000000   1.000000000   0.000000000   0.000000000   0.000000000   0.000000000
       0.000000000   0.000000000
     40.348770000   0.000000000   0.000000000   1.000000000   0.000000000   0.000000000   0.000000000
       0.000000000   0.000000000
     14.966270000   0.000000000   0.000000000   0.000000000   1.000000000   0.000000000   0.000000000
       0.000000000   0.000000000
      5.875929500   0.000000000   0.000000000   0.000000000   0.000000000   1.000000000   0.000000000
       0.000000000   0.000000000
      1.653335200   0.000000000   0.000000000   0.000000000   0.000000000   0.000000000   1.000000000
       0.000000000   0.000000000
      0.610835830   0.000000000   0.000000000   0.000000000   0.000000000   0.000000000   0.000000000
       1.000000000   0.000000000
      0.233289220   0.000000000   0.000000000   0.000000000   0.000000000   0.000000000   0.000000000
       0.000000000   1.000000000
$ P-TYPE FUNCTIONS
    7    7    0
    102.261920000   1.000000000   0.000000000   0.000000000   0.000000000   0.000000000   0.000000000
       0.000000000
     23.938381000   0.000000000   1.000000000   0.000000000   0.000000000   0.000000000   0.000000000
       0.000000000
      7.520591400   0.000000000   0.000000000   1.000000000   0.000000000   0.000000000   0.000000000
       0.000000000
      2.772456600   0.000000000   0.000000000   0.000000000   1.000000000   0.000000000   0.000000000
       0.000000000
      1.100051400   0.000000000   0.000000000   0.000000000   0.000000000   1.000000000   0.000000000
       0.000000000
      0.446775120   0.000000000   0.000000000   0.000000000   0.000000000   0.000000000   1.000000000
       0.000000000
      0.171870090   0.000000000   0.000000000   0.000000000   0.000000000   0.000000000   0.000000000
       1.000000000
$ D-TYPE FUNCTIONS
    3    3    0
      3.200000000   1.000000000   0.000000000   0.000000000
      0.800000000   0.000000000   1.000000000   0.000000000
      0.200000000   0.000000000   0.000000000   1.000000000
$ F-TYPE FUNCTIONS
    1    1    0
      1.000000000   1.000000000
a 15
$ PHOSPHORUS   (12s,8p,4d,2f) -> [9s,8p,4d,2f]
$ S-TYPE FUNCTIONS
   12    9    0
  77492.398000000   0.000329060   0.000000000   0.000000000   0.000000000   0.000000000   0.000000000
       0.000000000   0.000000000   0.000000000
  11605.794000000   0.002551740   0.000000000   0.000000000   0.000000000   0.000000000   0.000000000
       0.000000000   0.000000000   0.000000000
   2645.962800000   0.013130110   0.000000000   0.000000000   0.000000000   0.000000000   0.000000000
       0.000000000   0.000000000   0.000000000
    753.977630000   0.051896900   0.000000000   0.000000000   0.000000000   0.000000000   0.000000000
       0.000000000   0.000000000   0.000000000
    248.754030000   0.000000000   1.000000000   0.000000000   0.000000000   0.000000000   0.000000000
       0.000000000   0.000000000   0.000000000
     91.156623000   0.000000000   0.000000000   1.000000000   0.000000000   0.000000000   0.000000000
       0.000000000   0.000000000   0.000000000
     36.225618000   0.000000000   0.000000000   0.000000000   1.000000000   0.000000000   0.000000000
       0.000000000   0.000000000   0.000000000
     15.211155000   0.000000000   0.000000000   0.000000000   0.000000000   1.000000000   0.000000000
       0.000000000   0.000000000   0.000000000
      4.713948500   0.000000000   0.000000000   0.000000000   0.000000000   0.000000000   1.000000000
       0.000000000   0.000000000   0.000000000
      1.782543200   0.000000000   0.000000000   0.000000000   0.000000000   0.000000000   0.000000000
       1.000000000   0.000000000   0.000000000
      0.342712730   0.000000000   0.000000000   0.000000000   0.000000000   0.000000000   0.000000000
       0.000000000   1.000000000   0.000000000
      0.124710950   0.000000000   0.000000000   0.000000000   0.000000000   0.000000000   0.000000000
       0.000000000   0.000000000   1.000000000
$ P-TYPE FUNCTIONS
    8    8    0
    447.038820000   1.000000000   0.000000000   0.000000000   0.000000000   0.000000000   0.000000000
       0.000000000   0.000000000
    108.298270000   0.000000000   1.000000000   0.000000000   0.000000000   0.000000000   0.000000000
       0.000000000   0.000000000
     34.767388000   0.000000000   0.000000000   1.000000000   0.000000000   0.000000000   0.000000000
       0.000000000   0.000000000
     12.583379000   0.000000000   0.000000000   0.000000000   1.000000000   0.000000000   0.000000000
       0.000000000   0.000000000
      4.698854900   0.000000000   0.000000000   0.000000000   0.000000000   1.000000000   0.000000000
       0.000000000   0.000000000
      1.752759900   0.000000000   0.000000000   0.000000000   0.000000000   0.000000000   1.000000000
       0.000000000   0.000000000
      0.422095490   0.000000000   0.000000000   0.000000000   0.000000000   0.000000000   0.000000000
       1.000000000   0.000000000
      0.125320920   0.000000000   0.000000000   0.000000000   0.000000000   0.000000000   0.000000000
       0.000000000   1.000000000
$ D-TYPE FUNCTIONS
    4    4    0
      9.600000000   1.000000000   0.000000000   0.000000000   0.000000000
      2.400000000   0.000000000   1.000000000   0.000000000   0.000000000
      0.600000000   0.000000000   0.000000000   1.000000000   0.000000000
      0.150000000   0.000000000   0.000000000   0.000000000   1.000000000
$ F-TYPE FUNCTIONS
    2    2    0
      1.500000000   1.000000000   0.000000000
      0.500000000   0.000000000   1.000000000
a 16
$ SULFUR       (12s,8p,4d,2f) -> [9s,8p,4d,2f]
$ S-TYPE FUNCTIONS
   12    9    0
  94181.100000000   0.000305571   0.000000000   0.000000000   0.000000000   0.000000000   0.000000000
       0.000000000   0.000000000   0.000000000
  13921.800000000   0.002401035   0.000000000   0.000000000   0.000000000   0.000000000   0.000000000
       0.000000000   0.000000000   0.000000000
   3168.040000000   0.012354308   0.000000000   0.000000000   0.000000000   0.000000000   0.000000000
       0.000000000   0.000000000   0.000000000
    901.843000000   0.049099148   0.000000000   0.000000000   0.000000000   0.000000000   0.000000000
       0.000000000   0.000000000   0.000000000
    296.954000000   0.000000000   1.000000000   0.000000000   0.000000000   0.000000000   0.000000000
       0.000000000   0.000000000   0.000000000
    108.669000000   0.000000000   0.000000000   1.000000000   0.000000000   0.000000000   0.000000000
       0.000000000   0.000000000   0.000000000
     43.157900000   0.000000000   0.000000000   0.000000000   1.000000000   0.000000000   0.000000000
       0.000000000   0.000000000   0.000000000
     18.116800000   0.000000000   0.000000000   0.000000000   0.000000000   1.000000000   0.000000000
       0.000000000   0.000000000   0.000000000
      5.570960000   0.000000000   0.000000000   0.000000000   0.000000000   0.000000000   1.000000000
       0.000000000   0.000000000   0.000000000
      2.142870000   0.000000000   0.000000000   0.000000000   0.000000000   0.000000000   0.000000000
       1.000000000   0.000000000   0.000000000
      0.434389000   0.000000000   0.000000000   0.000000000   0.000000000   0.000000000   0.000000000
       0.000000000   1.000000000   0.000000000
      0.157093000   0.000000000   0.000000000   0.000000000   0.000000000   0.000000000   0.000000000
       0.000000000   0.000000000   1.000000000
$ P-TYPE FUNCTIONS
    8    8    0
    532.031270000   1.000000000   0.000000000   0.000000000   0.000000000   0.000000000   0.000000000
       0.000000000   0.000000000
    126.637010000   0.000000000   1.000000000   0.000000000   0.000000000   0.000000000   0.000000000
       0.000000000   0.000000000
     39.752348000   0.000000000   0.000000000   1.000000000   0.000000000   0.000000000   0.000000000
       0.000000000   0.000000000
     14.140243000   0.000000000   0.000000000   0.000000000   1.000000000   0.000000000   0.000000000
       0.000000000   0.000000000
      5.260691000   0.000000000   0.000000000   0.000000000   0.000000000   1.000000000   0.000000000
       0.000000000   0.000000000
      2.006355000   0.000000000   0.000000000   0.000000000   0.000000000   0.000000000   1.000000000
       0.000000000   0.000000000
      0.515970930   0.000000000   0.000000000   0.000000000   0.000000000   0.000000000   0.000000000
       1.000000000   0.000000000
      0.149465460   0.000000000   0.000000000   0.000000000   0.000000000   0.000000000   0.000000000
       0.000000000   1.000000000
$ D-TYPE FUNCTIONS
    4    4    0
      9.600000000   1.000000000   0.000000000   0.000000000   0.000000000
      2.400000000   0.000000000   1.000000000   0.000000000   0.000000000
      0.600000000   0.000000000   0.000000000   1.000000000   0.000000000
      0.150000000   0.000000000   0.000000000   0.000000000   1.000000000
$ F-TYPE FUNCTIONS
    2    2    0
      1.500000000   1.000000000   0.000000000
      0.500000000   0.000000000   1.000000000

