$Basis = McLean/Chandler VTZ

$Elements supported
$Na Mg Al Si P S Cl Ar
$
$ REFERENCE
$ A.D. MCLEAN AND G.S. CHANDLER, CHEM. PHYS. 72, 5639, (1980)
$
a 11
$ SODIUM       (12s,9p) -> [6s,5p]
$ S-TYPE FUNCTIONS
   13    6    0
  36166.400000000   0.001032000   0.000000000   0.000000000   0.000000000   0.000000000   0.000000000
   5372.580000000   0.008071000   0.000000000   0.000000000   0.000000000   0.000000000   0.000000000
   1213.210000000   0.042129000   0.000000000   0.000000000   0.000000000   0.000000000   0.000000000
    339.623000000   0.169789000   0.000000000   0.000000000   0.000000000   0.000000000   0.000000000
    109.553000000   0.514621000   0.000000000   0.000000000   0.000000000   0.000000000   0.000000000
     38.777300000   0.379817000   0.000000000   0.000000000   0.000000000   0.000000000   0.000000000
     38.777300000   0.000000000   0.374762000   0.000000000   0.000000000   0.000000000   0.000000000
     14.575900000   0.000000000   0.575769000   0.000000000   0.000000000   0.000000000   0.000000000
      5.269930000   0.000000000   0.112933000   0.000000000   0.000000000   0.000000000   0.000000000
      1.827770000   0.000000000   0.000000000   1.000000000   0.000000000   0.000000000   0.000000000
      0.619948000   0.000000000   0.000000000   0.000000000   1.000000000   0.000000000   0.000000000
      0.057240000   0.000000000   0.000000000   0.000000000   0.000000000   1.000000000   0.000000000
      0.024048000   0.000000000   0.000000000   0.000000000   0.000000000   0.000000000   1.000000000
$ P-TYPE FUNCTIONS
    9    5    0
    144.645000000   0.011485000   0.000000000   0.000000000   0.000000000   0.000000000
     33.907400000   0.082383000   0.000000000   0.000000000   0.000000000   0.000000000
     10.628500000   0.319658000   0.000000000   0.000000000   0.000000000   0.000000000
      3.823890000   0.701295000   0.000000000   0.000000000   0.000000000   0.000000000
      1.444290000   0.000000000   0.638506000   0.000000000   0.000000000   0.000000000
      0.552621000   0.000000000   0.425365000   0.000000000   0.000000000   0.000000000
      0.188720000   0.000000000   0.000000000   1.000000000   0.000000000   0.000000000
      0.046501000   0.000000000   0.000000000   0.000000000   1.000000000   0.000000000
      0.016285000   0.000000000   0.000000000   0.000000000   0.000000000   1.000000000
a 12
$ MAGNESIUM    (12s,9p) -> [6s,5p]
$ S-TYPE FUNCTIONS
   13    6    0
  43866.500000000   0.000918000   0.000000000   0.000000000   0.000000000   0.000000000   0.000000000
   6605.370000000   0.007047000   0.000000000   0.000000000   0.000000000   0.000000000   0.000000000
   1513.260000000   0.035941000   0.000000000   0.000000000   0.000000000   0.000000000   0.000000000
    432.317000000   0.141461000   0.000000000   0.000000000   0.000000000   0.000000000   0.000000000
    142.149000000   0.426764000   0.000000000   0.000000000   0.000000000   0.000000000   0.000000000
     51.398300000   0.497975000   0.000000000   0.000000000   0.000000000   0.000000000   0.000000000
     51.398300000   0.000000000   0.251355000   0.000000000   0.000000000   0.000000000   0.000000000
     19.919600000   0.000000000   0.618671000   0.000000000   0.000000000   0.000000000   0.000000000
      8.024740000   0.000000000   0.188417000   0.000000000   0.000000000   0.000000000   0.000000000
      2.508170000   0.000000000   0.000000000   1.000000000   0.000000000   0.000000000   0.000000000
      0.871531000   0.000000000   0.000000000   0.000000000   1.000000000   0.000000000   0.000000000
      0.108188000   0.000000000   0.000000000   0.000000000   0.000000000   1.000000000   0.000000000
      0.040130000   0.000000000   0.000000000   0.000000000   0.000000000   0.000000000   1.000000000
$ P-TYPE FUNCTIONS
    9    5    0
    193.854000000   0.010188000   0.000000000   0.000000000   0.000000000   0.000000000
     45.442000000   0.075360000   0.000000000   0.000000000   0.000000000   0.000000000
     14.186400000   0.307419000   0.000000000   0.000000000   0.000000000   0.000000000
      5.057510000   0.717575000   0.000000000   0.000000000   0.000000000   0.000000000
      1.888610000   0.000000000   0.667339000   0.000000000   0.000000000   0.000000000
      0.722652000   0.000000000   0.394649000   0.000000000   0.000000000   0.000000000
      0.236417000   0.000000000   0.000000000   1.000000000   0.000000000   0.000000000
      0.093358000   0.000000000   0.000000000   0.000000000   1.000000000   0.000000000
      0.034809000   0.000000000   0.000000000   0.000000000   0.000000000   1.000000000
a 13
$ ALUMINUM     (12s,9p) -> [6s,5p]
$ S-TYPE FUNCTIONS
   13    6    0
  54866.489000000   0.000839000   0.000000000   0.000000000   0.000000000   0.000000000   0.000000000
   8211.766500000   0.006527000   0.000000000   0.000000000   0.000000000   0.000000000   0.000000000
   1866.176100000   0.033666000   0.000000000   0.000000000   0.000000000   0.000000000   0.000000000
    531.129340000   0.132902000   0.000000000   0.000000000   0.000000000   0.000000000   0.000000000
    175.117970000   0.401266000   0.000000000   0.000000000   0.000000000   0.000000000   0.000000000
     64.005500000   0.531338000   0.000000000   0.000000000   0.000000000   0.000000000   0.000000000
     64.005500000   0.000000000   0.202305000   0.000000000   0.000000000   0.000000000   0.000000000
     25.292507000   0.000000000   0.624790000   0.000000000   0.000000000   0.000000000   0.000000000
     10.534910000   0.000000000   0.227439000   0.000000000   0.000000000   0.000000000   0.000000000
      3.206711000   0.000000000   0.000000000   1.000000000   0.000000000   0.000000000   0.000000000
      1.152555000   0.000000000   0.000000000   0.000000000   1.000000000   0.000000000   0.000000000
      0.176678000   0.000000000   0.000000000   0.000000000   0.000000000   1.000000000   0.000000000
      0.652370000   0.000000000   0.000000000   0.000000000   0.000000000   0.000000000   1.000000000
$ P-TYPE FUNCTIONS
    9    5    0
    259.283620000   0.009448000   0.000000000   0.000000000   0.000000000   0.000000000
     61.076870000   0.070974000   0.000000000   0.000000000   0.000000000   0.000000000
     19.303237000   0.295636000   0.000000000   0.000000000   0.000000000   0.000000000
      7.010882000   0.728219000   0.000000000   0.000000000   0.000000000   0.000000000
      2.673865000   0.000000000   0.644467000   0.000000000   0.000000000   0.000000000
      1.036596000   0.000000000   0.417413000   0.000000000   0.000000000   0.000000000
      0.316819000   0.000000000   0.000000000   1.000000000   0.000000000   0.000000000
      0.114257000   0.000000000   0.000000000   0.000000000   1.000000000   0.000000000
      0.041397000   0.000000000   0.000000000   0.000000000   0.000000000   1.000000000
a 14
$ SILICON      (12s,9p) -> [6s,5p]
$ S-TYPE FUNCTIONS
   13    6    0
  69379.230000000   0.000757000   0.000000000   0.000000000   0.000000000   0.000000000   0.000000000
  10354.940000000   0.005932000   0.000000000   0.000000000   0.000000000   0.000000000   0.000000000
   2333.879600000   0.031088000   0.000000000   0.000000000   0.000000000   0.000000000   0.000000000
    657.142950000   0.124967000   0.000000000   0.000000000   0.000000000   0.000000000   0.000000000
    214.301130000   0.386897000   0.000000000   0.000000000   0.000000000   0.000000000   0.000000000
     77.629168000   0.554888000   0.000000000   0.000000000   0.000000000   0.000000000   0.000000000
     77.629168000   0.000000000   0.177881000   0.000000000   0.000000000   0.000000000   0.000000000
     30.630807000   0.000000000   0.627765000   0.000000000   0.000000000   0.000000000   0.000000000
     12.801295000   0.000000000   0.247623000   0.000000000   0.000000000   0.000000000   0.000000000
      3.926866000   0.000000000   0.000000000   1.000000000   0.000000000   0.000000000   0.000000000
      1.452343000   0.000000000   0.000000000   0.000000000   1.000000000   0.000000000   0.000000000
      0.256234000   0.000000000   0.000000000   0.000000000   0.000000000   1.000000000   0.000000000
      0.094279000   0.000000000   0.000000000   0.000000000   0.000000000   0.000000000   1.000000000
$ P-TYPE FUNCTIONS
    9    5    0
    335.483190000   0.008866000   0.000000000   0.000000000   0.000000000   0.000000000
     78.900366000   0.068299000   0.000000000   0.000000000   0.000000000   0.000000000
     24.988150000   0.290958000   0.000000000   0.000000000   0.000000000   0.000000000
      9.219711000   0.732117000   0.000000000   0.000000000   0.000000000   0.000000000
      3.621140000   0.000000000   0.619879000   0.000000000   0.000000000   0.000000000
      1.451310000   0.000000000   0.439148000   0.000000000   0.000000000   0.000000000
      0.504977000   0.000000000   0.000000000   1.000000000   0.000000000   0.000000000
      0.186317000   0.000000000   0.000000000   0.000000000   1.000000000   0.000000000
      0.065432000   0.000000000   0.000000000   0.000000000   0.000000000   1.000000000
a 15
$ PHOSPHORUS   (12s,9p) -> [6s,5p]
$ S-TYPE FUNCTIONS
   13    6    0
  77492.400000000   0.000781000   0.000000000   0.000000000   0.000000000   0.000000000   0.000000000
  11605.800000000   0.006068000   0.000000000   0.000000000   0.000000000   0.000000000   0.000000000
   2645.960000000   0.031160000   0.000000000   0.000000000   0.000000000   0.000000000   0.000000000
    754.980000000   0.123431000   0.000000000   0.000000000   0.000000000   0.000000000   0.000000000
    248.755000000   0.378209000   0.000000000   0.000000000   0.000000000   0.000000000   0.000000000
     91.156500000   0.563262000   0.000000000   0.000000000   0.000000000   0.000000000   0.000000000
     91.156500000   0.000000000   0.160255000   0.000000000   0.000000000   0.000000000   0.000000000
     36.225700000   0.000000000   0.627647000   0.000000000   0.000000000   0.000000000   0.000000000
     15.211300000   0.000000000   0.263849000   0.000000000   0.000000000   0.000000000   0.000000000
      4.794170000   0.000000000   0.000000000   1.000000000   0.000000000   0.000000000   0.000000000
      1.807930000   0.000000000   0.000000000   0.000000000   1.000000000   0.000000000   0.000000000
      0.356816000   0.000000000   0.000000000   0.000000000   0.000000000   1.000000000   0.000000000
      0.114783000   0.000000000   0.000000000   0.000000000   0.000000000   0.000000000   1.000000000
$ P-TYPE FUNCTIONS
    9    5    0
    384.843000000   0.009206000   0.000000000   0.000000000   0.000000000   0.000000000
     90.552100000   0.069874000   0.000000000   0.000000000   0.000000000   0.000000000
     29.133900000   0.292470000   0.000000000   0.000000000   0.000000000   0.000000000
     10.886200000   0.728103000   0.000000000   0.000000000   0.000000000   0.000000000
      4.352590000   0.000000000   0.628349000   0.000000000   0.000000000   0.000000000
      1.777060000   0.000000000   0.428044000   0.000000000   0.000000000   0.000000000
      0.697005000   0.000000000   0.000000000   1.000000000   0.000000000   0.000000000
      0.253532000   0.000000000   0.000000000   0.000000000   1.000000000   0.000000000
      0.068493000   0.000000000   0.000000000   0.000000000   0.000000000   1.000000000
a 16
$ SULFUR       (12s,9p) -> [6s,5p]
$ S-TYPE FUNCTIONS
   13    6    0
  93413.400000000   0.000743000   0.000000000   0.000000000   0.000000000   0.000000000   0.000000000
  13961.700000000   0.005793000   0.000000000   0.000000000   0.000000000   0.000000000   0.000000000
   3169.910000000   0.029954000   0.000000000   0.000000000   0.000000000   0.000000000   0.000000000
    902.456000000   0.119028000   0.000000000   0.000000000   0.000000000   0.000000000   0.000000000
    297.158000000   0.368432000   0.000000000   0.000000000   0.000000000   0.000000000   0.000000000
    108.702000000   0.577299000   0.000000000   0.000000000   0.000000000   0.000000000   0.000000000
    108.702000000   0.000000000   0.143186000   0.000000000   0.000000000   0.000000000   0.000000000
     43.155300000   0.000000000   0.624465000   0.000000000   0.000000000   0.000000000   0.000000000
     18.107900000   0.000000000   0.283366000   0.000000000   0.000000000   0.000000000   0.000000000
      5.560090000   0.000000000   0.000000000   1.000000000   0.000000000   0.000000000   0.000000000
      2.131830000   0.000000000   0.000000000   0.000000000   1.000000000   0.000000000   0.000000000
      0.420403000   0.000000000   0.000000000   0.000000000   0.000000000   1.000000000   0.000000000
      0.136045000   0.000000000   0.000000000   0.000000000   0.000000000   0.000000000   1.000000000
$ P-TYPE FUNCTIONS
    9    5    0
    495.040000000   0.008309000   0.000000000   0.000000000   0.000000000   0.000000000
    117.221000000   0.064024000   0.000000000   0.000000000   0.000000000   0.000000000
     37.774900000   0.277614000   0.000000000   0.000000000   0.000000000   0.000000000
     14.058400000   0.745076000   0.000000000   0.000000000   0.000000000   0.000000000
      5.565740000   0.000000000   0.613712000   0.000000000   0.000000000   0.000000000
      2.262970000   0.000000000   0.443818000   0.000000000   0.000000000   0.000000000
      0.807994000   0.000000000   0.000000000   1.000000000   0.000000000   0.000000000
      0.277460000   0.000000000   0.000000000   0.000000000   1.000000000   0.000000000
      0.077141000   0.000000000   0.000000000   0.000000000   0.000000000   1.000000000
a 17
$ CHLORINE     (12s,9p) -> [6s,5p]
$ S-TYPE FUNCTIONS
   13    6    0
 105819.000000000   0.000738000   0.000000000   0.000000000   0.000000000   0.000000000   0.000000000
  15872.000000000   0.005718000   0.000000000   0.000000000   0.000000000   0.000000000   0.000000000
   3619.650000000   0.029495000   0.000000000   0.000000000   0.000000000   0.000000000   0.000000000
   1030.800000000   0.117286000   0.000000000   0.000000000   0.000000000   0.000000000   0.000000000
    339.908000000   0.362949000   0.000000000   0.000000000   0.000000000   0.000000000   0.000000000
    124.538000000   0.584149000   0.000000000   0.000000000   0.000000000   0.000000000   0.000000000
    124.538000000   0.000000000   0.134177000   0.000000000   0.000000000   0.000000000   0.000000000
     49.513500000   0.000000000   0.624250000   0.000000000   0.000000000   0.000000000   0.000000000
     20.805600000   0.000000000   0.291756000   0.000000000   0.000000000   0.000000000   0.000000000
      6.583460000   0.000000000   0.000000000   1.000000000   0.000000000   0.000000000   0.000000000
      2.564680000   0.000000000   0.000000000   0.000000000   1.000000000   0.000000000   0.000000000
      0.559763000   0.000000000   0.000000000   0.000000000   0.000000000   1.000000000   0.000000000
      0.183273000   0.000000000   0.000000000   0.000000000   0.000000000   0.000000000   1.000000000
$ P-TYPE FUNCTIONS
   10    5    0
    589.776000000   0.002391000   0.000000000   0.000000000   0.000000000   0.000000000
    139.849000000   0.018504000   0.000000000   0.000000000   0.000000000   0.000000000
     45.141300000   0.081377000   0.000000000   0.000000000   0.000000000   0.000000000
     16.873300000   0.221552000   0.000000000   0.000000000   0.000000000   0.000000000
      6.741100000   0.772569000   0.000000000   0.000000000   0.000000000   0.000000000
      6.741100000   0.000000000  -1.572244000   0.000000000   0.000000000   0.000000000
      2.771520000   0.000000000   0.992389000   0.000000000   0.000000000   0.000000000
      1.023870000   0.000000000   0.000000000   1.000000000   0.000000000   0.000000000
      0.381368000   0.000000000   0.000000000   0.000000000   1.000000000   0.000000000
      0.109437000   0.000000000   0.000000000   0.000000000   0.000000000   1.000000000
a 18
$ ARGON        (12s,9p) -> [6s,5p]
$ S-TYPE FUNCTIONS
   13    6    0
 118022.380000000   0.000747000   0.000000000   0.000000000   0.000000000   0.000000000   0.000000000
  17683.541000000   0.005790000   0.000000000   0.000000000   0.000000000   0.000000000   0.000000000
   4027.765700000   0.029919000   0.000000000   0.000000000   0.000000000   0.000000000   0.000000000
   1145.397700000   0.119206000   0.000000000   0.000000000   0.000000000   0.000000000   0.000000000
    377.163750000   0.369028000   0.000000000   0.000000000   0.000000000   0.000000000   0.000000000
    138.159690000   0.576459000   0.000000000   0.000000000   0.000000000   0.000000000   0.000000000
    138.159690000   0.000000000   0.143927000   0.000000000   0.000000000   0.000000000   0.000000000
     54.989117000   0.000000000   0.622938000   0.000000000   0.000000000   0.000000000   0.000000000
     23.170667000   0.000000000   0.283964000   0.000000000   0.000000000   0.000000000   0.000000000
      7.377860000   0.000000000   0.000000000   1.000000000   0.000000000   0.000000000   0.000000000
      2.923688000   0.000000000   0.000000000   0.000000000   1.000000000   0.000000000   0.000000000
      0.650405000   0.000000000   0.000000000   0.000000000   0.000000000   1.000000000   0.000000000
      0.232825000   0.000000000   0.000000000   0.000000000   0.000000000   0.000000000   1.000000000
$ P-TYPE FUNCTIONS
   10    5    0
    663.062010000   0.003082000   0.000000000   0.000000000   0.000000000   0.000000000
    157.092810000   0.024165000   0.000000000   0.000000000   0.000000000   0.000000000
     50.231100000   0.108223000   0.000000000   0.000000000   0.000000000   0.000000000
     18.635345000   0.294192000   0.000000000   0.000000000   0.000000000   0.000000000
      7.446537000   0.687862000   0.000000000   0.000000000   0.000000000   0.000000000
      7.446537000   0.000000000  -0.121448200   0.000000000   0.000000000   0.000000000
      3.095698000   0.000000000   0.163237000   0.000000000   0.000000000   0.000000000
      1.106463000   0.000000000   0.000000000   1.000000000   0.000000000   0.000000000
      0.415601000   0.000000000   0.000000000   0.000000000   1.000000000   0.000000000
      0.145449000   0.000000000   0.000000000   0.000000000   0.000000000   1.000000000


