$Basis = Sadlej-pVTZ-J {previously sad-J}

$Elements supported
$H C N O S
$
$ REFERENCE   P. F. Provasi, G. A. Aucar and S. P. A. Sauer, J. Chem. Phys. 115, 1324 (2001)
$             A. J. Sadlej, Coll. Czech. Chem. Commun. 53,1995 (1988).
$             A. J. Sadlej, Theor. Chim. Acta 79, 123 (1991).
$
************************************************************************
a 1
$ HYDROGEN     (10s,4p) -> [6s,4p]
$ S-TYPE FUNCTIONS
   10    6    0
  64369.360000000   0.000000429   0.000000000   0.000000000   0.000000000   0.000000000   0.000000000
   9735.731200000   0.000003152   0.000000000   0.000000000   0.000000000   0.000000000   0.000000000
   1472.509000000   0.000043450   0.000000000   0.000000000   0.000000000   0.000000000   0.000000000
    222.713910000   0.000368500   0.000000000   0.000000000   0.000000000   0.000000000   0.000000000
     33.685014000   0.004744000   0.000000000   0.000000000   0.000000000   0.000000000   0.000000000
      5.094788000   0.037140000   1.000000000   0.000000000   0.000000000   0.000000000   0.000000000
      1.158786000   0.156100000   0.000000000   1.000000000   0.000000000   0.000000000   0.000000000
      0.325840000   0.285000000   0.000000000   0.000000000   1.000000000   0.000000000   0.000000000
      0.102741000   0.000000000   0.000000000   0.000000000   0.000000000   1.000000000   0.000000000
      0.032400000   0.000000000   0.000000000   0.000000000   0.000000000   0.000000000   1.000000000
$ P-TYPE FUNCTIONS
    4    4    0
      1.158800000   1.000000000   0.000000000   0.000000000   0.000000000
      0.325800000   0.000000000   1.000000000   0.000000000   0.000000000
      0.102700000   0.000000000   0.000000000   1.000000000   0.000000000
      0.032400000   0.000000000   0.000000000   0.000000000   1.000000000
a 6
$ CARBON       (14s,5p,4d) -> [9s,5p,4d]
$ S-TYPE FUNCTIONS
   14    9    0
 10559364.0000000   0.000000072   0.000000000   0.000000000   0.000000000   0.000000000   0.000000000
       0.000000000   0.000000000   0.000000000
 1576065.70000000   0.000000544   0.000000000   0.000000000   0.000000000   0.000000000   0.000000000
       0.000000000   0.000000000   0.000000000
 235239.830000000   0.000007599   0.000000000   0.000000000   0.000000000   0.000000000   0.000000000
       0.000000000   0.000000000   0.000000000
  35111.339000000   0.000065780   0.000000000   0.000000000   0.000000000   0.000000000   0.000000000
       0.000000000   0.000000000   0.000000000
   5240.635300000   0.000864400   0.000000000   0.000000000   0.000000000   0.000000000   0.000000000
       0.000000000   0.000000000   0.000000000
    782.204800000   0.007289000   0.000000000   0.000000000   0.000000000   0.000000000   0.000000000
       0.000000000   0.000000000   0.000000000
    178.350830000   0.036240000   1.000000000   0.000000000   0.000000000   0.000000000   0.000000000
       0.000000000   0.000000000   0.000000000
     50.815942000   0.130600000   0.000000000   1.000000000   0.000000000   0.000000000   0.000000000
       0.000000000   0.000000000   0.000000000
     16.823562000   0.318500000   0.000000000   0.000000000   1.000000000   0.000000000   0.000000000
       0.000000000   0.000000000   0.000000000
      6.175776000   0.437900000   0.000000000   0.000000000   0.000000000   1.000000000   0.000000000
       0.000000000   0.000000000   0.000000000
      2.418049000   0.215000000   0.000000000   0.000000000   0.000000000   0.000000000   1.000000000
       0.000000000   0.000000000   0.000000000
      0.511900000   0.013660000   0.000000000   0.000000000   0.000000000   0.000000000   0.000000000
       1.000000000   0.000000000   0.000000000
      0.156590000   0.000000000   0.000000000   0.000000000   0.000000000   0.000000000   0.000000000
       0.000000000   1.000000000   0.000000000
      0.047900000   0.000000000   0.000000000   0.000000000   0.000000000   0.000000000   0.000000000
       0.000000000   0.000000000   1.000000000
$ P-TYPE FUNCTIONS
    6    5    0
     18.841800000   0.009572000   0.000000000   0.000000000   0.000000000   0.000000000
      4.159240000   0.056880000   0.000000000   0.000000000   0.000000000   0.000000000
      1.206710000   0.190400000   1.000000000   0.000000000   0.000000000   0.000000000
      0.385540000   0.312600000   0.000000000   1.000000000   0.000000000   0.000000000
      0.121940000   0.000000000   0.000000000   0.000000000   1.000000000   0.000000000
      0.038568000   0.000000000   0.000000000   0.000000000   0.000000000   1.000000000
$ D-TYPE FUNCTIONS
    4    4    0
      1.206710000   1.000000000   0.000000000   0.000000000   0.000000000
      0.385540000   0.000000000   1.000000000   0.000000000   0.000000000
      0.121940000   0.000000000   0.000000000   1.000000000   0.000000000
      0.038658000   0.000000000   0.000000000   0.000000000   1.000000000
a 7
$ NITROGEN     (14s,5p,2d) -> [9s,5p,4d]
$ S-TYPE FUNCTIONS
   14    9    0
 15986424.0000000   0.000000065   0.000000000   0.000000000   0.000000000   0.000000000   0.000000000
       0.000000000   0.000000000   0.000000000
 2398773.90000000   0.000000466   0.000000000   0.000000000   0.000000000   0.000000000   0.000000000
       0.000000000   0.000000000   0.000000000
 359937.660000000   0.000006681   0.000000000   0.000000000   0.000000000   0.000000000   0.000000000
       0.000000000   0.000000000   0.000000000
  54008.894000000   0.000055950   0.000000000   0.000000000   0.000000000   0.000000000   0.000000000
       0.000000000   0.000000000   0.000000000
   8104.071600000   0.000748100   0.000000000   0.000000000   0.000000000   0.000000000   0.000000000
       0.000000000   0.000000000   0.000000000
   1216.021500000   0.006131000   0.000000000   0.000000000   0.000000000   0.000000000   0.000000000
       0.000000000   0.000000000   0.000000000
    277.234280000   0.032020000   1.000000000   0.000000000   0.000000000   0.000000000   0.000000000
       0.000000000   0.000000000   0.000000000
     76.904023000   0.117600000   0.000000000   1.000000000   0.000000000   0.000000000   0.000000000
       0.000000000   0.000000000   0.000000000
     25.874419000   0.293400000   0.000000000   0.000000000   1.000000000   0.000000000   0.000000000
       0.000000000   0.000000000   0.000000000
      9.346767000   0.451000000   0.000000000   0.000000000   0.000000000   1.000000000   0.000000000
       0.000000000   0.000000000   0.000000000
      3.579794000   0.242200000   0.000000000   0.000000000   0.000000000   0.000000000   1.000000000
       0.000000000   0.000000000   0.000000000
      0.739610000   0.016670000   0.000000000   0.000000000   0.000000000   0.000000000   0.000000000
       1.000000000   0.000000000   0.000000000
      0.222617000   0.000000000   0.000000000   0.000000000   0.000000000   0.000000000   0.000000000
       0.000000000   1.000000000   0.000000000
      0.067006000   0.000000000   0.000000000   0.000000000   0.000000000   0.000000000   0.000000000
       0.000000000   0.000000000   1.000000000
$ P-TYPE FUNCTIONS
    6    5    0
     26.868987000   0.010250000   0.000000000   0.000000000   0.000000000   0.000000000
      5.991227000   0.062930000   0.000000000   0.000000000   0.000000000   0.000000000
      1.750842000   0.202900000   1.000000000   0.000000000   0.000000000   0.000000000
      0.560511000   0.329200000   0.000000000   1.000000000   0.000000000   0.000000000
      0.175948000   0.000000000   0.000000000   0.000000000   1.000000000   0.000000000
      0.055231000   0.000000000   0.000000000   0.000000000   0.000000000   1.000000000
$ D-TYPE FUNCTIONS
    4    4    0
      1.750842000   1.000000000   0.000000000   0.000000000   0.000000000
      0.560511000   0.000000000   1.000000000   0.000000000   0.000000000
      0.175948000   0.000000000   0.000000000   1.000000000   0.000000000
      0.055231000   0.000000000   0.000000000   0.000000000   1.000000000
a 8
$ OXYGEN       (14s,5p,4d) -> [9s,5p,4d]
$ S-TYPE FUNCTIONS
   14    9    0
 21041985.0000000   0.000000063   0.000000000   0.000000000   0.000000000   0.000000000   0.000000000
       0.000000000   0.000000000   0.000000000
 3157022.00000000   0.000000475   0.000000000   0.000000000   0.000000000   0.000000000   0.000000000
       0.000000000   0.000000000   0.000000000
 473661.950000000   0.000006562   0.000000000   0.000000000   0.000000000   0.000000000   0.000000000
       0.000000000   0.000000000   0.000000000
  71065.594000000   0.000056640   0.000000000   0.000000000   0.000000000   0.000000000   0.000000000
       0.000000000   0.000000000   0.000000000
  10662.285000000   0.000737000   0.000000000   0.000000000   0.000000000   0.000000000   0.000000000
       0.000000000   0.000000000   0.000000000
   1599.709700000   0.006210000   0.000000000   0.000000000   0.000000000   0.000000000   0.000000000
       0.000000000   0.000000000   0.000000000
    364.725260000   0.031080000   1.000000000   0.000000000   0.000000000   0.000000000   0.000000000
       0.000000000   0.000000000   0.000000000
    103.651790000   0.115700000   0.000000000   1.000000000   0.000000000   0.000000000   0.000000000
       0.000000000   0.000000000   0.000000000
     33.905805000   0.301200000   0.000000000   0.000000000   1.000000000   0.000000000   0.000000000
       0.000000000   0.000000000   0.000000000
     12.287469000   0.445300000   0.000000000   0.000000000   0.000000000   1.000000000   0.000000000
       0.000000000   0.000000000   0.000000000
      4.756805000   0.242100000   0.000000000   0.000000000   0.000000000   0.000000000   1.000000000
       0.000000000   0.000000000   0.000000000
      1.004271000   0.016460000   0.000000000   0.000000000   0.000000000   0.000000000   0.000000000
       1.000000000   0.000000000   0.000000000
      0.300686000   0.000000000   0.000000000   0.000000000   0.000000000   0.000000000   0.000000000
       0.000000000   1.000000000   0.000000000
      0.090030000   0.000000000   0.000000000   0.000000000   0.000000000   0.000000000   0.000000000
       0.000000000   0.000000000   1.000000000
$ P-TYPE FUNCTIONS
    6    5    0
     34.856463000   0.011700000   0.000000000   0.000000000   0.000000000   0.000000000
      7.843131000   0.071930000   0.000000000   0.000000000   0.000000000   0.000000000
      2.306249000   0.225100000   1.000000000   0.000000000   0.000000000   0.000000000
      0.723164000   0.359000000   0.000000000   1.000000000   0.000000000   0.000000000
      0.214882000   0.000000000   0.000000000   0.000000000   1.000000000   0.000000000
      0.063850000   0.000000000   0.000000000   0.000000000   0.000000000   1.000000000
$ D-TYPE FUNCTIONS
    4    4    0
      2.306200000   1.000000000   0.000000000   0.000000000   0.000000000
      0.723200000   0.000000000   1.000000000   0.000000000   0.000000000
      0.214900000   0.000000000   0.000000000   1.000000000   0.000000000
      0.063900000   0.000000000   0.000000000   0.000000000   1.000000000
a 16
$ SULFUR       (17s,10p,6d) -> [9s,7p,6d]
$ S-TYPE FUNCTIONS
   17    9    0
 255547377.000000   0.000000017  -0.000000005   0.000000000   0.000000000   0.000000000   0.000000000
       0.000000000   0.000000000   0.000000000
 35889284.0000000   0.000000133  -0.000000037   0.000000000   0.000000000   0.000000000   0.000000000
       0.000000000   0.000000000   0.000000000
 5040320.70000000   0.000002069  -0.000000574   0.000000000   0.000000000   0.000000000   0.000000000
       0.000000000   0.000000000   0.000000000
 707866.810000000   0.000018790  -0.000005162   0.000000000   0.000000000   0.000000000   0.000000000
       0.000000000   0.000000000   0.000000000
  99413.400000000   0.000273900  -0.000075910   0.000000000   0.000000000   0.000000000   0.000000000
       0.000000000   0.000000000   0.000000000
  13961.700000000   0.002435000  -0.000670200   0.000000000   0.000000000   0.000000000   0.000000000
       0.000000000   0.000000000   0.000000000
   3169.900000000   0.012310000  -0.003451000   0.000000000   0.000000000   0.000000000   0.000000000
       0.000000000   0.000000000   0.000000000
    902.460000000   0.049090000  -0.013820000   0.000000000   0.000000000   0.000000000   0.000000000
       0.000000000   0.000000000   0.000000000
    297.160000000   0.150900000  -0.046000000   0.000000000   0.000000000   0.000000000   0.000000000
       0.000000000   0.000000000   0.000000000
    108.702000000   0.331900000  -0.112700000   0.000000000   0.000000000   0.000000000   0.000000000
       0.000000000   0.000000000   0.000000000
     43.155000000   0.408500000  -0.205400000   1.000000000   0.000000000   0.000000000   0.000000000
       0.000000000   0.000000000   0.000000000
     18.108000000   0.185600000  -0.091170000   0.000000000   1.000000000   0.000000000   0.000000000
       0.000000000   0.000000000   0.000000000
      5.570500000   0.012410000   0.531100000   0.000000000   0.000000000   1.000000000   0.000000000
       0.000000000   0.000000000   0.000000000
      2.142700000  -0.001590000   0.585300000   0.000000000   0.000000000   0.000000000   1.000000000
       0.000000000   0.000000000   0.000000000
      0.434000000   0.000000000   0.000000000   0.000000000   0.000000000   0.000000000   0.000000000
       1.000000000   0.000000000   0.000000000
      0.157000000   0.000000000   0.000000000   0.000000000   0.000000000   0.000000000   0.000000000
       0.000000000   1.000000000   0.000000000
      0.056800000   0.000000000   0.000000000   0.000000000   0.000000000   0.000000000   0.000000000
       0.000000000   0.000000000   1.000000000
$ P-TYPE FUNCTIONS
   10    7    0
    495.040000000   0.003123000  -0.000763500   0.000000000   0.000000000   0.000000000   0.000000000
       0.000000000
    117.220000000   0.024250000  -0.005903000   0.000000000   0.000000000   0.000000000   0.000000000
       0.000000000
     37.507000000   0.106100000  -0.026760000   0.000000000   0.000000000   0.000000000   0.000000000
       0.000000000
     13.910000000   0.283000000  -0.072360000   0.000000000   0.000000000   0.000000000   0.000000000
       0.000000000
      5.504500000   0.439400000  -0.122500000   0.000000000   0.000000000   0.000000000   0.000000000
       0.000000000
      2.243300000   0.313900000  -0.070180000   1.000000000   0.000000000   0.000000000   0.000000000
       0.000000000
      0.776200000   0.045410000   0.261400000   0.000000000   1.000000000   0.000000000   0.000000000
       0.000000000
      0.291900000   0.000000000   0.000000000   0.000000000   0.000000000   1.000000000   0.000000000
       0.000000000
      0.102900000   0.000000000   0.000000000   0.000000000   0.000000000   0.000000000   1.000000000
       0.000000000
      0.036300000   0.000000000   0.000000000   0.000000000   0.000000000   0.000000000   0.000000000
       1.000000000
$ D-TYPE FUNCTIONS
    6    6    0
      5.488500000   1.000000000   0.000000000   0.000000000   0.000000000   0.000000000   0.000000000
      2.064000000   0.000000000   1.000000000   0.000000000   0.000000000   0.000000000   0.000000000
      0.776200000   0.000000000   0.000000000   1.000000000   0.000000000   0.000000000   0.000000000
      0.291900000   0.000000000   0.000000000   0.000000000   1.000000000   0.000000000   0.000000000
      0.102900000   0.000000000   0.000000000   0.000000000   0.000000000   1.000000000   0.000000000
      0.036300000   0.000000000   0.000000000   0.000000000   0.000000000   0.000000000   1.000000000


