$Basis = SV+DoubleRydberg(Dunning-Hay)

$Elements supported
$H Li Be B C N O F Ne
$
$  REFERENCE
$ T.H. DUNNING JR. AND P.J. HAY, IN METHODS OF ELECTRONIC STRUCTURE THEORY,
$ VOL. 2, H.F. SCHAEFER III, ED., PLENUM PRESS (1977).
$
$  POLARIZATION AND/OR DIFFUSE FUNCTIONS
$ T.H. DUNNING, JR. AND P.J. HARRISON, IN MODERN THEORETICAL CHEMISTRY, VOL.2
$ ED. H.F. SCHAEFER III (PLENUM PRESS, NEW YORK, 1977).
a 1
$ HYDROGEN     (4s) -> [2s]
$ S-TYPE FUNCTIONS
    4    2    0
     19.238400000   0.032828000   0.000000000
      2.898700000   0.231204000   0.000000000
      0.653500000   0.817226000   0.000000000
      0.177600000   0.000000000   1.000000000
a 3
$ LITHIUM      (9s,4p) -> [3s,2p]
$ S-TYPE FUNCTIONS
   10    3    0
    921.300000000   0.001367000   0.000000000   0.000000000
    138.700000000   0.010425000   0.000000000   0.000000000
     31.940000000   0.049859000   0.000000000   0.000000000
      9.353000000   0.160701000   0.000000000   0.000000000
      3.158000000   0.344604000   0.000000000   0.000000000
      1.157000000   0.425197000   0.000000000   0.000000000
      0.444600000   0.169468000   0.000000000   0.000000000
      0.444600000   0.000000000  -0.222311000   0.000000000
      0.076660000   0.000000000   1.116477000   0.000000000
      0.028640000   0.000000000   0.000000000   1.000000000
$ P-TYPE FUNCTIONS
    4    2    0
      1.488000000   0.038770000   0.000000000
      0.266700000   0.236257000   0.000000000
      0.072010000   0.830448000   0.000000000
      0.023700000   0.000000000   1.000000000
a 4
$ BERYLLIUM    (9s,5p) -> [3s,2p]
$ S-TYPE FUNCTIONS
   10    3    0
   1741.000000000   0.001305000   0.000000000   0.000000000
    262.100000000   0.009955000   0.000000000   0.000000000
     60.330000000   0.048031000   0.000000000   0.000000000
     17.620000000   0.158577000   0.000000000   0.000000000
      5.933000000   0.351325000   0.000000000   0.000000000
      2.185000000   0.427006000   0.000000000   0.000000000
      0.859000000   0.160490000   0.000000000   0.000000000
      2.185000000   0.000000000  -0.185294000   0.000000000
      0.180600000   0.000000000   1.057014000   0.000000000
      0.058350000   0.000000000   0.000000000   1.000000000
$ P-TYPE FUNCTIONS
    5    2    0
      6.710000000   0.016378000   0.000000000
      1.442000000   0.091553000   0.000000000
      0.410300000   0.341469000   0.000000000
      0.139700000   0.685428000   0.000000000
      0.049220000   0.000000000   1.000000000
a 5
$ BORON        (9s,5p) -> [3s,2p]
$ BORON        Rydberg (2s,2p,2d)
$ S-TYPE FUNCTIONS
   12    5    0
   2788.000000000   0.001288000   0.000000000   0.000000000   0.000000000   0.000000000
    419.000000000   0.009835000   0.000000000   0.000000000   0.000000000   0.000000000
     96.470000000   0.047648000   0.000000000   0.000000000   0.000000000   0.000000000
     28.070000000   0.160069000   0.000000000   0.000000000   0.000000000   0.000000000
      9.376000000   0.362894000   0.000000000   0.000000000   0.000000000   0.000000000
      3.406000000   0.433582000   0.000000000   0.000000000   0.000000000   0.000000000
      1.306000000   0.140082000   0.000000000   0.000000000   0.000000000   0.000000000
      3.406000000   0.000000000  -0.179330000   0.000000000   0.000000000   0.000000000
      0.324500000   0.000000000   1.062594000   0.000000000   0.000000000   0.000000000
      0.102200000   0.000000000   0.000000000   1.000000000   0.000000000   0.000000000
      0.019000000   0.000000000   0.000000000   0.000000000   1.000000000   0.000000000
      0.004700000   0.000000000   0.000000000   0.000000000   0.000000000   1.000000000
$ P-TYPE FUNCTIONS
    7    4    0
     11.340000000   0.017988000   0.000000000   0.000000000   0.000000000
      2.436000000   0.110343000   0.000000000   0.000000000   0.000000000
      0.683600000   0.383072000   0.000000000   0.000000000   0.000000000
      0.213400000   0.647895000   0.000000000   0.000000000   0.000000000
      0.070110000   0.000000000   1.000000000   0.000000000   0.000000000
      0.015000000   0.000000000   0.000000000   1.000000000   0.000000000
      0.004100000   0.000000000   0.000000000   0.000000000   1.000000000
$ D-TYPE FUNCTIONS
    2    2    0
      0.015000000   1.000000000   0.000000000
      0.003200000   0.000000000   1.000000000
a 6
$ CARBON       (9s,5p) -> [3s,2p]
$ CARBON       Rydberg (2s,2p,2d)
$ S-TYPE FUNCTIONS
   12    5    0
   4233.000000000   0.001220000   0.000000000   0.000000000   0.000000000   0.000000000
    634.900000000   0.009342000   0.000000000   0.000000000   0.000000000   0.000000000
    146.100000000   0.045452000   0.000000000   0.000000000   0.000000000   0.000000000
     42.500000000   0.154657000   0.000000000   0.000000000   0.000000000   0.000000000
     14.190000000   0.358866000   0.000000000   0.000000000   0.000000000   0.000000000
      5.148000000   0.438632000   0.000000000   0.000000000   0.000000000   0.000000000
      1.967000000   0.145918000   0.000000000   0.000000000   0.000000000   0.000000000
      5.148000000   0.000000000  -0.168367000   0.000000000   0.000000000   0.000000000
      0.496200000   0.000000000   1.060091000   0.000000000   0.000000000   0.000000000
      0.153300000   0.000000000   0.000000000   1.000000000   0.000000000   0.000000000
      0.023000000   0.000000000   0.000000000   0.000000000   1.000000000   0.000000000
      0.005500000   0.000000000   0.000000000   0.000000000   0.000000000   1.000000000
$ P-TYPE FUNCTIONS
    7    4    0
     18.160000000   0.018539000   0.000000000   0.000000000   0.000000000
      3.986000000   0.115436000   0.000000000   0.000000000   0.000000000
      1.143000000   0.386188000   0.000000000   0.000000000   0.000000000
      0.359400000   0.640114000   0.000000000   0.000000000   0.000000000
      0.114600000   0.000000000   1.000000000   0.000000000   0.000000000
      0.021000000   0.000000000   0.000000000   1.000000000   0.000000000
      0.004900000   0.000000000   0.000000000   0.000000000   1.000000000
$ D-TYPE FUNCTIONS
    2    2    0
      0.015000000   1.000000000   0.000000000
      0.003200000   0.000000000   1.000000000
a 7
$ NITROGEN     (9s,5p) -> [3s,2p]
$ NITROGEN     Rydberg (2s,2p,2d)
$ S-TYPE FUNCTIONS
   12    5    0
   5909.000000000   0.001190000   0.000000000   0.000000000   0.000000000   0.000000000
    887.500000000   0.009099000   0.000000000   0.000000000   0.000000000   0.000000000
    204.700000000   0.044145000   0.000000000   0.000000000   0.000000000   0.000000000
     59.840000000   0.150464000   0.000000000   0.000000000   0.000000000   0.000000000
     20.000000000   0.356741000   0.000000000   0.000000000   0.000000000   0.000000000
      7.193000000   0.446533000   0.000000000   0.000000000   0.000000000   0.000000000
      2.686000000   0.145603000   0.000000000   0.000000000   0.000000000   0.000000000
      7.193000000   0.000000000  -0.160405000   0.000000000   0.000000000   0.000000000
      0.700000000   0.000000000   1.058215000   0.000000000   0.000000000   0.000000000
      0.213300000   0.000000000   0.000000000   1.000000000   0.000000000   0.000000000
      0.028000000   0.000000000   0.000000000   0.000000000   1.000000000   0.000000000
      0.006600000   0.000000000   0.000000000   0.000000000   0.000000000   1.000000000
$ P-TYPE FUNCTIONS
    7    4    0
     26.790000000   0.018254000   0.000000000   0.000000000   0.000000000
      5.956000000   0.116461000   0.000000000   0.000000000   0.000000000
      1.707000000   0.390178000   0.000000000   0.000000000   0.000000000
      0.531400000   0.637102000   0.000000000   0.000000000   0.000000000
      0.165400000   0.000000000   1.000000000   0.000000000   0.000000000
      0.025000000   0.000000000   0.000000000   1.000000000   0.000000000
      0.005100000   0.000000000   0.000000000   0.000000000   1.000000000
$ D-TYPE FUNCTIONS
    2    2    0
      0.015000000   1.000000000   0.000000000
      0.003200000   0.000000000   1.000000000
a 8
$ OXYGEN       (9s,5p) -> [3s,2p]
$ OXYGEN       Rydberg (2s,2p,2d)
$ S-TYPE FUNCTIONS
   12    5    0
   7817.000000000   0.001176000   0.000000000   0.000000000   0.000000000   0.000000000
   1176.000000000   0.008968000   0.000000000   0.000000000   0.000000000   0.000000000
    273.200000000   0.042868000   0.000000000   0.000000000   0.000000000   0.000000000
     81.170000000   0.143930000   0.000000000   0.000000000   0.000000000   0.000000000
     27.180000000   0.355630000   0.000000000   0.000000000   0.000000000   0.000000000
      9.532000000   0.461248000   0.000000000   0.000000000   0.000000000   0.000000000
      3.414000000   0.140206000   0.000000000   0.000000000   0.000000000   0.000000000
      9.532000000   0.000000000  -0.154153000   0.000000000   0.000000000   0.000000000
      0.939800000   0.000000000   1.056914000   0.000000000   0.000000000   0.000000000
      0.284600000   0.000000000   0.000000000   1.000000000   0.000000000   0.000000000
      0.032000000   0.000000000   0.000000000   0.000000000   1.000000000   0.000000000
      0.006600000   0.000000000   0.000000000   0.000000000   0.000000000   1.000000000
$ P-TYPE FUNCTIONS
    7    4    0
     35.180000000   0.019580000   0.000000000   0.000000000   0.000000000
      7.904000000   0.124200000   0.000000000   0.000000000   0.000000000
      2.305000000   0.394714000   0.000000000   0.000000000   0.000000000
      0.717100000   0.627376000   0.000000000   0.000000000   0.000000000
      0.213700000   0.000000000   1.000000000   0.000000000   0.000000000
      0.028000000   0.000000000   0.000000000   1.000000000   0.000000000
      0.005400000   0.000000000   0.000000000   0.000000000   1.000000000
$ D-TYPE FUNCTIONS
    2    2    0
      0.015000000   1.000000000   0.000000000
      0.003200000   0.000000000   1.000000000
a 9
$ FLUORINE     (9s,5p) -> [3s,2p]
$ FLUORINE     Rydberg (2s,2p,2d)
$ S-TYPE FUNCTIONS
   12    5    0
   9995.000000000   0.001160000   0.000000000   0.000000000   0.000000000   0.000000000
   1506.000000000   0.008870000   0.000000000   0.000000000   0.000000000   0.000000000
    350.300000000   0.042380000   0.000000000   0.000000000   0.000000000   0.000000000
    104.100000000   0.142929000   0.000000000   0.000000000   0.000000000   0.000000000
     34.840000000   0.355372000   0.000000000   0.000000000   0.000000000   0.000000000
     12.220000000   0.462085000   0.000000000   0.000000000   0.000000000   0.000000000
      4.369000000   0.140848000   0.000000000   0.000000000   0.000000000   0.000000000
     12.220000000   0.000000000  -0.148452000   0.000000000   0.000000000   0.000000000
      1.208000000   0.000000000   1.055270000   0.000000000   0.000000000   0.000000000
      0.363400000   0.000000000   0.000000000   1.000000000   0.000000000   0.000000000
      0.036000000   0.000000000   0.000000000   0.000000000   1.000000000   0.000000000
      0.006600000   0.000000000   0.000000000   0.000000000   0.000000000   1.000000000
$ P-TYPE FUNCTIONS
    7    4    0
     44.360000000   0.020876000   0.000000000   0.000000000   0.000000000
     10.080000000   0.130107000   0.000000000   0.000000000   0.000000000
      2.996000000   0.396166000   0.000000000   0.000000000   0.000000000
      0.938300000   0.620404000   0.000000000   0.000000000   0.000000000
      0.273300000   0.000000000   1.000000000   0.000000000   0.000000000
      0.029000000   0.000000000   0.000000000   1.000000000   0.000000000
      0.005400000   0.000000000   0.000000000   0.000000000   1.000000000
$ D-TYPE FUNCTIONS
    2    2    0
      0.015000000   1.000000000   0.000000000
      0.003200000   0.000000000   1.000000000
a 10
$ NEON         (9s,5p) -> [3s,2p]
$ NEON         Rydberg (2s,2p,2d)
$ S-TYPE FUNCTIONS
   12    5    0
  12100.000000000   0.001200000   0.000000000   0.000000000   0.000000000   0.000000000
   1821.000000000   0.009092000   0.000000000   0.000000000   0.000000000   0.000000000
    432.800000000   0.041305000   0.000000000   0.000000000   0.000000000   0.000000000
    132.500000000   0.137867000   0.000000000   0.000000000   0.000000000   0.000000000
     43.770000000   0.362433000   0.000000000   0.000000000   0.000000000   0.000000000
     14.910000000   0.472247000   0.000000000   0.000000000   0.000000000   0.000000000
      5.127000000   0.130035000   0.000000000   0.000000000   0.000000000   0.000000000
     14.910000000   0.000000000  -0.140810000   0.000000000   0.000000000   0.000000000
      1.491000000   0.000000000   1.053327000   0.000000000   0.000000000   0.000000000
      0.446800000   0.000000000   0.000000000   1.000000000   0.000000000   0.000000000
      0.040000000   0.000000000   0.000000000   0.000000000   1.000000000   0.000000000
      0.006600000   0.000000000   0.000000000   0.000000000   0.000000000   1.000000000
$ P-TYPE FUNCTIONS
    7    4    0
     56.450000000   0.020875000   0.000000000   0.000000000   0.000000000
     12.920000000   0.130032000   0.000000000   0.000000000   0.000000000
      3.865000000   0.395679000   0.000000000   0.000000000   0.000000000
      1.203000000   0.621450000   0.000000000   0.000000000   0.000000000
      0.344400000   0.000000000   1.000000000   0.000000000   0.000000000
      0.030000000   0.000000000   0.000000000   1.000000000   0.000000000
      0.005400000   0.000000000   0.000000000   0.000000000   1.000000000
$ D-TYPE FUNCTIONS
    2    2    0
      0.015000000   1.000000000   0.000000000
      0.003200000   0.000000000   1.000000000


