$ Basis = Turbomole-TZVPPP
$
$ Supported Elements
$ H He B C N O F Ne Na Mg Al Si P S Cl Ar K Ca
$ Sc Ti V Cr Mn Fe Co Ni Cu Zn Ga Ge As Se Br Kr
$
$Elements                             References
$--------                             ----------
$Li - Kr: A. Schafer, C. Huber and R. Ahlrichs, J. Chem. Phys. 100, 5829 (1994).
$
************************************************************************
a 1
$ HYDROGEN     (5s) -> [3s]
$ S-TYPE FUNCTIONS
    5    3    0
     34.061341000   0.006025200   0.000000000   0.000000000
      5.123574600   0.045021090   0.000000000   0.000000000
      1.164662600   0.201897260   0.000000000   0.000000000
      0.327230400   0.000000000   1.000000000   0.000000000
      0.103072400   0.000000000   0.000000000   1.000000000
$ P-TYPE FUNCTIONS
    3    3    0
      2.292000000   1.000000000   0.000000000   0.000000000
      0.838000000   0.000000000   1.000000000   0.000000000
      0.292000000   0.000000000   0.000000000   1.000000000
$ D-TYPE FUNCTIONS
    2    2    0
      2.062000000   1.000000000   0.000000000
      0.662000000   0.000000000   1.000000000
$ F-TYPE FUNCTIONS
    1    1    0
      1.397000000   1.000000000
a 2
$ HELIUM       (5s) -> [3s]
$ S-TYPE FUNCTIONS
    5    3    0
     98.078321600   0.007580310   0.000000000   0.000000000
     14.764404200   0.054848620   0.000000000   0.000000000
      3.318583100   0.220743820   0.000000000   0.000000000
      0.874138700   0.000000000   1.000000000   0.000000000
      0.244599000   0.000000000   0.000000000   1.000000000
$ P-TYPE FUNCTIONS
    3    3    0
      5.994000000   1.000000000   0.000000000   0.000000000
      1.745000000   0.000000000   1.000000000   0.000000000
      0.560000000   0.000000000   0.000000000   1.000000000
$ D-TYPE FUNCTIONS
    2    2    0
      4.299000000   1.000000000   0.000000000
      1.223000000   0.000000000   1.000000000
$ F-TYPE FUNCTIONS
    1    1    0
      2.680000000   1.000000000
a 5
$ BORON        (11s,6p) -> [5s,3p]
$ S-TYPE FUNCTIONS
   11    5    0
   8564.866069000   0.000228370   0.000000000   0.000000000   0.000000000   0.000000000
   1284.151626000   0.001768260   0.000000000   0.000000000   0.000000000   0.000000000
    292.278716000   0.009140710   0.000000000   0.000000000   0.000000000   0.000000000
     82.775469180   0.036342640   0.000000000   0.000000000   0.000000000   0.000000000
     27.017939270   0.110634580   0.000000000   0.000000000   0.000000000   0.000000000
      9.814961970   0.233673440   0.000000000   0.000000000   0.000000000   0.000000000
      3.931855910   0.000000000   0.418187780   0.000000000   0.000000000   0.000000000
      1.659559970   0.000000000   0.223254740   0.000000000   0.000000000   0.000000000
      0.357629650   0.000000000   0.000000000   1.000000000   0.000000000   0.000000000
      0.142462780   0.000000000   0.000000000   0.000000000   1.000000000   0.000000000
      0.060560590   0.000000000   0.000000000   0.000000000   0.000000000   1.000000000
$ P-TYPE FUNCTIONS
    6    3    0
     22.453875800   0.005026560   0.000000000   0.000000000
      5.104505830   0.032801740   0.000000000   0.000000000
      1.498608130   0.131512310   0.000000000   0.000000000
      0.509278310   0.331971680   0.000000000   0.000000000
      0.181470780   0.000000000   1.000000000   0.000000000
      0.646218940   0.000000000   0.000000000   1.000000000
$ D-TYPE FUNCTIONS
    3    3    0
      1.110000000   1.000000000   0.000000000   0.000000000
      0.402000000   0.000000000   1.000000000   0.000000000
      0.145000000   0.000000000   0.000000000   1.000000000
$ F-TYPE FUNCTIONS
    2    2    0
      0.882000000   1.000000000   0.000000000
      0.311000000   0.000000000   1.000000000
$ G-TYPE FUNCTIONS
    1    1    0
      0.673000000   1.000000000
a 6
$ CARBON       (11s,6p) -> [5s,3p]
$ S-TYPE FUNCTIONS
   11    5    0
  13575.349680000   0.000222460   0.000000000   0.000000000   0.000000000   0.000000000
   2035.233368000   0.001723270   0.000000000   0.000000000   0.000000000   0.000000000
    463.225623600   0.008925570   0.000000000   0.000000000   0.000000000   0.000000000
    131.200196000   0.035727980   0.000000000   0.000000000   0.000000000   0.000000000
     42.853015890   0.110762600   0.000000000   0.000000000   0.000000000   0.000000000
     15.584185770   0.242956280   0.000000000   0.000000000   0.000000000   0.000000000
      6.206713850   0.000000000   0.414402630   0.000000000   0.000000000   0.000000000
      2.576489650   0.000000000   0.237449690   0.000000000   0.000000000   0.000000000
      0.576963390   0.000000000   0.000000000   1.000000000   0.000000000   0.000000000
      0.229728310   0.000000000   0.000000000   0.000000000   1.000000000   0.000000000
      0.095164440   0.000000000   0.000000000   0.000000000   0.000000000   1.000000000
$ P-TYPE FUNCTIONS
    6    3    0
     34.697232240   0.005333370   0.000000000   0.000000000
      7.958262280   0.035864110   0.000000000   0.000000000
      2.378082690   0.142158730   0.000000000   0.000000000
      0.814332080   0.342704720   0.000000000   0.000000000
      0.288875470   0.000000000   1.000000000   0.000000000
      0.100568240   0.000000000   0.000000000   1.000000000
$ D-TYPE FUNCTIONS
    3    3    0
      1.848000000   1.000000000   0.000000000   0.000000000
      0.649000000   0.000000000   1.000000000   0.000000000
      0.228000000   0.000000000   0.000000000   1.000000000
$ F-TYPE FUNCTIONS
    2    2    0
      1.419000000   1.000000000   0.000000000
      0.485000000   0.000000000   1.000000000
$ G-TYPE FUNCTIONS
    1    1    0
      1.011000000   1.000000000
a 7
$ NITROGEN     (11s,6p) -> [5s,3p]
$ S-TYPE FUNCTIONS
   11    5    0
  19730.800650000   0.000218880   0.000000000   0.000000000   0.000000000   0.000000000
   2957.895875000   0.001696070   0.000000000   0.000000000   0.000000000   0.000000000
    673.221336000   0.008795460   0.000000000   0.000000000   0.000000000   0.000000000
    190.682494900   0.035359380   0.000000000   0.000000000   0.000000000   0.000000000
     62.295441900   0.110957890   0.000000000   0.000000000   0.000000000   0.000000000
     22.654161180   0.249829730   0.000000000   0.000000000   0.000000000   0.000000000
      8.979147740   0.000000000   0.406238960   0.000000000   0.000000000   0.000000000
      3.686300240   0.000000000   0.243382170   0.000000000   0.000000000   0.000000000
      0.846600770   0.000000000   0.000000000   1.000000000   0.000000000   0.000000000
      0.336471340   0.000000000   0.000000000   0.000000000   1.000000000   0.000000000
      0.136476540   0.000000000   0.000000000   0.000000000   0.000000000   1.000000000
$ P-TYPE FUNCTIONS
    6    3    0
     49.200380510   0.005555240   0.000000000   0.000000000
     11.346790540   0.038052380   0.000000000   0.000000000
      3.427397240   0.149536710   0.000000000   0.000000000
      1.178552510   0.349493050   0.000000000   0.000000000
      0.416422050   0.000000000   1.000000000   0.000000000
      0.142608260   0.000000000   0.000000000   1.000000000
$ D-TYPE FUNCTIONS
    3    3    0
      2.837000000   1.000000000   0.000000000   0.000000000
      0.968000000   0.000000000   1.000000000   0.000000000
      0.335000000   0.000000000   0.000000000   1.000000000
$ F-TYPE FUNCTIONS
    2    2    0
      2.027000000   1.000000000   0.000000000
      0.685000000   0.000000000   1.000000000
$ G-TYPE FUNCTIONS
    1    1    0
      1.427000000   1.000000000
a 8
$ OXYGEN       (11s,6p) -> [5s,3p]
$ S-TYPE FUNCTIONS
   11    5    0
  27032.382630000   0.000217260   0.000000000   0.000000000   0.000000000   0.000000000
   4052.387139000   0.001683870   0.000000000   0.000000000   0.000000000   0.000000000
    922.327227100   0.008739560   0.000000000   0.000000000   0.000000000   0.000000000
    261.240709900   0.035239970   0.000000000   0.000000000   0.000000000   0.000000000
     85.354641350   0.111535190   0.000000000   0.000000000   0.000000000   0.000000000
     31.035035240   0.255889540   0.000000000   0.000000000   0.000000000   0.000000000
     12.260860730   0.000000000   0.397687310   0.000000000   0.000000000   0.000000000
      4.998707600   0.000000000   0.246278490   0.000000000   0.000000000   0.000000000
      1.170310820   0.000000000   0.000000000   1.000000000   0.000000000   0.000000000
      0.464747410   0.000000000   0.000000000   0.000000000   1.000000000   0.000000000
      0.185045360   0.000000000   0.000000000   0.000000000   0.000000000   1.000000000
$ P-TYPE FUNCTIONS
    6    3    0
     63.274954800   0.006068510   0.000000000   0.000000000
     14.627049380   0.041912580   0.000000000   0.000000000
      4.450122350   0.161538410   0.000000000   0.000000000
      1.527579960   0.357069510   0.000000000   0.000000000
      0.529351180   0.000000000   1.000000000   0.000000000
      0.174784210   0.000000000   0.000000000   1.000000000
$ D-TYPE FUNCTIONS
    3    3    0
      3.775000000   1.000000000   0.000000000   0.000000000
      1.300000000   0.000000000   1.000000000   0.000000000
      0.444000000   0.000000000   0.000000000   1.000000000
$ F-TYPE FUNCTIONS
    2    2    0
      2.666000000   1.000000000   0.000000000
      0.859000000   0.000000000   1.000000000
$ G-TYPE FUNCTIONS
    1    1    0
      1.846000000   1.000000000
a 9
$ FLUORINE     (11s,6p) -> [5s,3p]
$ S-TYPE FUNCTIONS
   11    5    0
  35479.100440000   0.000215450   0.000000000   0.000000000   0.000000000   0.000000000
   5318.472898000   0.001670070   0.000000000   0.000000000   0.000000000   0.000000000
   1210.481098000   0.008673320   0.000000000   0.000000000   0.000000000   0.000000000
    342.855181400   0.035049930   0.000000000   0.000000000   0.000000000   0.000000000
    112.019431800   0.111653200   0.000000000   0.000000000   0.000000000   0.000000000
     40.714740250   0.259885070   0.000000000   0.000000000   0.000000000   0.000000000
     16.039678110   0.000000000   0.394229670   0.000000000   0.000000000   0.000000000
      6.503818670   0.000000000   0.249982390   0.000000000   0.000000000   0.000000000
      1.544047750   0.000000000   0.000000000   1.000000000   0.000000000   0.000000000
      0.612234530   0.000000000   0.000000000   0.000000000   1.000000000   0.000000000
      0.240279800   0.000000000   0.000000000   0.000000000   0.000000000   1.000000000
$ P-TYPE FUNCTIONS
    6    3    0
     80.233900480   0.006368600   0.000000000   0.000000000
     18.594010740   0.044303140   0.000000000   0.000000000
      5.686790260   0.168672490   0.000000000   0.000000000
      1.951100630   0.361663460   0.000000000   0.000000000
      0.669702110   0.000000000   1.000000000   0.000000000
      0.216513000   0.000000000   0.000000000   1.000000000
$ D-TYPE FUNCTIONS
    3    3    0
      5.014000000   1.000000000   0.000000000   0.000000000
      1.725000000   0.000000000   1.000000000   0.000000000
      0.586000000   0.000000000   0.000000000   1.000000000
$ F-TYPE FUNCTIONS
    2    2    0
      3.562000000   1.000000000   0.000000000
      1.148000000   0.000000000   1.000000000
$ G-TYPE FUNCTIONS
    1    1    0
      2.376000000   1.000000000
a 10
$ NEON         (11s,6p) -> [5s,3p]
$ S-TYPE FUNCTIONS
   11    5    0
  45069.464020000   0.000216870   0.000000000   0.000000000   0.000000000   0.000000000
   6755.976866000   0.001681270   0.000000000   0.000000000   0.000000000   0.000000000
   1537.650286000   0.008735610   0.000000000   0.000000000   0.000000000   0.000000000
    435.516976700   0.035361270   0.000000000   0.000000000   0.000000000   0.000000000
    142.286556400   0.113215210   0.000000000   0.000000000   0.000000000   0.000000000
     51.692153800   0.266546530   0.000000000   0.000000000   0.000000000   0.000000000
     20.315870490   0.000000000   0.396319600   0.000000000   0.000000000   0.000000000
      8.202194260   0.000000000   0.255828110   0.000000000   0.000000000   0.000000000
      1.968127630   0.000000000   0.000000000   1.000000000   0.000000000   0.000000000
      0.779047560   0.000000000   0.000000000   0.000000000   1.000000000   0.000000000
      0.302295020   0.000000000   0.000000000   0.000000000   0.000000000   1.000000000
$ P-TYPE FUNCTIONS
    6    3    0
     99.782996030   0.006556920   0.000000000   0.000000000
     23.176124100   0.045888010   0.000000000   0.000000000
      7.116394590   0.173312880   0.000000000   0.000000000
      2.441871140   0.364752680   0.000000000   0.000000000
      0.833896060   0.000000000   1.000000000   0.000000000
      0.266073110   0.000000000   0.000000000   1.000000000
$ D-TYPE FUNCTIONS
    3    3    0
      6.471000000   1.000000000   0.000000000   0.000000000
      2.213000000   0.000000000   1.000000000   0.000000000
      0.747000000   0.000000000   0.000000000   1.000000000
$ F-TYPE FUNCTIONS
    2    2    0
      4.657000000   1.000000000   0.000000000
      1.524000000   0.000000000   1.000000000
$ G-TYPE FUNCTIONS
    1    1    0
      2.983000000   1.000000000
a 13
$ ALUMINUM     (14s,9p) -> [5s,4p]
$ S-TYPE FUNCTIONS
   14    5    0
  37792.550770000   0.000570480   0.000000000   0.000000000   0.000000000   0.000000000
   5668.068217000   0.004409300   0.000000000   0.000000000   0.000000000   0.000000000
   1289.858284000   0.022630970   0.000000000   0.000000000   0.000000000   0.000000000
    364.865960300   0.088025640   0.000000000   0.000000000   0.000000000   0.000000000
    118.576315100   0.252237020   0.000000000   0.000000000   0.000000000   0.000000000
     42.024867600   0.459605470   0.000000000   0.000000000   0.000000000   0.000000000
     15.499501630   0.332778860   0.000000000   0.000000000   0.000000000   0.000000000
     75.208026600   0.000000000   0.019250560   0.000000000   0.000000000   0.000000000
     23.031408970   0.000000000   0.087906740   0.000000000   0.000000000   0.000000000
      3.634879760   0.000000000  -0.342467050   0.000000000   0.000000000   0.000000000
      1.606505000   0.000000000   0.000000000   1.510626610   0.000000000   0.000000000
      0.761033950   0.000000000   0.000000000   0.580710160   0.000000000   0.000000000
      0.165567090   0.000000000   0.000000000   0.000000000   1.000000000   0.000000000
      0.060041580   0.000000000   0.000000000   0.000000000   0.000000000   1.000000000
$ P-TYPE FUNCTIONS
    9    4    0
    452.523031900   0.002311080   0.000000000   0.000000000   0.000000000
    107.081950500   0.018568640   0.000000000   0.000000000   0.000000000
     34.131021250   0.087216240   0.000000000   0.000000000   0.000000000
     12.587037430   0.269021020   0.000000000   0.000000000   0.000000000
      4.981191970   0.521283240   0.000000000   0.000000000   0.000000000
      2.007035090   0.602716870   0.000000000   0.000000000   0.000000000
      0.800837140   0.000000000   1.000000000   0.000000000   0.000000000
      0.201789270   0.000000000   0.000000000   1.000000000   0.000000000
      0.057895550   0.000000000   0.000000000   0.000000000   1.000000000
$ D-TYPE FUNCTIONS
    3    3    0
      0.080400000   1.000000000   0.000000000   0.000000000
      0.199000000   0.000000000   1.000000000   0.000000000
      0.494000000   0.000000000   0.000000000   1.000000000
$ F-TYPE FUNCTIONS
    2    2    0
      0.154000000   1.000000000   0.000000000
      0.401000000   0.000000000   1.000000000
$ G-TYPE FUNCTIONS
    1    1    0
      0.357000000   1.000000000
a 14
$ SILICON      (14s,9p) -> [5s,4p]
$ S-TYPE FUNCTIONS
   14    5    0
  44773.358080000   0.000559150   0.000000000   0.000000000   0.000000000   0.000000000
   6717.199210000   0.004320600   0.000000000   0.000000000   0.000000000   0.000000000
   1528.896032000   0.022187100   0.000000000   0.000000000   0.000000000   0.000000000
    432.547465900   0.086489250   0.000000000   0.000000000   0.000000000   0.000000000
    140.615052300   0.249398900   0.000000000   0.000000000   0.000000000   0.000000000
     49.857636720   0.460171970   0.000000000   0.000000000   0.000000000   0.000000000
     18.434974890   0.342502370   0.000000000   0.000000000   0.000000000   0.000000000
     86.533886110   0.000000000   0.021300060   0.000000000   0.000000000   0.000000000
     26.624606850   0.000000000   0.094676140   0.000000000   0.000000000   0.000000000
      4.495305720   0.000000000  -0.326162650   0.000000000   0.000000000   0.000000000
      2.103504570   0.000000000   0.000000000   1.398080390   0.000000000   0.000000000
      1.010609490   0.000000000   0.000000000   0.638657870   0.000000000   0.000000000
      0.237017510   0.000000000   0.000000000   0.000000000   1.000000000   0.000000000
      0.085703410   0.000000000   0.000000000   0.000000000   0.000000000   1.000000000
$ P-TYPE FUNCTIONS
    9    4    0
    394.475036300   0.002628570   0.000000000   0.000000000   0.000000000
     93.137683100   0.020556260   0.000000000   0.000000000   0.000000000
     29.519608740   0.092070260   0.000000000   0.000000000   0.000000000
     10.781663790   0.255658900   0.000000000   0.000000000   0.000000000
      4.162657480   0.421117070   0.000000000   0.000000000   0.000000000
      1.624797300   0.344017460   0.000000000   0.000000000   0.000000000
      0.543066600   0.000000000   1.000000000   0.000000000   0.000000000
      0.205820740   0.000000000   0.000000000   1.000000000   0.000000000
      0.070053490   0.000000000   0.000000000   0.000000000   1.000000000
$ D-TYPE FUNCTIONS
    3    3    0
      0.120000000   1.000000000   0.000000000   0.000000000
      0.302000000   0.000000000   1.000000000   0.000000000
      0.760000000   0.000000000   0.000000000   1.000000000
$ F-TYPE FUNCTIONS
    2    2    0
      0.212000000   1.000000000   0.000000000
      0.541000000   0.000000000   1.000000000
$ G-TYPE FUNCTIONS
    1    1    0
      0.461000000   1.000000000
a 15
$ PHOSPHORUS   (14s,9p) -> [5s,4p]
$ S-TYPE FUNCTIONS
   14    5    0
  52426.999230000   0.000552070   0.000000000   0.000000000   0.000000000   0.000000000
   7863.266055000   0.004267860   0.000000000   0.000000000   0.000000000   0.000000000
   1789.522733000   0.021931530   0.000000000   0.000000000   0.000000000   0.000000000
    506.273001600   0.085667170   0.000000000   0.000000000   0.000000000   0.000000000
    164.606985500   0.248406870   0.000000000   0.000000000   0.000000000   0.000000000
     58.391918720   0.463367540   0.000000000   0.000000000   0.000000000   0.000000000
     21.643663200   0.353505580   0.000000000   0.000000000   0.000000000   0.000000000
     99.013837620   0.000000000   0.021895680   0.000000000   0.000000000   0.000000000
     30.550439820   0.000000000   0.095650470   0.000000000   0.000000000   0.000000000
      5.453708770   0.000000000  -0.294542700   0.000000000   0.000000000   0.000000000
      2.650336260   0.000000000   0.000000000   1.329438120   0.000000000   0.000000000
      1.272668890   0.000000000   0.000000000   0.661093960   0.000000000   0.000000000
      0.316450050   0.000000000   0.000000000   0.000000000   1.000000000   0.000000000
      0.114174670   0.000000000   0.000000000   0.000000000   0.000000000   1.000000000
$ P-TYPE FUNCTIONS
    9    4    0
    472.272192500   0.002571060   0.000000000   0.000000000   0.000000000
    111.588827600   0.020250300   0.000000000   0.000000000   0.000000000
     35.445936420   0.091580720   0.000000000   0.000000000   0.000000000
     12.990776880   0.257494540   0.000000000   0.000000000   0.000000000
      5.048622170   0.428629000   0.000000000   0.000000000   0.000000000
      1.993404960   0.343598180   0.000000000   0.000000000   0.000000000
      0.665272840   0.000000000   1.000000000   0.000000000   0.000000000
      0.255168320   0.000000000   0.000000000   1.000000000   0.000000000
      0.090357760   0.000000000   0.000000000   0.000000000   1.000000000
$ D-TYPE FUNCTIONS
    3    3    0
      0.165000000   1.000000000   0.000000000   0.000000000
      0.413000000   0.000000000   1.000000000   0.000000000
      1.036000000   0.000000000   0.000000000   1.000000000
$ F-TYPE FUNCTIONS
    2    2    0
      0.280000000   1.000000000   0.000000000
      0.703000000   0.000000000   1.000000000
$ G-TYPE FUNCTIONS
    1    1    0
      0.597000000   1.000000000
a 16
$ SULFUR       (14s,9p) -> [5s,4p]
$ S-TYPE FUNCTIONS
   14    5    0
  60700.928100000   0.000546960   0.000000000   0.000000000   0.000000000   0.000000000
   9102.610685000   0.004229720   0.000000000   0.000000000   0.000000000   0.000000000
   2071.416601000   0.021747820   0.000000000   0.000000000   0.000000000   0.000000000
    586.024768200   0.085100050   0.000000000   0.000000000   0.000000000   0.000000000
    190.553950200   0.247991280   0.000000000   0.000000000   0.000000000   0.000000000
     67.630384260   0.467036400   0.000000000   0.000000000   0.000000000   0.000000000
     25.127306910   0.364345880   0.000000000   0.000000000   0.000000000   0.000000000
    112.574630100   0.000000000   0.021670040   0.000000000   0.000000000   0.000000000
     34.795554220   0.000000000   0.093602300   0.000000000   0.000000000   0.000000000
      6.511555620   0.000000000  -0.260680010   0.000000000   0.000000000   0.000000000
      3.239903230   0.000000000   0.000000000   1.284208940   0.000000000   0.000000000
      1.547716090   0.000000000   0.000000000   0.660364170   0.000000000   0.000000000
      0.405410300   0.000000000   0.000000000   0.000000000   1.000000000   0.000000000
      0.145506510   0.000000000   0.000000000   0.000000000   0.000000000   1.000000000
$ P-TYPE FUNCTIONS
    9    4    0
    564.367160300   0.002479680   0.000000000   0.000000000   0.000000000
    133.426243800   0.019677930   0.000000000   0.000000000   0.000000000
     42.468271190   0.089980010   0.000000000   0.000000000   0.000000000
     15.616527580   0.257058810   0.000000000   0.000000000   0.000000000
      6.109398850   0.435151670   0.000000000   0.000000000   0.000000000
      2.440416020   0.348832410   0.000000000   0.000000000   0.000000000
      0.838822010   0.000000000   1.000000000   0.000000000   0.000000000
      0.312887470   0.000000000   0.000000000   1.000000000   0.000000000
      0.107701090   0.000000000   0.000000000   0.000000000   1.000000000
$ D-TYPE FUNCTIONS
    3    3    0
      0.203000000   1.000000000   0.000000000   0.000000000
      0.504000000   0.000000000   1.000000000   0.000000000
      1.250000000   0.000000000   0.000000000   1.000000000
$ F-TYPE FUNCTIONS
    2    2    0
      0.335000000   1.000000000   0.000000000
      0.869000000   0.000000000   1.000000000
$ G-TYPE FUNCTIONS
    1    1    0
      0.683000000   1.000000000
a 17
$ CHLORINE     (14s,9p) -> [5s,4p]
$ S-TYPE FUNCTIONS
   14    5    0
  69507.990940000   0.000543150   0.000000000   0.000000000   0.000000000   0.000000000
  10426.156880000   0.004199050   0.000000000   0.000000000   0.000000000   0.000000000
   2373.233406000   0.021592140   0.000000000   0.000000000   0.000000000   0.000000000
    671.564200700   0.084598850   0.000000000   0.000000000   0.000000000   0.000000000
    218.419997900   0.247572500   0.000000000   0.000000000   0.000000000   0.000000000
     77.572249710   0.470169300   0.000000000   0.000000000   0.000000000   0.000000000
     28.888815280   0.374363710   0.000000000   0.000000000   0.000000000   0.000000000
    127.105271800   0.000000000   0.025182170   0.000000000   0.000000000   0.000000000
     39.339582960   0.000000000   0.107861120   0.000000000   0.000000000   0.000000000
      7.674068000   0.000000000  -0.274088220   0.000000000   0.000000000   0.000000000
      3.874562760   0.000000000   0.000000000   1.321387500   0.000000000   0.000000000
      1.838583260   0.000000000   0.000000000   0.686369550   0.000000000   0.000000000
      0.502290580   0.000000000   0.000000000   0.000000000   1.000000000   0.000000000
      0.179627230   0.000000000   0.000000000   0.000000000   0.000000000   1.000000000
$ P-TYPE FUNCTIONS
    9    4    0
    666.504232800   0.002363270   0.000000000   0.000000000   0.000000000
    157.642416900   0.018879300   0.000000000   0.000000000   0.000000000
     50.262520980   0.087206340   0.000000000   0.000000000   0.000000000
     18.536078110   0.252856130   0.000000000   0.000000000   0.000000000
      7.294053280   0.435071550   0.000000000   0.000000000   0.000000000
      2.943324900   0.350265130   0.000000000   0.000000000   0.000000000
      1.040497080   0.000000000   1.000000000   0.000000000   0.000000000
      0.384564150   0.000000000   0.000000000   1.000000000   0.000000000
      0.130696430   0.000000000   0.000000000   0.000000000   1.000000000
$ D-TYPE FUNCTIONS
    3    3    0
      0.254000000   1.000000000   0.000000000   0.000000000
      0.628000000   0.000000000   1.000000000   0.000000000
      1.551000000   0.000000000   0.000000000   1.000000000
$ F-TYPE FUNCTIONS
    2    2    0
      0.423000000   1.000000000   0.000000000
      1.089000000   0.000000000   1.000000000
$ G-TYPE FUNCTIONS
    1    1    0
      0.827000000   1.000000000
a 18
$ ARGON        (14s,9p) -> [5s,4p]
$ S-TYPE FUNCTIONS
   14    5    0
  79111.423000000   0.000510290   0.000000000   0.000000000   0.000000000   0.000000000
  11864.746010000   0.003946300   0.000000000   0.000000000   0.000000000   0.000000000
   2700.164297000   0.020307070   0.000000000   0.000000000   0.000000000   0.000000000
    763.959434800   0.079691830   0.000000000   0.000000000   0.000000000   0.000000000
    248.451505600   0.234206240   0.000000000   0.000000000   0.000000000   0.000000000
     88.283581000   0.448338490   0.000000000   0.000000000   0.000000000   0.000000000
     32.948607070   0.364081670   0.000000000   0.000000000   0.000000000   0.000000000
    142.553580000   0.000000000   0.026387410   0.000000000   0.000000000   0.000000000
     44.163688010   0.000000000   0.112264340   0.000000000   0.000000000   0.000000000
      8.952499500   0.000000000  -0.261789220   0.000000000   0.000000000   0.000000000
      4.554692090   0.000000000   0.000000000   1.300248500   0.000000000   0.000000000
      2.144407900   0.000000000   0.000000000   0.671972370   0.000000000   0.000000000
      0.607087770   0.000000000   0.000000000   0.000000000   1.000000000   0.000000000
      0.216514320   0.000000000   0.000000000   0.000000000   0.000000000   1.000000000
$ P-TYPE FUNCTIONS
    9    4    0
    776.775420000   0.002202800   0.000000000   0.000000000   0.000000000
    183.801070200   0.017694180   0.000000000   0.000000000   0.000000000
     58.694003170   0.082431290   0.000000000   0.000000000   0.000000000
     21.701591700   0.242072790   0.000000000   0.000000000   0.000000000
      8.582148960   0.422635580   0.000000000   0.000000000   0.000000000
      3.492267920   0.341518060   0.000000000   0.000000000   0.000000000
      1.263742700   0.000000000   1.000000000   0.000000000   0.000000000
      0.466078700   0.000000000   0.000000000   1.000000000   0.000000000
      0.157660030   0.000000000   0.000000000   0.000000000   1.000000000
$ D-TYPE FUNCTIONS
    3    3    0
      0.311000000   1.000000000   0.000000000   0.000000000
      0.763000000   0.000000000   1.000000000   0.000000000
      1.873000000   0.000000000   0.000000000   1.000000000
$ F-TYPE FUNCTIONS
    2    2    0
      0.543000000   1.000000000   0.000000000
      1.325000000   0.000000000   1.000000000
$ G-TYPE FUNCTIONS
    1    1    0
      1.007000000   1.000000000


