$Basis = Turbomole-TZ

$ Elements supported
$ H He Li Be B C N O F Ne Na Mg Al Si P S Cl Ar
$
$ REFERENCE
$ Elements                             References
$ --------                             ----------
$ H - Kr: A. Schafer, H. Horn and R. Ahlrichs, J. Chem. Phys. 97, 2571 (1992).
$
************************************************************************
a 1
$ HYDROGEN     (5s) -> [3s]
$ S-TYPE FUNCTIONS
    5    3    0
     34.061341000   0.006025200   0.000000000   0.000000000
      5.123574600   0.045021090   0.000000000   0.000000000
      1.164662600   0.201897260   0.000000000   0.000000000
      0.327230400   0.000000000   1.000000000   0.000000000
      0.103072400   0.000000000   0.000000000   1.000000000
a 2
$ HELIUM       (5s) -> [3s]
$ S-TYPE FUNCTIONS
    5    3    0
     98.078321600   0.007580310   0.000000000   0.000000000
     14.764404200   0.054848620   0.000000000   0.000000000
      3.318583100   0.220743820   0.000000000   0.000000000
      0.874138700   0.000000000   1.000000000   0.000000000
      0.244599000   0.000000000   0.000000000   1.000000000
a 3
$ LITHIUM      (10s) -> [6s]
$ S-TYPE FUNCTIONS
   10    6    0
   3341.402881200   0.000688260   0.000000000   0.000000000   0.000000000   0.000000000   0.000000000
    500.951593100   0.005329640   0.000000000   0.000000000   0.000000000   0.000000000   0.000000000
    114.011031100   0.027564370   0.000000000   0.000000000   0.000000000   0.000000000   0.000000000
     32.265473100   0.109882430   0.000000000   0.000000000   0.000000000   0.000000000   0.000000000
     10.472058500   0.339430490   0.000000000   0.000000000   0.000000000   0.000000000   0.000000000
      3.697828400   0.000000000   1.000000000   0.000000000   0.000000000   0.000000000   0.000000000
      1.371208500   0.000000000   0.000000000   1.000000000   0.000000000   0.000000000   0.000000000
      0.519084600   0.000000000   0.000000000   0.000000000   1.000000000   0.000000000   0.000000000
      0.074532900   0.000000000   0.000000000   0.000000000   0.000000000   1.000000000   0.000000000
      0.028233600   0.000000000   0.000000000   0.000000000   0.000000000   0.000000000   1.000000000
a 4
$ BERYLLIUM    (10s) -> [6s]
$ S-TYPE FUNCTIONS
   10    6    0
   6526.147779600   0.000437320   0.000000000   0.000000000   0.000000000   0.000000000   0.000000000
    978.354964200   0.003388210   0.000000000   0.000000000   0.000000000   0.000000000   0.000000000
    222.658657600   0.017563090   0.000000000   0.000000000   0.000000000   0.000000000   0.000000000
     63.013028300   0.070580480   0.000000000   0.000000000   0.000000000   0.000000000   0.000000000
     20.468720200   0.222638360   0.000000000   0.000000000   0.000000000   0.000000000   0.000000000
      7.269248700   0.000000000   1.000000000   0.000000000   0.000000000   0.000000000   0.000000000
      2.739370100   0.000000000   0.000000000   1.000000000   0.000000000   0.000000000   0.000000000
      1.061579100   0.000000000   0.000000000   0.000000000   1.000000000   0.000000000   0.000000000
      0.181584400   0.000000000   0.000000000   0.000000000   0.000000000   1.000000000   0.000000000
      0.058826800   0.000000000   0.000000000   0.000000000   0.000000000   0.000000000   1.000000000
a 5
$ BORON        (10s,6p) -> [6s,3p]
$ S-TYPE FUNCTIONS
   10    6    0
   5658.499200000   0.000552080   0.000000000   0.000000000   0.000000000   0.000000000   0.000000000
    848.697030000   0.004265140   0.000000000   0.000000000   0.000000000   0.000000000   0.000000000
    193.136560000   0.021853170   0.000000000   0.000000000   0.000000000   0.000000000   0.000000000
     54.586317000   0.084570680   0.000000000   0.000000000   0.000000000   0.000000000   0.000000000
     17.600126000   0.243047640   0.000000000   0.000000000   0.000000000   0.000000000   0.000000000
      6.126961800   0.000000000   1.000000000   0.000000000   0.000000000   0.000000000   0.000000000
      2.224527000   0.000000000   0.000000000   1.000000000   0.000000000   0.000000000   0.000000000
      0.556503500   0.000000000   0.000000000   0.000000000   1.000000000   0.000000000   0.000000000
      0.238762300   0.000000000   0.000000000   0.000000000   0.000000000   1.000000000   0.000000000
      0.085794000   0.000000000   0.000000000   0.000000000   0.000000000   0.000000000   1.000000000
$ P-TYPE FUNCTIONS
    6    3    0
     22.455802000  -0.005026060   0.000000000   0.000000000
      5.103067500  -0.032826980   0.000000000   0.000000000
      1.498409600  -0.131409410   0.000000000   0.000000000
      0.509890700  -0.331252640   0.000000000   0.000000000
      0.181913500   0.000000000   1.000000000   0.000000000
      0.064827200   0.000000000   0.000000000   1.000000000
a 6
$ CARBON       (10s,6p) -> [6s,3p]
$ S-TYPE FUNCTIONS
   10    6    0
   8506.038400000   0.000533740   0.000000000   0.000000000   0.000000000   0.000000000   0.000000000
   1275.732900000   0.004125020   0.000000000   0.000000000   0.000000000   0.000000000   0.000000000
    290.311870000   0.021171340   0.000000000   0.000000000   0.000000000   0.000000000   0.000000000
     82.056200000   0.082417860   0.000000000   0.000000000   0.000000000   0.000000000   0.000000000
     26.479641000   0.240128580   0.000000000   0.000000000   0.000000000   0.000000000   0.000000000
      9.241458500   0.000000000   1.000000000   0.000000000   0.000000000   0.000000000   0.000000000
      3.364353000   0.000000000   0.000000000   1.000000000   0.000000000   0.000000000   0.000000000
      0.871741600   0.000000000   0.000000000   0.000000000   1.000000000   0.000000000   0.000000000
      0.363523500   0.000000000   0.000000000   0.000000000   0.000000000   1.000000000   0.000000000
      0.128731400   0.000000000   0.000000000   0.000000000   0.000000000   0.000000000   1.000000000
$ P-TYPE FUNCTIONS
    6    3    0
     34.709496000   0.005330100   0.000000000   0.000000000
      7.959088300   0.035865810   0.000000000   0.000000000
      2.378697200   0.142002990   0.000000000   0.000000000
      0.815400700   0.342031050   0.000000000   0.000000000
      0.289537800   0.000000000   1.000000000   0.000000000
      0.100847500   0.000000000   0.000000000   1.000000000
a 7
$ NITROGEN     (10s,6p) -> [6s,3p]
$ S-TYPE FUNCTIONS
   10    6    0
  11913.416756000  -0.000522970   0.000000000   0.000000000   0.000000000   0.000000000   0.000000000
   1786.721383400  -0.004042840   0.000000000   0.000000000   0.000000000   0.000000000   0.000000000
    406.590128300  -0.020772720   0.000000000   0.000000000   0.000000000   0.000000000   0.000000000
    114.925250700  -0.081183140   0.000000000   0.000000000   0.000000000   0.000000000   0.000000000
     37.105883400  -0.238714970   0.000000000   0.000000000   0.000000000   0.000000000   0.000000000
     12.971676200   0.000000000   1.000000000   0.000000000   0.000000000   0.000000000   0.000000000
      4.730229100   0.000000000   0.000000000   1.000000000   0.000000000   0.000000000   0.000000000
      1.252518400   0.000000000   0.000000000   0.000000000   1.000000000   0.000000000   0.000000000
      0.512600700   0.000000000   0.000000000   0.000000000   0.000000000   1.000000000   0.000000000
      0.179397100   0.000000000   0.000000000   0.000000000   0.000000000   0.000000000   1.000000000
$ P-TYPE FUNCTIONS
    6    3    0
     49.218758400   0.005552700   0.000000000   0.000000000
     11.348935300   0.038054620   0.000000000   0.000000000
      3.428508800   0.149414120   0.000000000   0.000000000
      1.179951300   0.348981870   0.000000000   0.000000000
      0.417261200   0.000000000   1.000000000   0.000000000
      0.142951300   0.000000000   0.000000000   1.000000000
a 8
$ OXYGEN       (10s,6p) -> [6s,3p]
$ S-TYPE FUNCTIONS
   10    6    0
  15902.647459000   0.000515000   0.000000000   0.000000000   0.000000000   0.000000000   0.000000000
   2384.953782900   0.003981980   0.000000000   0.000000000   0.000000000   0.000000000   0.000000000
    542.719571800   0.020476970   0.000000000   0.000000000   0.000000000   0.000000000   0.000000000
    153.404078700   0.080262370   0.000000000   0.000000000   0.000000000   0.000000000   0.000000000
     49.545716100   0.237668400   0.000000000   0.000000000   0.000000000   0.000000000   0.000000000
     17.339649900   0.000000000   1.000000000   0.000000000   0.000000000   0.000000000   0.000000000
      6.330335500   0.000000000   0.000000000   1.000000000   0.000000000   0.000000000   0.000000000
      1.699588200   0.000000000   0.000000000   0.000000000   1.000000000   0.000000000   0.000000000
      0.689544900   0.000000000   0.000000000   0.000000000   0.000000000   1.000000000   0.000000000
      0.239360300   0.000000000   0.000000000   0.000000000   0.000000000   0.000000000   1.000000000
$ P-TYPE FUNCTIONS
    6    3    0
     63.270524000   0.006070920   0.000000000   0.000000000
     14.623312300   0.041947690   0.000000000   0.000000000
      4.448951800   0.161568840   0.000000000   0.000000000
      1.528151300   0.356827790   0.000000000   0.000000000
      0.529973200   0.000000000   1.000000000   0.000000000
      0.175094500   0.000000000   0.000000000   1.000000000
a 9
$ FLUORINE     (10s,6p) -> [6s,3p]
$ S-TYPE FUNCTIONS
   10    6    0
  20450.489000000   0.000511030   0.000000000   0.000000000   0.000000000   0.000000000   0.000000000
   3066.954700000   0.003951880   0.000000000   0.000000000   0.000000000   0.000000000   0.000000000
    697.910030000   0.020334550   0.000000000   0.000000000   0.000000000   0.000000000   0.000000000
    197.270200000   0.079876480   0.000000000   0.000000000   0.000000000   0.000000000   0.000000000
     63.728343000   0.237756010   0.000000000   0.000000000   0.000000000   0.000000000   0.000000000
     22.321809000   0.000000000   1.000000000   0.000000000   0.000000000   0.000000000   0.000000000
      8.155760900   0.000000000   0.000000000   1.000000000   0.000000000   0.000000000   0.000000000
      2.211429500   0.000000000   0.000000000   0.000000000   1.000000000   0.000000000   0.000000000
      0.890385700   0.000000000   0.000000000   0.000000000   0.000000000   1.000000000   0.000000000
      0.306966000   0.000000000   0.000000000   0.000000000   0.000000000   0.000000000   1.000000000
$ P-TYPE FUNCTIONS
    6    3    0
     80.218020000   0.006374450   0.000000000   0.000000000
     18.587281000   0.044360190   0.000000000   0.000000000
      5.684458100   0.168800380   0.000000000   0.000000000
      1.951278100   0.361629790   0.000000000   0.000000000
      0.670241100   0.000000000   1.000000000   0.000000000
      0.216822500   0.000000000   0.000000000   1.000000000
a 10
$ NEON         (10s,6p) -> [6s,3p]
$ S-TYPE FUNCTIONS
   10    6    0
  25558.398320000  -0.000505730   0.000000000   0.000000000   0.000000000   0.000000000   0.000000000
   3832.940480400  -0.003911250   0.000000000   0.000000000   0.000000000   0.000000000   0.000000000
    872.210737800  -0.020134820   0.000000000   0.000000000   0.000000000   0.000000000   0.000000000
    246.537554100  -0.079223430   0.000000000   0.000000000   0.000000000   0.000000000   0.000000000
     79.658394900  -0.236757980   0.000000000   0.000000000   0.000000000   0.000000000   0.000000000
     27.919799600   0.000000000   1.000000000   0.000000000   0.000000000   0.000000000   0.000000000
     10.207131700   0.000000000   0.000000000   1.000000000   0.000000000   0.000000000   0.000000000
      2.788318700   0.000000000   0.000000000   0.000000000   1.000000000   0.000000000   0.000000000
      1.115399500   0.000000000   0.000000000   0.000000000   0.000000000   1.000000000   0.000000000
      0.382340100   0.000000000   0.000000000   0.000000000   0.000000000   0.000000000   1.000000000
$ P-TYPE FUNCTIONS
    6    3    0
     99.760966400   0.006564870   0.000000000   0.000000000
     23.167689000   0.045958150   0.000000000   0.000000000
      7.113389900   0.173499810   0.000000000   0.000000000
      2.441857400   0.364860750   0.000000000   0.000000000
      0.834420600   0.000000000   1.000000000   0.000000000
      0.266398800   0.000000000   0.000000000   1.000000000
a 11
$ SODIUM       (12s,6p) -> [7s,2p]
$ S-TYPE FUNCTIONS
   12    7    0
  48876.198147000   0.000304960   0.000000000   0.000000000   0.000000000   0.000000000   0.000000000
       0.000000000
   7327.286370800   0.002363280   0.000000000   0.000000000   0.000000000   0.000000000   0.000000000
       0.000000000
   1667.419465200   0.012268450   0.000000000   0.000000000   0.000000000   0.000000000   0.000000000
       0.000000000
    471.581012000   0.049625180   0.000000000   0.000000000   0.000000000   0.000000000   0.000000000
       0.000000000
    152.936698100   0.159495920   0.000000000   0.000000000   0.000000000   0.000000000   0.000000000
       0.000000000
     54.355855500   0.000000000   1.000000000   0.000000000   0.000000000   0.000000000   0.000000000
       0.000000000
     20.765222800   0.000000000   0.000000000   0.400720460   0.000000000   0.000000000   0.000000000
       0.000000000
      8.359949600   0.000000000   0.000000000   0.183373730   0.000000000   0.000000000   0.000000000
       0.000000000
      2.148094600   0.000000000   0.000000000   0.000000000   1.000000000   0.000000000   0.000000000
       0.000000000
      0.688194100   0.000000000   0.000000000   0.000000000   0.000000000   1.000000000   0.000000000
       0.000000000
      0.060477100   0.000000000   0.000000000   0.000000000   0.000000000   0.000000000   1.000000000
       0.000000000
      0.027134100   0.000000000   0.000000000   0.000000000   0.000000000   0.000000000   0.000000000
       1.000000000
$ P-TYPE FUNCTIONS
    6    2    0
    137.962547600   0.005926460   0.000000000
     32.209105400   0.042543990   0.000000000
      9.974637900   0.166445350   0.000000000
      3.478093000   0.368149150   0.000000000
      1.228437200   0.457810350   0.000000000
      0.417319400   0.000000000   1.000000000
a 12
$ MAGNESIUM    (12s,6p) -> [7s,2p]
$ S-TYPE FUNCTIONS
   12    7    0
  58088.349778000   0.000292180   0.000000000   0.000000000   0.000000000   0.000000000   0.000000000
       0.000000000
   8708.118099800   0.002264420   0.000000000   0.000000000   0.000000000   0.000000000   0.000000000
       0.000000000
   1981.622418200   0.011756040   0.000000000   0.000000000   0.000000000   0.000000000   0.000000000
       0.000000000
    560.439860000   0.047569940   0.000000000   0.000000000   0.000000000   0.000000000   0.000000000
       0.000000000
    181.729761100   0.153080480   0.000000000   0.000000000   0.000000000   0.000000000   0.000000000
       0.000000000
     64.603335700   0.000000000   1.000000000   0.000000000   0.000000000   0.000000000   0.000000000
       0.000000000
     24.742144700   0.000000000   0.000000000   0.398835610   0.000000000   0.000000000   0.000000000
       0.000000000
     10.024664700   0.000000000   0.000000000   0.181888150   0.000000000   0.000000000   0.000000000
       0.000000000
      2.694744100   0.000000000   0.000000000   0.000000000   1.000000000   0.000000000   0.000000000
       0.000000000
      0.911452500   0.000000000   0.000000000   0.000000000   0.000000000   1.000000000   0.000000000
       0.000000000
      0.106896700   0.000000000   0.000000000   0.000000000   0.000000000   0.000000000   1.000000000
       0.000000000
      0.040091600   0.000000000   0.000000000   0.000000000   0.000000000   0.000000000   0.000000000
       1.000000000
$ P-TYPE FUNCTIONS
    6    2    0
    179.833727200   0.005381980   0.000000000
     42.113096700   0.039325750   0.000000000
     13.117353800   0.157490440   0.000000000
      4.622943500   0.359405610   0.000000000
      1.668578600   0.455162300   0.000000000
      0.585478000   0.000000000   0.219704920
a 13
$ ALUMINUM     (12s9p) -> [7s5p]
$ S-TYPE FUNCTIONS
   12    7    0
  68090.411677000   0.000284130   0.000000000   0.000000000   0.000000000   0.000000000   0.000000000
       0.000000000
  10207.540822000   0.002202070   0.000000000   0.000000000   0.000000000   0.000000000   0.000000000
       0.000000000
   2322.804585400   0.011433440   0.000000000   0.000000000   0.000000000   0.000000000   0.000000000
       0.000000000
    656.886538400   0.046284590   0.000000000   0.000000000   0.000000000   0.000000000   0.000000000
       0.000000000
    212.966941000   0.149105660   0.000000000   0.000000000   0.000000000   0.000000000   0.000000000
       0.000000000
     75.724716600   0.000000000   1.000000000   0.000000000   0.000000000   0.000000000   0.000000000
       0.000000000
     29.076320000   0.000000000   0.000000000   0.416635180   0.000000000   0.000000000   0.000000000
       0.000000000
     11.859623900   0.000000000   0.000000000   0.189783710   0.000000000   0.000000000   0.000000000
       0.000000000
      3.316215318   0.000000000   0.000000000   0.000000000   1.000000000   0.000000000   0.000000000
       0.000000000
      1.175478879   0.000000000   0.000000000   0.000000000   0.000000000   1.000000000   0.000000000
       0.000000000
      0.175205286   0.000000000   0.000000000   0.000000000   0.000000000   0.000000000   1.000000000
       0.000000000
      0.064758746   0.000000000   0.000000000   0.000000000   0.000000000   0.000000000   0.000000000
       1.000000000
$ P-TYPE FUNCTIONS
    9    5    0
    442.791825870   0.001639110   0.000000000   0.000000000   0.000000000   0.000000000
    104.759888370   0.013143520   0.000000000   0.000000000   0.000000000   0.000000000
     33.375979447   0.061497710   0.000000000   0.000000000   0.000000000   0.000000000
     12.305387957   0.188259090   0.000000000   0.000000000   0.000000000   0.000000000
      4.864247571   0.360626110   0.000000000   0.000000000   0.000000000   0.000000000
      1.960402710   0.000000000   1.000000000   0.000000000   0.000000000   0.000000000
      0.784367338   0.000000000   0.000000000   1.000000000   0.000000000   0.000000000
      0.190141651   0.000000000   0.000000000   0.000000000   1.000000000   0.000000000
      0.055874373   0.000000000   0.000000000   0.000000000   0.000000000   1.000000000
a 14
$ SILICON      (12s,9p) -> [7s,5p]
$ S-TYPE FUNCTIONS
   12    7    0
  79079.434000000   0.000264310   0.000000000   0.000000000   0.000000000   0.000000000   0.000000000
       0.000000000
  11855.010000000   0.002048510   0.000000000   0.000000000   0.000000000   0.000000000   0.000000000
       0.000000000
   2697.705100000   0.010637240   0.000000000   0.000000000   0.000000000   0.000000000   0.000000000
       0.000000000
    762.872270000   0.043082480   0.000000000   0.000000000   0.000000000   0.000000000   0.000000000
       0.000000000
    247.284550000   0.138982790   0.000000000   0.000000000   0.000000000   0.000000000   0.000000000
       0.000000000
     87.931240000   0.000000000   1.000000000   0.000000000   0.000000000   0.000000000   0.000000000
       0.000000000
     33.823284000   0.000000000   0.000000000   0.440715430   0.000000000   0.000000000   0.000000000
       0.000000000
     13.868108000   0.000000000   0.000000000   0.200911650   0.000000000   0.000000000   0.000000000
       0.000000000
      3.992001700   0.000000000   0.000000000   0.000000000   1.000000000   0.000000000   0.000000000
       0.000000000
      1.465992500   0.000000000   0.000000000   0.000000000   0.000000000   1.000000000   0.000000000
       0.000000000
      0.252710900   0.000000000   0.000000000   0.000000000   0.000000000   0.000000000   1.000000000
       0.000000000
      0.092491700   0.000000000   0.000000000   0.000000000   0.000000000   0.000000000   0.000000000
       1.000000000
$ P-TYPE FUNCTIONS
    9    5    0
    483.023520000   0.001916150   0.000000000   0.000000000   0.000000000   0.000000000
    114.250810000   0.015309770   0.000000000   0.000000000   0.000000000   0.000000000
     36.387786000   0.071094360   0.000000000   0.000000000   0.000000000   0.000000000
     13.411704000   0.212432440   0.000000000   0.000000000   0.000000000   0.000000000
      5.288403300   0.389763020   0.000000000   0.000000000   0.000000000   0.000000000
      2.137421900   0.000000000   1.000000000   0.000000000   0.000000000   0.000000000
      0.864684600   0.000000000   0.000000000   1.000000000   0.000000000   0.000000000
      0.254898600   0.000000000   0.000000000   0.000000000   1.000000000   0.000000000
      0.079397000   0.000000000   0.000000000   0.000000000   0.000000000   1.000000000
a 15
$ PHOSPHORUS   (12s,9p) -> [7s,5p]
$ S-TYPE FUNCTIONS
   12    7    0
  91049.049525000   0.000253800   0.000000000   0.000000000   0.000000000   0.000000000   0.000000000
       0.000000000
  13649.248864000   0.001967120   0.000000000   0.000000000   0.000000000   0.000000000   0.000000000
       0.000000000
   3105.943207400   0.010216060   0.000000000   0.000000000   0.000000000   0.000000000   0.000000000
       0.000000000
    878.259826300   0.041399160   0.000000000   0.000000000   0.000000000   0.000000000   0.000000000
       0.000000000
    284.633929100   0.133754150   0.000000000   0.000000000   0.000000000   0.000000000   0.000000000
       0.000000000
    101.206100100   0.000000000   1.000000000   0.000000000   0.000000000   0.000000000   0.000000000
       0.000000000
     38.977841400   0.000000000   0.000000000   0.454161130   0.000000000   0.000000000   0.000000000
       0.000000000
     16.048494100   0.000000000   0.000000000   0.207421980   0.000000000   0.000000000   0.000000000
       0.000000000
      4.722533900   0.000000000   0.000000000   0.000000000   1.000000000   0.000000000   0.000000000
       0.000000000
      1.782522200   0.000000000   0.000000000   0.000000000   0.000000000   1.000000000   0.000000000
       0.000000000
      0.339629700   0.000000000   0.000000000   0.000000000   0.000000000   0.000000000   1.000000000
       0.000000000
      0.123338600   0.000000000   0.000000000   0.000000000   0.000000000   0.000000000   0.000000000
       1.000000000
$ P-TYPE FUNCTIONS
    9    5    0
    528.443893300  -0.002281520   0.000000000   0.000000000   0.000000000   0.000000000
    124.971499500  -0.018183640   0.000000000   0.000000000   0.000000000   0.000000000
     39.795709200  -0.083940700   0.000000000   0.000000000   0.000000000   0.000000000
     14.657545000  -0.246047140   0.000000000   0.000000000   0.000000000   0.000000000
      5.757889300  -0.436556680   0.000000000   0.000000000   0.000000000   0.000000000
      2.312320100   0.000000000   1.000000000   0.000000000   0.000000000   0.000000000
      0.889937800   0.000000000   0.000000000   1.000000000   0.000000000   0.000000000
      0.304671500   0.000000000   0.000000000   0.000000000   1.000000000   0.000000000
      0.100781500   0.000000000   0.000000000   0.000000000   0.000000000   1.000000000
a 16
$ SULFUR       (12s,9p) -> [7s,5p]
$ S-TYPE FUNCTIONS
   12    7    0
 103953.950000000   0.000247430   0.000000000   0.000000000   0.000000000   0.000000000   0.000000000
       0.000000000
  15583.786000000   0.001917770   0.000000000   0.000000000   0.000000000   0.000000000   0.000000000
       0.000000000
   3546.129300000   0.009961000   0.000000000   0.000000000   0.000000000   0.000000000   0.000000000
       0.000000000
   1002.680800000   0.040386430   0.000000000   0.000000000   0.000000000   0.000000000   0.000000000
       0.000000000
    324.902880000   0.130675230   0.000000000   0.000000000   0.000000000   0.000000000   0.000000000
       0.000000000
    115.512250000   0.000000000   1.000000000   0.000000000   0.000000000   0.000000000   0.000000000
       0.000000000
     44.528210000   0.000000000   0.000000000   0.504035510   0.000000000   0.000000000   0.000000000
       0.000000000
     18.397892000   0.000000000   0.000000000   0.230680510   0.000000000   0.000000000   0.000000000
       0.000000000
      5.510068300   0.000000000   0.000000000   0.000000000   1.000000000   0.000000000   0.000000000
       0.000000000
      2.125986700   0.000000000   0.000000000   0.000000000   0.000000000   1.000000000   0.000000000
       0.000000000
      0.436918900   0.000000000   0.000000000   0.000000000   0.000000000   0.000000000   1.000000000
       0.000000000
      0.157308500   0.000000000   0.000000000   0.000000000   0.000000000   0.000000000   0.000000000
       1.000000000
$ P-TYPE FUNCTIONS
    9    5    0
    606.693670000   0.002322960   0.000000000   0.000000000   0.000000000   0.000000000
    143.506960000   0.018570530   0.000000000   0.000000000   0.000000000   0.000000000
     45.746160000   0.086032740   0.000000000   0.000000000   0.000000000   0.000000000
     16.872912000   0.252484310   0.000000000   0.000000000   0.000000000   0.000000000
      6.639919600   0.446327420   0.000000000   0.000000000   0.000000000   0.000000000
      2.672713500   0.000000000   1.000000000   0.000000000   0.000000000   0.000000000
      1.000008900   0.000000000   0.000000000   1.000000000   0.000000000   0.000000000
      0.354389400   0.000000000   0.000000000   0.000000000   1.000000000   0.000000000
      0.116713100   0.000000000   0.000000000   0.000000000   0.000000000   1.000000000
a 17
$ CHLORINE     (12s,9p) -> [7s,5p]
$ S-TYPE FUNCTIONS
   12    7    0
 117805.790000000   0.000241810   0.000000000   0.000000000   0.000000000   0.000000000   0.000000000
       0.000000000
  17660.265000000   0.001874270   0.000000000   0.000000000   0.000000000   0.000000000   0.000000000
       0.000000000
   4018.597300000   0.009736290   0.000000000   0.000000000   0.000000000   0.000000000   0.000000000
       0.000000000
   1136.223100000   0.039494750   0.000000000   0.000000000   0.000000000   0.000000000   0.000000000
       0.000000000
    368.120620000   0.127971660   0.000000000   0.000000000   0.000000000   0.000000000   0.000000000
       0.000000000
    130.861540000   0.000000000   1.000000000   0.000000000   0.000000000   0.000000000   0.000000000
       0.000000000
     50.479011000   0.000000000   0.000000000   0.428740940   0.000000000   0.000000000   0.000000000
       0.000000000
     20.916805000   0.000000000   0.000000000   0.196684930   0.000000000   0.000000000   0.000000000
       0.000000000
      6.353138800   0.000000000   0.000000000   0.000000000   1.000000000   0.000000000   0.000000000
       0.000000000
      2.494801400   0.000000000   0.000000000   0.000000000   0.000000000   1.000000000   0.000000000
       0.000000000
      0.543359500   0.000000000   0.000000000   0.000000000   0.000000000   0.000000000   1.000000000
       0.000000000
      0.194343700   0.000000000   0.000000000   0.000000000   0.000000000   0.000000000   0.000000000
       1.000000000
$ P-TYPE FUNCTIONS
    9    5    0
    681.068790000   0.002365890   0.000000000   0.000000000   0.000000000   0.000000000
    161.113590000   0.018940720   0.000000000   0.000000000   0.000000000   0.000000000
     51.386637000   0.087845130   0.000000000   0.000000000   0.000000000   0.000000000
     18.958512000   0.257074350   0.000000000   0.000000000   0.000000000   0.000000000
      3.003515800   0.371523610   0.000000000   0.000000000   0.000000000   0.000000000
      7.456529300   0.000000000   1.000000000   0.000000000   0.000000000   0.000000000
      1.060936100   0.000000000   0.000000000   1.000000000   0.000000000   0.000000000
      0.394520200   0.000000000   0.000000000   0.000000000   1.000000000   0.000000000
      0.133232800   0.000000000   0.000000000   0.000000000   0.000000000   1.000000000
a 18
$ ARGON        (12s,9p) -> [7s,5p]
$ S-TYPE FUNCTIONS
   12    7    0
 132594.742550000   0.000254840   0.000000000   0.000000000   0.000000000   0.000000000   0.000000000
       0.000000000
  19877.210051000   0.001975330   0.000000000   0.000000000   0.000000000   0.000000000   0.000000000
       0.000000000
   4523.052598900   0.010262460   0.000000000   0.000000000   0.000000000   0.000000000   0.000000000
       0.000000000
   1278.803104500   0.041648670   0.000000000   0.000000000   0.000000000   0.000000000   0.000000000
       0.000000000
    414.256189400   0.135133770   0.000000000   0.000000000   0.000000000   0.000000000   0.000000000
       0.000000000
    147.241941100   0.000000000   1.000000000   0.000000000   0.000000000   0.000000000   0.000000000
       0.000000000
     56.826155400   0.000000000   0.000000000   0.451416330   0.000000000   0.000000000   0.000000000
       0.000000000
     23.604086000   0.000000000   0.000000000   0.207588320   0.000000000   0.000000000   0.000000000
       0.000000000
      7.252495200   0.000000000   0.000000000   0.000000000   1.000000000   0.000000000   0.000000000
       0.000000000
      2.889298000   0.000000000   0.000000000   0.000000000   0.000000000   1.000000000   0.000000000
       0.000000000
      0.658879800   0.000000000   0.000000000   0.000000000   0.000000000   0.000000000   1.000000000
       0.000000000
      0.234395600   0.000000000   0.000000000   0.000000000   0.000000000   0.000000000   0.000000000
       1.000000000
$ P-TYPE FUNCTIONS
    9    5    0
    828.339698000   0.002177300   0.000000000   0.000000000   0.000000000   0.000000000
    196.065107600   0.017597440   0.000000000   0.000000000   0.000000000   0.000000000
     62.681227600   0.082905920   0.000000000   0.000000000   0.000000000   0.000000000
     23.225077800   0.249341030   0.000000000   0.000000000   0.000000000   0.000000000
      9.216781500   0.453272810   0.000000000   0.000000000   0.000000000   0.000000000
      3.759553300   0.000000000   1.000000000   0.000000000   0.000000000   0.000000000
      1.431678600   0.000000000   0.000000000   1.000000000   0.000000000   0.000000000
      0.512982700   0.000000000   0.000000000   0.000000000   1.000000000   0.000000000
      0.168214900   0.000000000   0.000000000   0.000000000   0.000000000   1.000000000



