$ Basis = Turbomole-TZV
$
$ Supported Elements
$ H He Li Be B C N O F Ne Na Mg Al Si P S Cl Ar K Ca
$ Sc Ti V Cr Mn Fe Co Ni Cu Zn Ga Ge As Se Br Kr
$
$Elements                             References
$--------                             ----------
$Li - Kr: A. Schafer, C. Huber and R. Ahlrichs, J. Chem. Phys. 100, 5829 (1994).
$
************************************************************************
a 1
$ HYDROGEN     (5s) -> [3s]
$ S-TYPE FUNCTIONS
    5    3    0
     34.061341000   0.006025200   0.000000000   0.000000000
      5.123574600   0.045021090   0.000000000   0.000000000
      1.164662600   0.201897260   0.000000000   0.000000000
      0.327230400   0.000000000   1.000000000   0.000000000
      0.103072400   0.000000000   0.000000000   1.000000000
a 2
$ HELIUM       (5s) -> [3s]
$ S-TYPE FUNCTIONS
    5    3    0
     98.078321600   0.007580310   0.000000000   0.000000000
     14.764404200   0.054848620   0.000000000   0.000000000
      3.318583100   0.220743820   0.000000000   0.000000000
      0.874138700   0.000000000   1.000000000   0.000000000
      0.244599000   0.000000000   0.000000000   1.000000000
a 3
$ LITHIUM      (11s) -> [5s]
$ S-TYPE FUNCTIONS
   11    5    0
   6269.262801000   0.000205410   0.000000000   0.000000000   0.000000000   0.000000000
    940.316124300   0.001591660   0.000000000   0.000000000   0.000000000   0.000000000
    214.221075300   0.008286980   0.000000000   0.000000000   0.000000000   0.000000000
     60.759840180   0.033856370   0.000000000   0.000000000   0.000000000   0.000000000
     19.915152030   0.111032260   0.000000000   0.000000000   0.000000000   0.000000000
      7.317150980   0.274493830   0.000000000   0.000000000   0.000000000   0.000000000
      2.972467420   0.000000000   0.237924560   0.000000000   0.000000000   0.000000000
      1.263985230   0.000000000   0.307654120   0.000000000   0.000000000   0.000000000
      0.514274900   0.000000000   0.000000000   1.000000000   0.000000000   0.000000000
      0.077030890   0.000000000   0.000000000   0.000000000   1.000000000   0.000000000
      0.028938900   0.000000000   0.000000000   0.000000000   0.000000000   1.000000000
a 4
$ BERYLLIUM    (11s) -> [5s]
$ S-TYPE FUNCTIONS
   11    5    0
   4700.236563000   0.000235840   0.000000000   0.000000000   0.000000000   0.000000000
    704.828456200   0.001824380   0.000000000   0.000000000   0.000000000   0.000000000
    160.431104800   0.009396610   0.000000000   0.000000000   0.000000000   0.000000000
     45.425347340   0.036908920   0.000000000   0.000000000   0.000000000   0.000000000
     14.798334120   0.108975610   0.000000000   0.000000000   0.000000000   0.000000000
      5.351245250   0.216942850   0.000000000   0.000000000   0.000000000   0.000000000
      2.154204480   0.000000000   0.446954090   0.000000000   0.000000000   0.000000000
      0.933637440   0.000000000   0.208669860   0.000000000   0.000000000   0.000000000
      0.187914330   0.000000000   0.000000000   1.000000000   0.000000000   0.000000000
      0.746482680   0.000000000   0.000000000   0.000000000   1.000000000   0.000000000
      0.032650480   0.000000000   0.000000000   0.000000000   0.000000000   1.000000000
a 5
$ BORON        (11s,6p) -> [5s,3p]
$ S-TYPE FUNCTIONS
   11    5    0
   8564.866069000   0.000228370   0.000000000   0.000000000   0.000000000   0.000000000
   1284.151626000   0.001768260   0.000000000   0.000000000   0.000000000   0.000000000
    292.278716000   0.009140710   0.000000000   0.000000000   0.000000000   0.000000000
     82.775469180   0.036342640   0.000000000   0.000000000   0.000000000   0.000000000
     27.017939270   0.110634580   0.000000000   0.000000000   0.000000000   0.000000000
      9.814961970   0.233673440   0.000000000   0.000000000   0.000000000   0.000000000
      3.931855910   0.000000000   0.418187780   0.000000000   0.000000000   0.000000000
      1.659559970   0.000000000   0.223254740   0.000000000   0.000000000   0.000000000
      0.357629650   0.000000000   0.000000000   1.000000000   0.000000000   0.000000000
      0.142462780   0.000000000   0.000000000   0.000000000   1.000000000   0.000000000
      0.060560590   0.000000000   0.000000000   0.000000000   0.000000000   1.000000000
$ P-TYPE FUNCTIONS
    6    3    0
     22.453875800   0.005026560   0.000000000   0.000000000
      5.104505830   0.032801740   0.000000000   0.000000000
      1.498608130   0.131512310   0.000000000   0.000000000
      0.509278310   0.331971680   0.000000000   0.000000000
      0.181470780   0.000000000   1.000000000   0.000000000
      0.646218940   0.000000000   0.000000000   1.000000000
a 6
$ CARBON       (11s,6p) -> [5s,3p]
$ S-TYPE FUNCTIONS
   11    5    0
  13575.349680000   0.000222460   0.000000000   0.000000000   0.000000000   0.000000000
   2035.233368000   0.001723270   0.000000000   0.000000000   0.000000000   0.000000000
    463.225623600   0.008925570   0.000000000   0.000000000   0.000000000   0.000000000
    131.200196000   0.035727980   0.000000000   0.000000000   0.000000000   0.000000000
     42.853015890   0.110762600   0.000000000   0.000000000   0.000000000   0.000000000
     15.584185770   0.242956280   0.000000000   0.000000000   0.000000000   0.000000000
      6.206713850   0.000000000   0.414402630   0.000000000   0.000000000   0.000000000
      2.576489650   0.000000000   0.237449690   0.000000000   0.000000000   0.000000000
      0.576963390   0.000000000   0.000000000   1.000000000   0.000000000   0.000000000
      0.229728310   0.000000000   0.000000000   0.000000000   1.000000000   0.000000000
      0.095164440   0.000000000   0.000000000   0.000000000   0.000000000   1.000000000
$ P-TYPE FUNCTIONS
    6    3    0
     34.697232240   0.005333370   0.000000000   0.000000000
      7.958262280   0.035864110   0.000000000   0.000000000
      2.378082690   0.142158730   0.000000000   0.000000000
      0.814332080   0.342704720   0.000000000   0.000000000
      0.288875470   0.000000000   1.000000000   0.000000000
      0.100568240   0.000000000   0.000000000   1.000000000
a 7
$ NITROGEN     (11s,6p) -> [5s,3p]
$ S-TYPE FUNCTIONS
   11    5    0
  19730.800650000   0.000218880   0.000000000   0.000000000   0.000000000   0.000000000
   2957.895875000   0.001696070   0.000000000   0.000000000   0.000000000   0.000000000
    673.221336000   0.008795460   0.000000000   0.000000000   0.000000000   0.000000000
    190.682494900   0.035359380   0.000000000   0.000000000   0.000000000   0.000000000
     62.295441900   0.110957890   0.000000000   0.000000000   0.000000000   0.000000000
     22.654161180   0.249829730   0.000000000   0.000000000   0.000000000   0.000000000
      8.979147740   0.000000000   0.406238960   0.000000000   0.000000000   0.000000000
      3.686300240   0.000000000   0.243382170   0.000000000   0.000000000   0.000000000
      0.846600770   0.000000000   0.000000000   1.000000000   0.000000000   0.000000000
      0.336471340   0.000000000   0.000000000   0.000000000   1.000000000   0.000000000
      0.136476540   0.000000000   0.000000000   0.000000000   0.000000000   1.000000000
$ P-TYPE FUNCTIONS
    6    3    0
     49.200380510   0.005555240   0.000000000   0.000000000
     11.346790540   0.038052380   0.000000000   0.000000000
      3.427397240   0.149536710   0.000000000   0.000000000
      1.178552510   0.349493050   0.000000000   0.000000000
      0.416422050   0.000000000   1.000000000   0.000000000
      0.142608260   0.000000000   0.000000000   1.000000000
a 8
$ OXYGEN       (11s,6p) -> [5s,3p]
$ S-TYPE FUNCTIONS
   11    5    0
  27032.382630000   0.000217260   0.000000000   0.000000000   0.000000000   0.000000000
   4052.387139000   0.001683870   0.000000000   0.000000000   0.000000000   0.000000000
    922.327227100   0.008739560   0.000000000   0.000000000   0.000000000   0.000000000
    261.240709900   0.035239970   0.000000000   0.000000000   0.000000000   0.000000000
     85.354641350   0.111535190   0.000000000   0.000000000   0.000000000   0.000000000
     31.035035240   0.255889540   0.000000000   0.000000000   0.000000000   0.000000000
     12.260860730   0.000000000   0.397687310   0.000000000   0.000000000   0.000000000
      4.998707600   0.000000000   0.246278490   0.000000000   0.000000000   0.000000000
      1.170310820   0.000000000   0.000000000   1.000000000   0.000000000   0.000000000
      0.464747410   0.000000000   0.000000000   0.000000000   1.000000000   0.000000000
      0.185045360   0.000000000   0.000000000   0.000000000   0.000000000   1.000000000
$ P-TYPE FUNCTIONS
    6    3    0
     63.274954800   0.006068510   0.000000000   0.000000000
     14.627049380   0.041912580   0.000000000   0.000000000
      4.450122350   0.161538410   0.000000000   0.000000000
      1.527579960   0.357069510   0.000000000   0.000000000
      0.529351180   0.000000000   1.000000000   0.000000000
      0.174784210   0.000000000   0.000000000   1.000000000
a 9
$ FLUORINE     (11s,6p) -> [5s,3p]
$ S-TYPE FUNCTIONS
   11    5    0
  35479.100440000   0.000215450   0.000000000   0.000000000   0.000000000   0.000000000
   5318.472898000   0.001670070   0.000000000   0.000000000   0.000000000   0.000000000
   1210.481098000   0.008673320   0.000000000   0.000000000   0.000000000   0.000000000
    342.855181400   0.035049930   0.000000000   0.000000000   0.000000000   0.000000000
    112.019431800   0.111653200   0.000000000   0.000000000   0.000000000   0.000000000
     40.714740250   0.259885070   0.000000000   0.000000000   0.000000000   0.000000000
     16.039678110   0.000000000   0.394229670   0.000000000   0.000000000   0.000000000
      6.503818670   0.000000000   0.249982390   0.000000000   0.000000000   0.000000000
      1.544047750   0.000000000   0.000000000   1.000000000   0.000000000   0.000000000
      0.612234530   0.000000000   0.000000000   0.000000000   1.000000000   0.000000000
      0.240279800   0.000000000   0.000000000   0.000000000   0.000000000   1.000000000
$ P-TYPE FUNCTIONS
    6    3    0
     80.233900480   0.006368600   0.000000000   0.000000000
     18.594010740   0.044303140   0.000000000   0.000000000
      5.686790260   0.168672490   0.000000000   0.000000000
      1.951100630   0.361663460   0.000000000   0.000000000
      0.669702110   0.000000000   1.000000000   0.000000000
      0.216513000   0.000000000   0.000000000   1.000000000
a 10
$ NEON         (11s,6p) -> [5s,3p]
$ S-TYPE FUNCTIONS
   11    5    0
  45069.464020000   0.000216870   0.000000000   0.000000000   0.000000000   0.000000000
   6755.976866000   0.001681270   0.000000000   0.000000000   0.000000000   0.000000000
   1537.650286000   0.008735610   0.000000000   0.000000000   0.000000000   0.000000000
    435.516976700   0.035361270   0.000000000   0.000000000   0.000000000   0.000000000
    142.286556400   0.113215210   0.000000000   0.000000000   0.000000000   0.000000000
     51.692153800   0.266546530   0.000000000   0.000000000   0.000000000   0.000000000
     20.315870490   0.000000000   0.396319600   0.000000000   0.000000000   0.000000000
      8.202194260   0.000000000   0.255828110   0.000000000   0.000000000   0.000000000
      1.968127630   0.000000000   0.000000000   1.000000000   0.000000000   0.000000000
      0.779047560   0.000000000   0.000000000   0.000000000   1.000000000   0.000000000
      0.302295020   0.000000000   0.000000000   0.000000000   0.000000000   1.000000000
$ P-TYPE FUNCTIONS
    6    3    0
     99.782996030   0.006556920   0.000000000   0.000000000
     23.176124100   0.045888010   0.000000000   0.000000000
      7.116394590   0.173312880   0.000000000   0.000000000
      2.441871140   0.364752680   0.000000000   0.000000000
      0.833896060   0.000000000   1.000000000   0.000000000
      0.266073110   0.000000000   0.000000000   1.000000000
a 11
$ SODIUM       (14s,6p) -> [5s,2p]
$ S-TYPE FUNCTIONS
   14    5    0
  26041.109930000   0.000618060   0.000000000   0.000000000   0.000000000   0.000000000
   3906.126855000   0.004774860   0.000000000   0.000000000   0.000000000   0.000000000
    888.974549900   0.024471680   0.000000000   0.000000000   0.000000000   0.000000000
    251.454979600   0.094755390   0.000000000   0.000000000   0.000000000   0.000000000
     81.650143510   0.268674970   0.000000000   0.000000000   0.000000000   0.000000000
     28.904158400   0.479254750   0.000000000   0.000000000   0.000000000   0.000000000
     10.625782930   0.332485910   0.000000000   0.000000000   0.000000000   0.000000000
     53.769410180   0.000000000   0.019527730   0.000000000   0.000000000   0.000000000
     16.308243020   0.000000000   0.092648010   0.000000000   0.000000000   0.000000000
      2.373038410   0.000000000  -0.399386700   0.000000000   0.000000000   0.000000000
      0.957307730   0.000000000   0.000000000   1.642859540   0.000000000   0.000000000
      0.408064610   0.000000000   0.000000000   0.556925970   0.000000000   0.000000000
      0.049967580   0.000000000   0.000000000   0.000000000   1.000000000   0.000000000
      0.019268620   0.000000000   0.000000000   0.000000000   0.000000000   1.000000000
$ P-TYPE FUNCTIONS
    6    2    0
    138.079799900   0.005795190   0.000000000
     32.232700390   0.041620850   0.000000000
      9.981607540   0.162819170   0.000000000
      3.482203390   0.360117850   0.000000000
      1.229913460   0.448589800   0.000000000
      0.417439590   0.000000000   1.000000000
a 12
$ MAGNESIUM    (14s,6p) -> [5s,2p]
$ S-TYPE FUNCTIONS
   14    5    0
  31438.349550000   0.000609120   0.000000000   0.000000000   0.000000000   0.000000000
   4715.515335000   0.004706620   0.000000000   0.000000000   0.000000000   0.000000000
   1073.162925000   0.024135820   0.000000000   0.000000000   0.000000000   0.000000000
    303.572387700   0.093628960   0.000000000   0.000000000   0.000000000   0.000000000
     98.626251040   0.266467420   0.000000000   0.000000000   0.000000000   0.000000000
     34.943808420   0.478909300   0.000000000   0.000000000   0.000000000   0.000000000
     12.859785200   0.336984900   0.000000000   0.000000000   0.000000000   0.000000000
     64.876913000   0.000000000   0.019180890   0.000000000   0.000000000   0.000000000
     19.725520780   0.000000000   0.090913700   0.000000000   0.000000000   0.000000000
      2.895180430   0.000000000  -0.395637560   0.000000000   0.000000000   0.000000000
      1.196045470   0.000000000   0.000000000   1.682760340   0.000000000   0.000000000
      0.543294510   0.000000000   0.000000000   0.521410920   0.000000000   0.000000000
      0.100991040   0.000000000   0.000000000   0.000000000   1.000000000   0.000000000
      0.036865730   0.000000000   0.000000000   0.000000000   0.000000000   1.000000000
$ P-TYPE FUNCTIONS
    6    2    0
    179.871896100   0.005379950   0.000000000
     42.120069380   0.039318010   0.000000000
     13.120503030   0.157401290   0.000000000
      4.625750360   0.359190940   0.000000000
      1.669521100   0.455333790   0.000000000
      0.585510120   0.000000000   1.000000000
a 13
$ ALUMINUM     (14s,9p) -> [5s,4p]
$ S-TYPE FUNCTIONS
   14    5    0
  37792.550770000   0.000570480   0.000000000   0.000000000   0.000000000   0.000000000
   5668.068217000   0.004409300   0.000000000   0.000000000   0.000000000   0.000000000
   1289.858284000   0.022630970   0.000000000   0.000000000   0.000000000   0.000000000
    364.865960300   0.088025640   0.000000000   0.000000000   0.000000000   0.000000000
    118.576315100   0.252237020   0.000000000   0.000000000   0.000000000   0.000000000
     42.024867600   0.459605470   0.000000000   0.000000000   0.000000000   0.000000000
     15.499501630   0.332778860   0.000000000   0.000000000   0.000000000   0.000000000
     75.208026600   0.000000000   0.019250560   0.000000000   0.000000000   0.000000000
     23.031408970   0.000000000   0.087906740   0.000000000   0.000000000   0.000000000
      3.634879760   0.000000000  -0.342467050   0.000000000   0.000000000   0.000000000
      1.606505000   0.000000000   0.000000000   1.510626610   0.000000000   0.000000000
      0.761033950   0.000000000   0.000000000   0.580710160   0.000000000   0.000000000
      0.165567090   0.000000000   0.000000000   0.000000000   1.000000000   0.000000000
      0.060041580   0.000000000   0.000000000   0.000000000   0.000000000   1.000000000
$ P-TYPE FUNCTIONS
    9    4    0
    452.523031900   0.002311080   0.000000000   0.000000000   0.000000000
    107.081950500   0.018568640   0.000000000   0.000000000   0.000000000
     34.131021250   0.087216240   0.000000000   0.000000000   0.000000000
     12.587037430   0.269021020   0.000000000   0.000000000   0.000000000
      4.981191970   0.521283240   0.000000000   0.000000000   0.000000000
      2.007035090   0.602716870   0.000000000   0.000000000   0.000000000
      0.800837140   0.000000000   1.000000000   0.000000000   0.000000000
      0.201789270   0.000000000   0.000000000   1.000000000   0.000000000
      0.057895550   0.000000000   0.000000000   0.000000000   1.000000000
a 14
$ SILICON      (14s,9p) -> [5s,4p]
$ S-TYPE FUNCTIONS
   14    5    0
  44773.358080000   0.000559150   0.000000000   0.000000000   0.000000000   0.000000000
   6717.199210000   0.004320600   0.000000000   0.000000000   0.000000000   0.000000000
   1528.896032000   0.022187100   0.000000000   0.000000000   0.000000000   0.000000000
    432.547465900   0.086489250   0.000000000   0.000000000   0.000000000   0.000000000
    140.615052300   0.249398900   0.000000000   0.000000000   0.000000000   0.000000000
     49.857636720   0.460171970   0.000000000   0.000000000   0.000000000   0.000000000
     18.434974890   0.342502370   0.000000000   0.000000000   0.000000000   0.000000000
     86.533886110   0.000000000   0.021300060   0.000000000   0.000000000   0.000000000
     26.624606850   0.000000000   0.094676140   0.000000000   0.000000000   0.000000000
      4.495305720   0.000000000  -0.326162650   0.000000000   0.000000000   0.000000000
      2.103504570   0.000000000   0.000000000   1.398080390   0.000000000   0.000000000
      1.010609490   0.000000000   0.000000000   0.638657870   0.000000000   0.000000000
      0.237017510   0.000000000   0.000000000   0.000000000   1.000000000   0.000000000
      0.085703410   0.000000000   0.000000000   0.000000000   0.000000000   1.000000000
$ P-TYPE FUNCTIONS
    9    4    0
    394.475036300   0.002628570   0.000000000   0.000000000   0.000000000
     93.137683100   0.020556260   0.000000000   0.000000000   0.000000000
     29.519608740   0.092070260   0.000000000   0.000000000   0.000000000
     10.781663790   0.255658900   0.000000000   0.000000000   0.000000000
      4.162657480   0.421117070   0.000000000   0.000000000   0.000000000
      1.624797300   0.344017460   0.000000000   0.000000000   0.000000000
      0.543066600   0.000000000   1.000000000   0.000000000   0.000000000
      0.205820740   0.000000000   0.000000000   1.000000000   0.000000000
      0.070053490   0.000000000   0.000000000   0.000000000   1.000000000
a 15
$ PHOSPHORUS   (14s,9p) -> [5s,4p]
$ S-TYPE FUNCTIONS
   14    5    0
  52426.999230000   0.000552070   0.000000000   0.000000000   0.000000000   0.000000000
   7863.266055000   0.004267860   0.000000000   0.000000000   0.000000000   0.000000000
   1789.522733000   0.021931530   0.000000000   0.000000000   0.000000000   0.000000000
    506.273001600   0.085667170   0.000000000   0.000000000   0.000000000   0.000000000
    164.606985500   0.248406870   0.000000000   0.000000000   0.000000000   0.000000000
     58.391918720   0.463367540   0.000000000   0.000000000   0.000000000   0.000000000
     21.643663200   0.353505580   0.000000000   0.000000000   0.000000000   0.000000000
     99.013837620   0.000000000   0.021895680   0.000000000   0.000000000   0.000000000
     30.550439820   0.000000000   0.095650470   0.000000000   0.000000000   0.000000000
      5.453708770   0.000000000  -0.294542700   0.000000000   0.000000000   0.000000000
      2.650336260   0.000000000   0.000000000   1.329438120   0.000000000   0.000000000
      1.272668890   0.000000000   0.000000000   0.661093960   0.000000000   0.000000000
      0.316450050   0.000000000   0.000000000   0.000000000   1.000000000   0.000000000
      0.114174670   0.000000000   0.000000000   0.000000000   0.000000000   1.000000000
$ P-TYPE FUNCTIONS
    9    4    0
    472.272192500   0.002571060   0.000000000   0.000000000   0.000000000
    111.588827600   0.020250300   0.000000000   0.000000000   0.000000000
     35.445936420   0.091580720   0.000000000   0.000000000   0.000000000
     12.990776880   0.257494540   0.000000000   0.000000000   0.000000000
      5.048622170   0.428629000   0.000000000   0.000000000   0.000000000
      1.993404960   0.343598180   0.000000000   0.000000000   0.000000000
      0.665272840   0.000000000   1.000000000   0.000000000   0.000000000
      0.255168320   0.000000000   0.000000000   1.000000000   0.000000000
      0.090357760   0.000000000   0.000000000   0.000000000   1.000000000
a 16
$ SULFUR       (14s,9p) -> [5s,4p]
$ S-TYPE FUNCTIONS
   14    5    0
  60700.928100000   0.000546960   0.000000000   0.000000000   0.000000000   0.000000000
   9102.610685000   0.004229720   0.000000000   0.000000000   0.000000000   0.000000000
   2071.416601000   0.021747820   0.000000000   0.000000000   0.000000000   0.000000000
    586.024768200   0.085100050   0.000000000   0.000000000   0.000000000   0.000000000
    190.553950200   0.247991280   0.000000000   0.000000000   0.000000000   0.000000000
     67.630384260   0.467036400   0.000000000   0.000000000   0.000000000   0.000000000
     25.127306910   0.364345880   0.000000000   0.000000000   0.000000000   0.000000000
    112.574630100   0.000000000   0.021670040   0.000000000   0.000000000   0.000000000
     34.795554220   0.000000000   0.093602300   0.000000000   0.000000000   0.000000000
      6.511555620   0.000000000  -0.260680010   0.000000000   0.000000000   0.000000000
      3.239903230   0.000000000   0.000000000   1.284208940   0.000000000   0.000000000
      1.547716090   0.000000000   0.000000000   0.660364170   0.000000000   0.000000000
      0.405410300   0.000000000   0.000000000   0.000000000   1.000000000   0.000000000
      0.145506510   0.000000000   0.000000000   0.000000000   0.000000000   1.000000000
$ P-TYPE FUNCTIONS
    9    4    0
    564.367160300   0.002479680   0.000000000   0.000000000   0.000000000
    133.426243800   0.019677930   0.000000000   0.000000000   0.000000000
     42.468271190   0.089980010   0.000000000   0.000000000   0.000000000
     15.616527580   0.257058810   0.000000000   0.000000000   0.000000000
      6.109398850   0.435151670   0.000000000   0.000000000   0.000000000
      2.440416020   0.348832410   0.000000000   0.000000000   0.000000000
      0.838822010   0.000000000   1.000000000   0.000000000   0.000000000
      0.312887470   0.000000000   0.000000000   1.000000000   0.000000000
      0.107701090   0.000000000   0.000000000   0.000000000   1.000000000
a 17
$ CHLORINE     (14s,9p) -> [5s,4p]
$ S-TYPE FUNCTIONS
   14    5    0
  69507.990940000   0.000543150   0.000000000   0.000000000   0.000000000   0.000000000
  10426.156880000   0.004199050   0.000000000   0.000000000   0.000000000   0.000000000
   2373.233406000   0.021592140   0.000000000   0.000000000   0.000000000   0.000000000
    671.564200700   0.084598850   0.000000000   0.000000000   0.000000000   0.000000000
    218.419997900   0.247572500   0.000000000   0.000000000   0.000000000   0.000000000
     77.572249710   0.470169300   0.000000000   0.000000000   0.000000000   0.000000000
     28.888815280   0.374363710   0.000000000   0.000000000   0.000000000   0.000000000
    127.105271800   0.000000000   0.025182170   0.000000000   0.000000000   0.000000000
     39.339582960   0.000000000   0.107861120   0.000000000   0.000000000   0.000000000
      7.674068000   0.000000000  -0.274088220   0.000000000   0.000000000   0.000000000
      3.874562760   0.000000000   0.000000000   1.321387500   0.000000000   0.000000000
      1.838583260   0.000000000   0.000000000   0.686369550   0.000000000   0.000000000
      0.502290580   0.000000000   0.000000000   0.000000000   1.000000000   0.000000000
      0.179627230   0.000000000   0.000000000   0.000000000   0.000000000   1.000000000
$ P-TYPE FUNCTIONS
    9    4    0
    666.504232800   0.002363270   0.000000000   0.000000000   0.000000000
    157.642416900   0.018879300   0.000000000   0.000000000   0.000000000
     50.262520980   0.087206340   0.000000000   0.000000000   0.000000000
     18.536078110   0.252856130   0.000000000   0.000000000   0.000000000
      7.294053280   0.435071550   0.000000000   0.000000000   0.000000000
      2.943324900   0.350265130   0.000000000   0.000000000   0.000000000
      1.040497080   0.000000000   1.000000000   0.000000000   0.000000000
      0.384564150   0.000000000   0.000000000   1.000000000   0.000000000
      0.130696430   0.000000000   0.000000000   0.000000000   1.000000000
a 18
$ ARGON        (14s,9p) -> [5s,4p]
$ S-TYPE FUNCTIONS
   14    5    0
  79111.423000000   0.000510290   0.000000000   0.000000000   0.000000000   0.000000000
  11864.746010000   0.003946300   0.000000000   0.000000000   0.000000000   0.000000000
   2700.164297000   0.020307070   0.000000000   0.000000000   0.000000000   0.000000000
    763.959434800   0.079691830   0.000000000   0.000000000   0.000000000   0.000000000
    248.451505600   0.234206240   0.000000000   0.000000000   0.000000000   0.000000000
     88.283581000   0.448338490   0.000000000   0.000000000   0.000000000   0.000000000
     32.948607070   0.364081670   0.000000000   0.000000000   0.000000000   0.000000000
    142.553580000   0.000000000   0.026387410   0.000000000   0.000000000   0.000000000
     44.163688010   0.000000000   0.112264340   0.000000000   0.000000000   0.000000000
      8.952499500   0.000000000  -0.261789220   0.000000000   0.000000000   0.000000000
      4.554692090   0.000000000   0.000000000   1.300248500   0.000000000   0.000000000
      2.144407900   0.000000000   0.000000000   0.671972370   0.000000000   0.000000000
      0.607087770   0.000000000   0.000000000   0.000000000   1.000000000   0.000000000
      0.216514320   0.000000000   0.000000000   0.000000000   0.000000000   1.000000000
$ P-TYPE FUNCTIONS
    9    4    0
    776.775420000   0.002202800   0.000000000   0.000000000   0.000000000
    183.801070200   0.017694180   0.000000000   0.000000000   0.000000000
     58.694003170   0.082431290   0.000000000   0.000000000   0.000000000
     21.701591700   0.242072790   0.000000000   0.000000000   0.000000000
      8.582148960   0.422635580   0.000000000   0.000000000   0.000000000
      3.492267920   0.341518060   0.000000000   0.000000000   0.000000000
      1.263742700   0.000000000   1.000000000   0.000000000   0.000000000
      0.466078700   0.000000000   0.000000000   1.000000000   0.000000000
      0.157660030   0.000000000   0.000000000   0.000000000   1.000000000
a 19
$ POTASSIUM    (17s,10p) -> [6s,3p]
$ S-TYPE FUNCTIONS
   17    6    0
 153976.183300000   0.000236630   0.000000000   0.000000000   0.000000000   0.000000000   0.000000000
  23082.497670000   0.001834290   0.000000000   0.000000000   0.000000000   0.000000000   0.000000000
   5253.234475000   0.009531050   0.000000000   0.000000000   0.000000000   0.000000000   0.000000000
   1486.955013000   0.038638410   0.000000000   0.000000000   0.000000000   0.000000000   0.000000000
    484.063337300   0.124807690   0.000000000   0.000000000   0.000000000   0.000000000   0.000000000
    173.566539800   0.292788610   0.000000000   0.000000000   0.000000000   0.000000000   0.000000000
     67.116381460   0.406334260   0.000000000   0.000000000   0.000000000   0.000000000   0.000000000
     26.339502050   0.200772160   0.000000000   0.000000000   0.000000000   0.000000000   0.000000000
    172.876935700   0.000000000  -0.024200960   0.000000000   0.000000000   0.000000000   0.000000000
     53.058649060   0.000000000  -0.115530950   0.000000000   0.000000000   0.000000000   0.000000000
      7.921275400   0.000000000   0.574555450   0.000000000   0.000000000   0.000000000   0.000000000
      3.210888050   0.000000000   0.570231850   0.000000000   0.000000000   0.000000000   0.000000000
      4.566207090   0.000000000   0.000000000  -0.226157630   0.000000000   0.000000000   0.000000000
      0.702099070   0.000000000   0.000000000   0.755283920   0.000000000   0.000000000   0.000000000
      0.282589430   0.000000000   0.000000000   0.000000000   1.000000000   0.000000000   0.000000000
      0.035805820   0.000000000   0.000000000   0.000000000   0.000000000   1.000000000   0.000000000
      0.015819210   0.000000000   0.000000000   0.000000000   0.000000000   0.000000000   1.000000000
$ P-TYPE FUNCTIONS
   10    3    0
    728.184498700   0.002615070   0.000000000   0.000000000
    172.132650600   0.020673630   0.000000000   0.000000000
     54.829847070   0.093205600   0.000000000   0.000000000
     20.166266490   0.254365180   0.000000000   0.000000000
      7.861072880   0.391311330   0.000000000   0.000000000
      3.110521310   0.224813460   0.000000000   0.000000000
     11.757337490   0.000000000  -0.025777290   0.000000000
      1.513961740   0.000000000   0.573594290   0.000000000
      0.583285920   0.000000000   1.079832000   0.000000000
      0.215704780   0.000000000   0.000000000   1.000000000
a 20
$ CALCIUM      (17s,10p) -> [6s,3p]
$ S-TYPE FUNCTIONS
   17    6    0
 172517.326800000   0.000233180   0.000000000   0.000000000   0.000000000   0.000000000   0.000000000
  25861.519270000   0.001807650   0.000000000   0.000000000   0.000000000   0.000000000   0.000000000
   5885.661867000   0.009394380   0.000000000   0.000000000   0.000000000   0.000000000   0.000000000
   1665.973003000   0.038108410   0.000000000   0.000000000   0.000000000   0.000000000   0.000000000
    542.367181500   0.123312040   0.000000000   0.000000000   0.000000000   0.000000000   0.000000000
    194.578034900   0.290044710   0.000000000   0.000000000   0.000000000   0.000000000   0.000000000
     75.303597640   0.405871510   0.000000000   0.000000000   0.000000000   0.000000000   0.000000000
     29.574062590   0.203984110   0.000000000   0.000000000   0.000000000   0.000000000   0.000000000
    191.200746600   0.000000000  -0.024419760   0.000000000   0.000000000   0.000000000   0.000000000
     58.840299880   0.000000000  -0.115470270   0.000000000   0.000000000   0.000000000   0.000000000
      8.964254090   0.000000000   0.563566370   0.000000000   0.000000000   0.000000000   0.000000000
      3.685696050   0.000000000   0.567096830   0.000000000   0.000000000   0.000000000   0.000000000
      5.246428970   0.000000000   0.000000000  -0.228253340   0.000000000   0.000000000   0.000000000
      0.848626220   0.000000000   0.000000000   0.726252190   0.000000000   0.000000000   0.000000000
      0.367433010   0.000000000   0.000000000   0.000000000   1.000000000   0.000000000   0.000000000
      0.066821580   0.000000000   0.000000000   0.000000000   0.000000000   1.000000000   0.000000000
      0.026759730   0.000000000   0.000000000   0.000000000   0.000000000   0.000000000   1.000000000
$ P-TYPE FUNCTIONS
   10    3    0
    836.972620600   0.002525830   0.000000000   0.000000000
    197.930401400   0.020076510   0.000000000   0.000000000
     63.135558050   0.091302990   0.000000000   0.000000000
     23.282687170   0.252470300   0.000000000   0.000000000
      9.117644490   0.394263260   0.000000000   0.000000000
      3.633612010   0.230115590   0.000000000   0.000000000
     13.494163120   0.000000000  -0.026495020   0.000000000
      1.813925980   0.000000000   0.550881080   0.000000000
      0.719818260   0.000000000   1.028061660   0.000000000
      0.276295770   0.000000000   0.000000000   1.000000000
a 21
$ SCANDIUM     (17s,10p,6d) -> [6s,3p,3d]
$ S-TYPE FUNCTIONS
   17    6    0
 191612.918700000   0.000230760   0.000000000   0.000000000   0.000000000   0.000000000   0.000000000
  28723.850360000   0.001789030   0.000000000   0.000000000   0.000000000   0.000000000   0.000000000
   6537.011649000   0.009299040   0.000000000   0.000000000   0.000000000   0.000000000   0.000000000
   1850.309717000   0.037739440   0.000000000   0.000000000   0.000000000   0.000000000   0.000000000
    602.388551600   0.122271480   0.000000000   0.000000000   0.000000000   0.000000000   0.000000000
    216.173247700   0.288148210   0.000000000   0.000000000   0.000000000   0.000000000   0.000000000
     83.712517880   0.405175430   0.000000000   0.000000000   0.000000000   0.000000000   0.000000000
     32.908707190   0.205660200   0.000000000   0.000000000   0.000000000   0.000000000   0.000000000
    211.343932300   0.000000000  -0.024527990   0.000000000   0.000000000   0.000000000   0.000000000
     65.128920140   0.000000000  -0.115701580   0.000000000   0.000000000   0.000000000   0.000000000
     10.034311530   0.000000000   0.559952830   0.000000000   0.000000000   0.000000000   0.000000000
      4.159688460   0.000000000   0.560877650   0.000000000   0.000000000   0.000000000   0.000000000
      6.000904160   0.000000000   0.000000000  -0.228404940   0.000000000   0.000000000   0.000000000
      0.982557840   0.000000000   0.000000000   0.719489700   0.000000000   0.000000000   0.000000000
      0.424831930   0.000000000   0.000000000   0.000000000   1.000000000   0.000000000   0.000000000
      0.077185460   0.000000000   0.000000000   0.000000000   0.000000000   1.000000000   0.000000000
      0.030147220   0.000000000   0.000000000   0.000000000   0.000000000   0.000000000   1.000000000
$ P-TYPE FUNCTIONS
   10    3    0
    947.341228200   0.002473720   0.000000000   0.000000000
    224.096997300   0.019742970   0.000000000   0.000000000
     71.560334880   0.090357150   0.000000000   0.000000000
     26.444824490   0.252016020   0.000000000   0.000000000
     10.393798290   0.396755360   0.000000000   0.000000000
      4.160630460   0.232086250   0.000000000   0.000000000
     15.565737140   0.000000000  -0.027129420   0.000000000
      2.112154490   0.000000000   0.551092570   0.000000000
      0.841847090   0.000000000   1.009063580   0.000000000
      0.322975430   0.000000000   0.000000000   1.000000000
$ D-TYPE FUNCTIONS
    6    3    0
     30.989390990   0.011902840   0.000000000   0.000000000
      8.690546510   0.067655860   0.000000000   0.000000000
      2.952025630   0.213325400   0.000000000   0.000000000
      1.076191080   0.383910760   0.000000000   0.000000000
      0.383389150   0.000000000   0.433547160   0.000000000
      0.125346860   0.000000000   0.000000000   0.245092640
a 22
$ TITANIUM     (17s,10p,6d) -> [6s,3p,3d]
$ S-TYPE FUNCTIONS
   17    6    0
 211575.690300000   0.000233180   0.000000000   0.000000000   0.000000000   0.000000000   0.000000000
  31714.945060000   0.001807970   0.000000000   0.000000000   0.000000000   0.000000000   0.000000000
   7217.547654000   0.009398430   0.000000000   0.000000000   0.000000000   0.000000000   0.000000000
   2042.939425000   0.038156850   0.000000000   0.000000000   0.000000000   0.000000000   0.000000000
    665.128962100   0.123747570   0.000000000   0.000000000   0.000000000   0.000000000   0.000000000
    238.749422600   0.292085510   0.000000000   0.000000000   0.000000000   0.000000000   0.000000000
     92.508691000   0.412268010   0.000000000   0.000000000   0.000000000   0.000000000   0.000000000
     36.403919210   0.210905340   0.000000000   0.000000000   0.000000000   0.000000000   0.000000000
    232.726246100   0.000000000  -0.024920140   0.000000000   0.000000000   0.000000000   0.000000000
     71.791209710   0.000000000  -0.117464900   0.000000000   0.000000000   0.000000000   0.000000000
     11.158534620   0.000000000   0.565033420   0.000000000   0.000000000   0.000000000   0.000000000
      4.654813540   0.000000000   0.562111020   0.000000000   0.000000000   0.000000000   0.000000000
      6.803462920   0.000000000   0.000000000  -0.230114250   0.000000000   0.000000000   0.000000000
      1.120107640   0.000000000   0.000000000   0.721031870   0.000000000   0.000000000   0.000000000
      0.480801190   0.000000000   0.000000000   0.000000000   1.000000000   0.000000000   0.000000000
      0.085157270   0.000000000   0.000000000   0.000000000   0.000000000   1.000000000   0.000000000
      0.032657480   0.000000000   0.000000000   0.000000000   0.000000000   0.000000000   1.000000000
$ P-TYPE FUNCTIONS
   10    3    0
   1063.147473000   0.002469080   0.000000000   0.000000000
    251.565070600   0.019773350   0.000000000   0.000000000
     80.408554850   0.090987980   0.000000000   0.000000000
     29.768193270   0.255599000   0.000000000   0.000000000
     11.736830560   0.404893870   0.000000000   0.000000000
      4.714237520   0.236934030   0.000000000   0.000000000
     17.796803700   0.000000000  -0.027878640   0.000000000
      2.427269870   0.000000000   0.556729150   0.000000000
      0.968234460   0.000000000   1.005544730   0.000000000
      0.370566940   0.000000000   0.000000000   1.000000000
$ D-TYPE FUNCTIONS
    6    3    0
     37.713384720   0.011513840   0.000000000   0.000000000
     10.692931180   0.067246340   0.000000000   0.000000000
      3.672844700   0.214842080   0.000000000   0.000000000
      1.358859030   0.388908930   0.000000000   0.000000000
      0.492132950   0.000000000   0.430408350   0.000000000
      0.163305210   0.000000000   0.000000000   0.232533050
a 23
$ VANADIUM     (17s,10p,6d) -> [6s,3p,3d]
$ S-TYPE FUNCTIONS
   17    6    0
 232340.650600000   0.000230720   0.000000000   0.000000000   0.000000000   0.000000000   0.000000000
  34828.841170000   0.001788820   0.000000000   0.000000000   0.000000000   0.000000000   0.000000000
   7926.544869000   0.009299250   0.000000000   0.000000000   0.000000000   0.000000000   0.000000000
   2243.773305000   0.037761460   0.000000000   0.000000000   0.000000000   0.000000000   0.000000000
    730.593229400   0.122559100   0.000000000   0.000000000   0.000000000   0.000000000   0.000000000
    262.322196300   0.289635090   0.000000000   0.000000000   0.000000000   0.000000000   0.000000000
    101.704038000   0.410047030   0.000000000   0.000000000   0.000000000   0.000000000   0.000000000
     40.064784620   0.211136110   0.000000000   0.000000000   0.000000000   0.000000000   0.000000000
    255.240149700   0.000000000  -0.024458120   0.000000000   0.000000000   0.000000000   0.000000000
     78.804646960   0.000000000  -0.115272050   0.000000000   0.000000000   0.000000000   0.000000000
     12.340598950   0.000000000   0.551747490   0.000000000   0.000000000   0.000000000   0.000000000
      5.174201920   0.000000000   0.545045280   0.000000000   0.000000000   0.000000000   0.000000000
      7.651389450   0.000000000   0.000000000  -0.229676380   0.000000000   0.000000000   0.000000000
      1.263975990   0.000000000   0.000000000   0.716837690   0.000000000   0.000000000   0.000000000
      0.538617620   0.000000000   0.000000000   0.000000000   1.000000000   0.000000000   0.000000000
      0.092719300   0.000000000   0.000000000   0.000000000   0.000000000   1.000000000   0.000000000
      0.034998060   0.000000000   0.000000000   0.000000000   0.000000000   0.000000000   1.000000000
$ P-TYPE FUNCTIONS
   10    3    0
   1184.236915000   0.002444980   0.000000000   0.000000000
    280.230751900   0.019643450   0.000000000   0.000000000
     89.643627140   0.090796950   0.000000000   0.000000000
     33.242411250   0.256507680   0.000000000   0.000000000
     13.144514450   0.408153940   0.000000000   0.000000000
      5.294853410   0.238603780   0.000000000   0.000000000
     20.175586850   0.000000000  -0.028241490   0.000000000
      2.760586520   0.000000000   0.555746360   0.000000000
      1.100890090   0.000000000   0.993199190   0.000000000
      0.420133110   0.000000000   0.000000000   1.000000000
$ D-TYPE FUNCTIONS
    6    3    0
     43.861134860   0.011487170   0.000000000   0.000000000
     12.516021890   0.068247150   0.000000000   0.000000000
      4.331385500   0.218377840   0.000000000   0.000000000
      1.613885580   0.392452120   0.000000000   0.000000000
      0.587495740   0.000000000   0.426344670   0.000000000
      0.195157230   0.000000000   0.000000000   0.226465630
a 24
$ CHROMIUM     (17s,10p,6d) -> [6s,3p,3d]
$ S-TYPE FUNCTIONS
   17    6    0
 254477.807000000   0.000233870   0.000000000   0.000000000   0.000000000   0.000000000   0.000000000
  38131.797050000   0.001814260   0.000000000   0.000000000   0.000000000   0.000000000   0.000000000
   8675.293061000   0.009436390   0.000000000   0.000000000   0.000000000   0.000000000   0.000000000
   2455.009985000   0.038343640   0.000000000   0.000000000   0.000000000   0.000000000   0.000000000
    799.162177900   0.124591950   0.000000000   0.000000000   0.000000000   0.000000000   0.000000000
    286.900214900   0.294896960   0.000000000   0.000000000   0.000000000   0.000000000   0.000000000
    111.254132300   0.418461500   0.000000000   0.000000000   0.000000000   0.000000000   0.000000000
     43.864152640   0.216337630   0.000000000   0.000000000   0.000000000   0.000000000   0.000000000
    279.326691700   0.000000000  -0.023450910   0.000000000   0.000000000   0.000000000   0.000000000
     86.274732380   0.000000000  -0.110803700   0.000000000   0.000000000   0.000000000   0.000000000
     13.555756110   0.000000000   0.530289660   0.000000000   0.000000000   0.000000000   0.000000000
      5.697811280   0.000000000   0.516035170   0.000000000   0.000000000   0.000000000   0.000000000
      8.563658260   0.000000000   0.000000000  -0.381095460   0.000000000   0.000000000   0.000000000
      1.398829680   0.000000000   0.000000000   1.199159140   0.000000000   0.000000000   0.000000000
      0.572881710   0.000000000   0.000000000   0.000000000   1.000000000   0.000000000   0.000000000
      0.090096170   0.000000000   0.000000000   0.000000000   0.000000000   1.000000000   0.000000000
      0.034125890   0.000000000   0.000000000   0.000000000   0.000000000   0.000000000   1.000000000
$ P-TYPE FUNCTIONS
   10    3    0
   1306.439886000   0.002427730   0.000000000   0.000000000
    309.253114400   0.019544040   0.000000000   0.000000000
     98.996273960   0.090651790   0.000000000   0.000000000
     36.756916450   0.256992790   0.000000000   0.000000000
     14.566657080   0.409355050   0.000000000   0.000000000
      5.873993740   0.237293890   0.000000000   0.000000000
     22.890999700   0.000000000  -0.028166030   0.000000000
      3.085500180   0.000000000   0.560341200   0.000000000
      1.213232910   0.000000000   0.981190200   0.000000000
      0.449316810   0.000000000   0.000000000   1.000000000
$ D-TYPE FUNCTIONS
    6    3    0
     43.720074480   0.013622960   0.000000000   0.000000000
     12.391242650   0.078935180   0.000000000   0.000000000
      4.263944200   0.238338400   0.000000000   0.000000000
      1.552522180   0.395268510   0.000000000   0.000000000
      0.537619290   0.000000000   0.410617170   0.000000000
      0.164931730   0.000000000   0.000000000   0.244404110
a 25
$ MANGANESE    (17s,10p,6d) -> [6s,3p,3d]
$ S-TYPE FUNCTIONS
   17    6    0
 277185.001500000   0.000228380   0.000000000   0.000000000   0.000000000   0.000000000   0.000000000
  41550.769890000   0.001770770   0.000000000   0.000000000   0.000000000   0.000000000   0.000000000
   9455.970015000   0.009207720   0.000000000   0.000000000   0.000000000   0.000000000   0.000000000
   2676.520648000   0.037415970   0.000000000   0.000000000   0.000000000   0.000000000   0.000000000
    871.466875300   0.121648610   0.000000000   0.000000000   0.000000000   0.000000000   0.000000000
    312.983064200   0.288243930   0.000000000   0.000000000   0.000000000   0.000000000   0.000000000
    121.444540500   0.410416010   0.000000000   0.000000000   0.000000000   0.000000000   0.000000000
     47.922598830   0.213723750   0.000000000   0.000000000   0.000000000   0.000000000   0.000000000
    303.667231600   0.000000000  -0.024589930   0.000000000   0.000000000   0.000000000   0.000000000
     93.881403190   0.000000000  -0.116026080   0.000000000   0.000000000   0.000000000   0.000000000
     14.879421210   0.000000000   0.551120600   0.000000000   0.000000000   0.000000000   0.000000000
      6.286520080   0.000000000   0.537075610   0.000000000   0.000000000   0.000000000   0.000000000
      9.485859130   0.000000000   0.000000000  -0.228892630   0.000000000   0.000000000   0.000000000
      1.569870620   0.000000000   0.000000000   0.711961700   0.000000000   0.000000000   0.000000000
      0.659032140   0.000000000   0.000000000   0.000000000   1.000000000   0.000000000   0.000000000
      0.106862920   0.000000000   0.000000000   0.000000000   0.000000000   1.000000000   0.000000000
      0.039267440   0.000000000   0.000000000   0.000000000   0.000000000   0.000000000   1.000000000
$ P-TYPE FUNCTIONS
   10    3    0
   1444.797818000   0.002399410   0.000000000   0.000000000
    342.065512000   0.019369290   0.000000000   0.000000000
    109.584008900   0.090236110   0.000000000   0.000000000
     40.747988170   0.257454680   0.000000000   0.000000000
     16.188626570   0.412723520   0.000000000   0.000000000
      6.548450600   0.240877000   0.000000000   0.000000000
     25.357086440   0.000000000  -0.028707170   0.000000000
      3.483016880   0.000000000   0.552081010   0.000000000
      1.385880090   0.000000000   0.972269010   0.000000000
      0.525550950   0.000000000   0.000000000   1.000000000
$ D-TYPE FUNCTIONS
    6    3    0
     56.563189120   0.011543250   0.000000000   0.000000000
     16.278734710   0.070299850   0.000000000   0.000000000
      5.696427390   0.224507710   0.000000000   0.000000000
      2.141114790   0.397030650   0.000000000   0.000000000
      0.782918020   0.000000000   0.419410390   0.000000000
      0.259523110   0.000000000   0.000000000   0.218872620
a 26
$ IRON         (17s,10p,6d) -> [6s,3p,3d]
$ S-TYPE FUNCTIONS
   17    6    0
 300784.846400000   0.000228060   0.000000000   0.000000000   0.000000000   0.000000000   0.000000000
  45088.970560000   0.001768180   0.000000000   0.000000000   0.000000000   0.000000000   0.000000000
  10262.516320000   0.009192710   0.000000000   0.000000000   0.000000000   0.000000000   0.000000000
   2905.289729000   0.037355500   0.000000000   0.000000000   0.000000000   0.000000000   0.000000000
    946.114871400   0.121511080   0.000000000   0.000000000   0.000000000   0.000000000   0.000000000
    339.878328900   0.288188810   0.000000000   0.000000000   0.000000000   0.000000000   0.000000000
    131.944255900   0.411266130   0.000000000   0.000000000   0.000000000   0.000000000   0.000000000
     52.111494080   0.215185840   0.000000000   0.000000000   0.000000000   0.000000000   0.000000000
    329.488392700   0.000000000  -0.024745220   0.000000000   0.000000000   0.000000000   0.000000000
    101.923327400   0.000000000  -0.116830890   0.000000000   0.000000000   0.000000000   0.000000000
     16.240462740   0.000000000   0.552936210   0.000000000   0.000000000   0.000000000   0.000000000
      6.884067580   0.000000000   0.536016400   0.000000000   0.000000000   0.000000000   0.000000000
     10.470693780   0.000000000   0.000000000  -0.229127090   0.000000000   0.000000000   0.000000000
      1.736003970   0.000000000   0.000000000   0.711593200   0.000000000   0.000000000   0.000000000
      0.725772890   0.000000000   0.000000000   0.000000000   1.000000000   0.000000000   0.000000000
      0.115955280   0.000000000   0.000000000   0.000000000   0.000000000   1.000000000   0.000000000
      0.041968230   0.000000000   0.000000000   0.000000000   0.000000000   0.000000000   1.000000000
$ P-TYPE FUNCTIONS
   10    3    0
   1585.395997000   0.002379400   0.000000000   0.000000000
    375.380065000   0.019253150   0.000000000   0.000000000
    120.318165000   0.090021840   0.000000000   0.000000000
     44.788749030   0.257981720   0.000000000   0.000000000
     17.829278580   0.414926500   0.000000000   0.000000000
      7.224715380   0.242074750   0.000000000   0.000000000
     28.143219760   0.000000000  -0.029041760   0.000000000
      3.874324140   0.000000000   0.553122600   0.000000000
      1.541075230   0.000000000   0.967711370   0.000000000
      0.582856150   0.000000000   0.000000000   1.000000000
$ D-TYPE FUNCTIONS
    6    3    0
     61.996675030   0.011971970   0.000000000   0.000000000
     17.873732550   0.073210140   0.000000000   0.000000000
      6.274478290   0.231030940   0.000000000   0.000000000
      2.355233720   0.399107060   0.000000000   0.000000000
      0.854322400   0.000000000   0.413915900   0.000000000
      0.278692540   0.000000000   0.000000000   0.219092700
a 27
$ COBALT       (17s,10p,6d) -> [6s,3p,3d]
$ S-TYPE FUNCTIONS
   17    6    0
 325817.015500000   0.000225680   0.000000000   0.000000000   0.000000000   0.000000000   0.000000000
  48839.636450000   0.001749940   0.000000000   0.000000000   0.000000000   0.000000000   0.000000000
  11114.937310000   0.009100310   0.000000000   0.000000000   0.000000000   0.000000000   0.000000000
   3146.160364000   0.036996260   0.000000000   0.000000000   0.000000000   0.000000000   0.000000000
   1024.437846000   0.120442700   0.000000000   0.000000000   0.000000000   0.000000000   0.000000000
    368.025088200   0.285987320   0.000000000   0.000000000   0.000000000   0.000000000   0.000000000
    142.912292100   0.409083120   0.000000000   0.000000000   0.000000000   0.000000000   0.000000000
     56.482649210   0.215001460   0.000000000   0.000000000   0.000000000   0.000000000   0.000000000
    356.402983200   0.000000000  -0.024767060   0.000000000   0.000000000   0.000000000   0.000000000
    110.311652200   0.000000000  -0.117021390   0.000000000   0.000000000   0.000000000   0.000000000
     17.659634830   0.000000000   0.552155220   0.000000000   0.000000000   0.000000000   0.000000000
      7.505903050   0.000000000   0.532468770   0.000000000   0.000000000   0.000000000   0.000000000
     11.501807180   0.000000000   0.000000000  -0.229424700   0.000000000   0.000000000   0.000000000
      1.908199460   0.000000000   0.000000000   0.711809340   0.000000000   0.000000000   0.000000000
      0.793966970   0.000000000   0.000000000   0.000000000   1.000000000   0.000000000   0.000000000
      0.124444490   0.000000000   0.000000000   0.000000000   0.000000000   1.000000000   0.000000000
      0.044444650   0.000000000   0.000000000   0.000000000   0.000000000   0.000000000   1.000000000
$ P-TYPE FUNCTIONS
   10    3    0
   1731.136914000   0.002390580   0.000000000   0.000000000
    409.917504400   0.019383000   0.000000000   0.000000000
    131.456485800   0.090905450   0.000000000   0.000000000
     48.987439710   0.261466820   0.000000000   0.000000000
     19.537078990   0.421572650   0.000000000   0.000000000
      7.928728160   0.245718140   0.000000000   0.000000000
     31.076017580   0.000000000  -0.029438070   0.000000000
      4.283518070   0.000000000   0.556155680   0.000000000
      1.702292160   0.000000000   0.967721950   0.000000000
      0.642029090   0.000000000   0.000000000   1.000000000
$ D-TYPE FUNCTIONS
    6    3    0
     68.140745240   0.011983850   0.000000000   0.000000000
     19.685241020   0.073688540   0.000000000   0.000000000
      6.932212880   0.230854970   0.000000000   0.000000000
      2.602512570   0.392810590   0.000000000   0.000000000
      0.940168370   0.000000000   0.402034120   0.000000000
      0.303814580   0.000000000   0.000000000   0.214156070
a 28
$ NICKEL       (17s,10p,6d) -> [6s,3p,3d]
$ S-TYPE FUNCTIONS
   17    6    0
 351535.729400000   0.000225290   0.000000000   0.000000000   0.000000000   0.000000000   0.000000000
  52695.809280000   0.001746860   0.000000000   0.000000000   0.000000000   0.000000000   0.000000000
  11992.468290000   0.009085000   0.000000000   0.000000000   0.000000000   0.000000000   0.000000000
   3394.577669000   0.036940750   0.000000000   0.000000000   0.000000000   0.000000000   0.000000000
   1105.359458000   0.120328200   0.000000000   0.000000000   0.000000000   0.000000000   0.000000000
    397.146777700   0.285967150   0.000000000   0.000000000   0.000000000   0.000000000   0.000000000
    154.275429700   0.409830200   0.000000000   0.000000000   0.000000000   0.000000000   0.000000000
     61.018723780   0.216206430   0.000000000   0.000000000   0.000000000   0.000000000   0.000000000
    384.455597400   0.000000000  -0.024651280   0.000000000   0.000000000   0.000000000   0.000000000
    119.048792000   0.000000000  -0.116585050   0.000000000   0.000000000   0.000000000   0.000000000
     19.137012220   0.000000000   0.548641270   0.000000000   0.000000000   0.000000000   0.000000000
      8.152671860   0.000000000   0.526400510   0.000000000   0.000000000   0.000000000   0.000000000
     12.579408640   0.000000000   0.000000000  -0.227978840   0.000000000   0.000000000   0.000000000
      2.087086610   0.000000000   0.000000000   0.707037380   0.000000000   0.000000000   0.000000000
      0.864325690   0.000000000   0.000000000   0.000000000   1.000000000   0.000000000   0.000000000
      0.132831690   0.000000000   0.000000000   0.000000000   0.000000000   1.000000000   0.000000000
      0.046845330   0.000000000   0.000000000   0.000000000   0.000000000   0.000000000   1.000000000
$ P-TYPE FUNCTIONS
   10    3    0
   1883.090749000   0.002374830   0.000000000   0.000000000
    445.951553200   0.019289460   0.000000000   0.000000000
    143.084308200   0.090718210   0.000000000   0.000000000
     53.372920720   0.261814140   0.000000000   0.000000000
     21.321919360   0.423091500   0.000000000   0.000000000
      8.664356200   0.246416860   0.000000000   0.000000000
     34.144255210   0.000000000  -0.029677130   0.000000000
      4.712245590   0.000000000   0.556168240   0.000000000
      1.870923190   0.000000000   0.963577660   0.000000000
      0.703700160   0.000000000   0.000000000   1.000000000
$ D-TYPE FUNCTIONS
    6    3    0
     74.591603470   0.012077450   0.000000000   0.000000000
     21.590632750   0.074637260   0.000000000   0.000000000
      7.624614260   0.232367760   0.000000000   0.000000000
      2.863220680   0.390426520   0.000000000   0.000000000
      1.031106340   0.000000000   0.395094990   0.000000000
      0.330607610   0.000000000   0.000000000   0.211387690
a 29
$ COPPER       (17s,10p,6d) -> [6s,3p,3d]
$ S-TYPE FUNCTIONS
   17    6    0
 377518.799200000   0.000228120   0.000000000   0.000000000   0.000000000   0.000000000   0.000000000
  56589.984310000   0.001768800   0.000000000   0.000000000   0.000000000   0.000000000   0.000000000
  12878.711710000   0.009199350   0.000000000   0.000000000   0.000000000   0.000000000   0.000000000
   3645.375214000   0.037411020   0.000000000   0.000000000   0.000000000   0.000000000   0.000000000
   1187.007294000   0.121898740   0.000000000   0.000000000   0.000000000   0.000000000   0.000000000
    426.464219000   0.289839010   0.000000000   0.000000000   0.000000000   0.000000000   0.000000000
    165.706601600   0.415318720   0.000000000   0.000000000   0.000000000   0.000000000   0.000000000
     65.598942710   0.219057990   0.000000000   0.000000000   0.000000000   0.000000000   0.000000000
    414.412658100   0.000000000  -0.024682530   0.000000000   0.000000000   0.000000000   0.000000000
    128.320560400   0.000000000  -0.117168270   0.000000000   0.000000000   0.000000000   0.000000000
     20.622089750   0.000000000   0.553013160   0.000000000   0.000000000   0.000000000   0.000000000
      8.782122600   0.000000000   0.522427190   0.000000000   0.000000000   0.000000000   0.000000000
     13.741372010   0.000000000   0.000000000  -0.227360620   0.000000000   0.000000000   0.000000000
      2.243124680   0.000000000   0.000000000   0.717612110   0.000000000   0.000000000   0.000000000
      0.893705490   0.000000000   0.000000000   0.000000000   1.000000000   0.000000000   0.000000000
      0.108367000   0.000000000   0.000000000   0.000000000   0.000000000   1.000000000   0.000000000
      0.038806180   0.000000000   0.000000000   0.000000000   0.000000000   0.000000000   1.000000000
$ P-TYPE FUNCTIONS
   10    3    0
   2034.759669000   0.002352480   0.000000000   0.000000000
    481.904681100   0.019134070   0.000000000   0.000000000
    154.674829600   0.090171110   0.000000000   0.000000000
     57.740576970   0.260632850   0.000000000   0.000000000
     23.099052810   0.420934860   0.000000000   0.000000000
      9.388247860   0.243446150   0.000000000   0.000000000
     37.596171210   0.000000000  -0.028991090   0.000000000
      5.124069080   0.000000000   0.549190840   0.000000000
      2.011999610   0.000000000   0.937933300   0.000000000
      0.738606860   0.000000000   0.000000000   1.000000000
$ D-TYPE FUNCTIONS
    6    3    0
     74.129460640   0.014363220   0.000000000   0.000000000
     21.359842590   0.086628180   0.000000000   0.000000000
      7.499524050   0.256314310   0.000000000   0.000000000
      2.760139420   0.403740620   0.000000000   0.000000000
      0.953620610   0.000000000   0.394270420   0.000000000
      0.284208630   0.000000000   0.000000000   0.230911470
a 30
$ ZINC         (17s,10p,6d) -> [6s,3p,3d]
$ S-TYPE FUNCTIONS
   17    6    0
 405924.310300000   0.000224420   0.000000000   0.000000000   0.000000000   0.000000000   0.000000000
  60846.955740000   0.001740210   0.000000000   0.000000000   0.000000000   0.000000000   0.000000000
  13847.343090000   0.009051330   0.000000000   0.000000000   0.000000000   0.000000000   0.000000000
   3919.615855000   0.036817340   0.000000000   0.000000000   0.000000000   0.000000000   0.000000000
   1276.359417000   0.120048500   0.000000000   0.000000000   0.000000000   0.000000000   0.000000000
    458.672544400   0.285760580   0.000000000   0.000000000   0.000000000   0.000000000   0.000000000
    178.287252500   0.410874620   0.000000000   0.000000000   0.000000000   0.000000000   0.000000000
     70.612192840   0.218169620   0.000000000   0.000000000   0.000000000   0.000000000   0.000000000
    443.880779500   0.000000000  -0.024934270   0.000000000   0.000000000   0.000000000   0.000000000
    137.558752700   0.000000000  -0.118179560   0.000000000   0.000000000   0.000000000   0.000000000
     22.268083480   0.000000000   0.553673180   0.000000000   0.000000000   0.000000000   0.000000000
      9.521731060   0.000000000   0.526289350   0.000000000   0.000000000   0.000000000   0.000000000
     14.874114070   0.000000000   0.000000000  -0.229299550   0.000000000   0.000000000   0.000000000
      2.464751760   0.000000000   0.000000000   0.711354850   0.000000000   0.000000000   0.000000000
      1.011327220   0.000000000   0.000000000   0.000000000   1.000000000   0.000000000   0.000000000
      0.149198520   0.000000000   0.000000000   0.000000000   0.000000000   1.000000000   0.000000000
      0.051441870   0.000000000   0.000000000   0.000000000   0.000000000   0.000000000   1.000000000
$ P-TYPE FUNCTIONS
   10    3    0
   2205.350853000   0.002335620   0.000000000   0.000000000
    522.353007000   0.019031020   0.000000000   0.000000000
    167.730555400   0.089955760   0.000000000   0.000000000
     62.670045370   0.261132490   0.000000000   0.000000000
     25.109749460   0.423484480   0.000000000   0.000000000
     10.225142680   0.246189270   0.000000000   0.000000000
     40.713442520   0.000000000  -0.030029670   0.000000000
      5.624709070   0.000000000   0.555752550   0.000000000
      2.227994910   0.000000000   0.955810130   0.000000000
      0.833547420   0.000000000   0.000000000   1.000000000
$ D-TYPE FUNCTIONS
    6    3    0
     88.554315310   0.012728170   0.000000000   0.000000000
     25.721525560   0.079394500   0.000000000   0.000000000
      9.127836760   0.244915070   0.000000000   0.000000000
      3.431236410   0.403905260   0.000000000   0.000000000
      1.230892060   0.000000000   0.401584910   0.000000000
      0.390318450   0.000000000   0.000000000   0.215798050
a 31
$ GALLIUM      (17s,12p,6p) -> [6s,5p,2d]
$ S-TYPE FUNCTIONS
   17    6    0
 435548.662500000   0.000236460   0.000000000   0.000000000   0.000000000   0.000000000   0.000000000
  65289.589030000   0.001833530   0.000000000   0.000000000   0.000000000   0.000000000   0.000000000
  14858.784260000   0.009537190   0.000000000   0.000000000   0.000000000   0.000000000   0.000000000
   4205.973473000   0.038803410   0.000000000   0.000000000   0.000000000   0.000000000   0.000000000
   1369.641643000   0.126616050   0.000000000   0.000000000   0.000000000   0.000000000   0.000000000
    492.303489000   0.301753100   0.000000000   0.000000000   0.000000000   0.000000000   0.000000000
    191.419232300   0.435439340   0.000000000   0.000000000   0.000000000   0.000000000   0.000000000
     75.840558670   0.232823640   0.000000000   0.000000000   0.000000000   0.000000000   0.000000000
    474.308106100   0.000000000  -0.026743710   0.000000000   0.000000000   0.000000000   0.000000000
    147.102975600   0.000000000  -0.126546580   0.000000000   0.000000000   0.000000000   0.000000000
     23.982599430   0.000000000   0.588403470   0.000000000   0.000000000   0.000000000   0.000000000
     10.298230090   0.000000000   0.563242720   0.000000000   0.000000000   0.000000000   0.000000000
     16.050381430   0.000000000   0.000000000  -0.245164400   0.000000000   0.000000000   0.000000000
      2.698846880   0.000000000   0.000000000   0.745780500   0.000000000   0.000000000   0.000000000
      1.142858870   0.000000000   0.000000000   0.000000000   1.000000000   0.000000000   0.000000000
      0.202176520   0.000000000   0.000000000   0.000000000   0.000000000   1.000000000   0.000000000
      0.071980150   0.000000000   0.000000000   0.000000000   0.000000000   0.000000000   1.000000000
$ P-TYPE FUNCTIONS
   12    5    0
   2432.017107000   0.002243410   0.000000000   0.000000000   0.000000000   0.000000000
    576.120495800   0.018342270   0.000000000   0.000000000   0.000000000   0.000000000
    185.115843500   0.087279700   0.000000000   0.000000000   0.000000000   0.000000000
     69.246572560   0.256848680   0.000000000   0.000000000   0.000000000   0.000000000
     27.818107780   0.423983780   0.000000000   0.000000000   0.000000000   0.000000000
     11.420229940   0.257013400   0.000000000   0.000000000   0.000000000   0.000000000
     42.819661530   0.000000000  -0.019326520   0.000000000   0.000000000   0.000000000
      6.388590100   0.000000000   0.315713870   0.000000000   0.000000000   0.000000000
      2.669899330   0.000000000   0.576177930   0.000000000   0.000000000   0.000000000
      1.078178380   0.000000000   0.000000000   1.000000000   0.000000000   0.000000000
      0.227965590   0.000000000   0.000000000   0.000000000   1.000000000   0.000000000
      0.062836230   0.000000000   0.000000000   0.000000000   0.000000000   1.000000000
$ D-TYPE FUNCTIONS
    6    2    0
    103.923318300   0.011464610   0.000000000
     30.371094390   0.073625750   0.000000000
     10.872078100   0.235051070   0.000000000
      4.154913790   0.403185640   0.000000000
      1.534565910   0.408247480   0.000000000
      0.511142640   0.000000000   0.205024390
a 32
$ GERMANIUM    (17s,12p,6p) -> [6s,5p,2d]
$ S-TYPE FUNCTIONS
   17    6    0
 466115.005900000   0.000224870   0.000000000   0.000000000   0.000000000   0.000000000   0.000000000
  69875.420760000   0.001743540   0.000000000   0.000000000   0.000000000   0.000000000   0.000000000
  15903.276720000   0.009069150   0.000000000   0.000000000   0.000000000   0.000000000   0.000000000
   4501.823345000   0.036906170   0.000000000   0.000000000   0.000000000   0.000000000   0.000000000
   1466.057092000   0.120501680   0.000000000   0.000000000   0.000000000   0.000000000   0.000000000
    527.078417300   0.287486420   0.000000000   0.000000000   0.000000000   0.000000000   0.000000000
    205.003950700   0.416223220   0.000000000   0.000000000   0.000000000   0.000000000   0.000000000
     81.251596070   0.223978460   0.000000000   0.000000000   0.000000000   0.000000000   0.000000000
    505.746612800   0.000000000  -0.025184610   0.000000000   0.000000000   0.000000000   0.000000000
    156.965937400   0.000000000  -0.118989300   0.000000000   0.000000000   0.000000000   0.000000000
     25.761448180   0.000000000   0.549301360   0.000000000   0.000000000   0.000000000   0.000000000
     11.106654690   0.000000000   0.529393090   0.000000000   0.000000000   0.000000000   0.000000000
     17.272059100   0.000000000   0.000000000  -0.228545960   0.000000000   0.000000000   0.000000000
      2.943828910   0.000000000   0.000000000   0.683779300   0.000000000   0.000000000   0.000000000
      1.283916490   0.000000000   0.000000000   0.000000000   1.000000000   0.000000000   0.000000000
      0.258733370   0.000000000   0.000000000   0.000000000   0.000000000   1.000000000   0.000000000
      0.093524910   0.000000000   0.000000000   0.000000000   0.000000000   0.000000000   1.000000000
$ P-TYPE FUNCTIONS
   12    5    0
   2633.934624000   0.002214390   0.000000000   0.000000000   0.000000000   0.000000000
    624.001616300   0.018140900   0.000000000   0.000000000   0.000000000   0.000000000
    200.585284000   0.086632180   0.000000000   0.000000000   0.000000000   0.000000000
     75.097081530   0.256490210   0.000000000   0.000000000   0.000000000   0.000000000
     30.214388470   0.426586110   0.000000000   0.000000000   0.000000000   0.000000000
     12.440087570   0.262005270   0.000000000   0.000000000   0.000000000   0.000000000
     45.981316000   0.000000000  -0.020321770   0.000000000   0.000000000   0.000000000
      6.994565440   0.000000000   0.320137450   0.000000000   0.000000000   0.000000000
      2.968600130   0.000000000   0.590510150   0.000000000   0.000000000   0.000000000
      1.232098850   0.000000000   0.000000000   1.000000000   0.000000000   0.000000000
      0.289816150   0.000000000   0.000000000   0.000000000   1.000000000   0.000000000
      0.085564610   0.000000000   0.000000000   0.000000000   0.000000000   1.000000000
$ D-TYPE FUNCTIONS
    6    2    0
    119.448875800   0.010586540   0.000000000
     35.062915290   0.069601280   0.000000000
     12.636924530   0.228070350   0.000000000
      4.888867290   0.403010670   0.000000000
      1.845319540   0.413048470   0.000000000
      0.635711590   0.000000000   0.196392100
a 33
$ ARSENIC      (17s,13p,6p) -> [6s,5p,2d]
$ S-TYPE FUNCTIONS
   17    6    0
 498032.421600000   0.000227400   0.000000000   0.000000000   0.000000000   0.000000000   0.000000000
  74656.868740000   0.001763280   0.000000000   0.000000000   0.000000000   0.000000000   0.000000000
  16990.960000000   0.009172800   0.000000000   0.000000000   0.000000000   0.000000000   0.000000000
   4809.620032000   0.037337830   0.000000000   0.000000000   0.000000000   0.000000000   0.000000000
   1566.288706000   0.121995360   0.000000000   0.000000000   0.000000000   0.000000000   0.000000000
    563.213605000   0.291374750   0.000000000   0.000000000   0.000000000   0.000000000   0.000000000
    219.111799800   0.423263510   0.000000000   0.000000000   0.000000000   0.000000000   0.000000000
     86.866061030   0.229214640   0.000000000   0.000000000   0.000000000   0.000000000   0.000000000
    538.195124800   0.000000000  -0.025254200   0.000000000   0.000000000   0.000000000   0.000000000
    167.148502200   0.000000000  -0.119154610   0.000000000   0.000000000   0.000000000   0.000000000
     27.605517160   0.000000000   0.546284960   0.000000000   0.000000000   0.000000000   0.000000000
     11.947858520   0.000000000   0.530015210   0.000000000   0.000000000   0.000000000   0.000000000
     18.538023130   0.000000000   0.000000000  -0.234791880   0.000000000   0.000000000   0.000000000
      3.201898570   0.000000000   0.000000000   0.691670530   0.000000000   0.000000000   0.000000000
      1.435652210   0.000000000   0.000000000   0.000000000   1.000000000   0.000000000   0.000000000
      0.318378050   0.000000000   0.000000000   0.000000000   0.000000000   1.000000000   0.000000000
      0.116226320   0.000000000   0.000000000   0.000000000   0.000000000   0.000000000   1.000000000
$ P-TYPE FUNCTIONS
   13    5    0
   2678.942155000   0.002331900   0.000000000   0.000000000   0.000000000   0.000000000
    634.617658400   0.019042150   0.000000000   0.000000000   0.000000000   0.000000000
    203.939676100   0.090229740   0.000000000   0.000000000   0.000000000   0.000000000
     76.323890370   0.261690380   0.000000000   0.000000000   0.000000000   0.000000000
     30.664124940   0.418571680   0.000000000   0.000000000   0.000000000   0.000000000
     12.505056730   0.234478300   0.000000000   0.000000000   0.000000000   0.000000000
     49.256229550   0.000000000  -0.021235540   0.000000000   0.000000000   0.000000000
      7.727489150   0.000000000   0.304702070   0.000000000   0.000000000   0.000000000
      3.541049350   0.000000000   0.528883730   0.000000000   0.000000000   0.000000000
      1.698558550   0.000000000   0.372722510   0.000000000   0.000000000   0.000000000
      0.768480710   0.000000000   0.000000000   1.000000000   0.000000000   0.000000000
      0.300508230   0.000000000   0.000000000   0.000000000   1.000000000   0.000000000
      0.098190640   0.000000000   0.000000000   0.000000000   0.000000000   1.000000000
$ D-TYPE FUNCTIONS
    6    2    0
    135.332893100   0.009929110   0.000000000
     39.860212740   0.066568840   0.000000000
     14.446428360   0.222757680   0.000000000
      5.643290040   0.403092240   0.000000000
      2.166818860   0.416716680   0.000000000
      0.765149710   0.000000000   0.189355020
a 34
$ SELENIUM     (17s,13p,6p) -> [6s,5p,2d]
$ S-TYPE FUNCTIONS
   17    6    0
 531071.667000000   0.000241090   0.000000000   0.000000000   0.000000000   0.000000000   0.000000000
  79603.044120000   0.001869640   0.000000000   0.000000000   0.000000000   0.000000000   0.000000000
  18115.844240000   0.009727160   0.000000000   0.000000000   0.000000000   0.000000000   0.000000000
   5127.892319000   0.039604790   0.000000000   0.000000000   0.000000000   0.000000000   0.000000000
   1669.913084000   0.129488550   0.000000000   0.000000000   0.000000000   0.000000000   0.000000000
    600.575345300   0.309594370   0.000000000   0.000000000   0.000000000   0.000000000   0.000000000
    233.700212500   0.451157690   0.000000000   0.000000000   0.000000000   0.000000000   0.000000000
     92.672443930   0.245791890   0.000000000   0.000000000   0.000000000   0.000000000   0.000000000
    571.575136800   0.000000000  -0.026895710   0.000000000   0.000000000   0.000000000   0.000000000
    177.636863700   0.000000000  -0.126709890   0.000000000   0.000000000   0.000000000   0.000000000
     29.517767050   0.000000000   0.576990020   0.000000000   0.000000000   0.000000000   0.000000000
     12.824399790   0.000000000   0.563690750   0.000000000   0.000000000   0.000000000   0.000000000
     19.848235840   0.000000000   0.000000000  -0.251324160   0.000000000   0.000000000   0.000000000
      3.474401850   0.000000000   0.000000000   0.729054170   0.000000000   0.000000000   0.000000000
      1.598891080   0.000000000   0.000000000   0.000000000   1.000000000   0.000000000   0.000000000
      0.383334690   0.000000000   0.000000000   0.000000000   0.000000000   1.000000000   0.000000000
      0.140497420   0.000000000   0.000000000   0.000000000   0.000000000   0.000000000   1.000000000
$ P-TYPE FUNCTIONS
   13    5    0
   2815.350057000   0.002556900   0.000000000   0.000000000   0.000000000   0.000000000
    666.925583000   0.020874030   0.000000000   0.000000000   0.000000000   0.000000000
    214.342131900   0.098772100   0.000000000   0.000000000   0.000000000   0.000000000
     80.246687940   0.284718210   0.000000000   0.000000000   0.000000000   0.000000000
     32.251081290   0.450035850   0.000000000   0.000000000   0.000000000   0.000000000
     13.106432560   0.244160910   0.000000000   0.000000000   0.000000000   0.000000000
     53.366108520   0.000000000  -0.021558460   0.000000000   0.000000000   0.000000000
      8.182777720   0.000000000   0.326623110   0.000000000   0.000000000   0.000000000
      3.623994570   0.000000000   0.577404990   0.000000000   0.000000000   0.000000000
      1.634159140   0.000000000   0.343013210   0.000000000   0.000000000   0.000000000
      0.584183200   0.000000000   0.000000000   1.000000000   0.000000000   0.000000000
      0.239662690   0.000000000   0.000000000   0.000000000   1.000000000   0.000000000
      0.088785130   0.000000000   0.000000000   0.000000000   0.000000000   1.000000000
$ D-TYPE FUNCTIONS
    6    2    0
    151.829102800   0.009397030   0.000000000
     44.839992520   0.064086500   0.000000000
     16.328999510   0.218342380   0.000000000
      6.430505760   0.403147900   0.000000000
      2.504802520   0.419664910   0.000000000
      0.902711480   0.000000000   0.183666630
a 35
$ BROMINE      (17s,13p,6p) -> [6s,5p,2d]
$ S-TYPE FUNCTIONS
   17    6    0
 565073.252600000   0.000236600   0.000000000   0.000000000   0.000000000   0.000000000   0.000000000
  84701.723180000   0.001834830   0.000000000   0.000000000   0.000000000   0.000000000   0.000000000
  19276.271900000   0.009546580   0.000000000   0.000000000   0.000000000   0.000000000   0.000000000
   5456.428458000   0.038877140   0.000000000   0.000000000   0.000000000   0.000000000   0.000000000
   1776.950350000   0.127183140   0.000000000   0.000000000   0.000000000   0.000000000   0.000000000
    639.193982800   0.304376620   0.000000000   0.000000000   0.000000000   0.000000000   0.000000000
    248.788239600   0.444909400   0.000000000   0.000000000   0.000000000   0.000000000   0.000000000
     98.678305490   0.243816430   0.000000000   0.000000000   0.000000000   0.000000000   0.000000000
    606.078245700   0.000000000  -0.026527160   0.000000000   0.000000000   0.000000000   0.000000000
    188.455984800   0.000000000  -0.124845850   0.000000000   0.000000000   0.000000000   0.000000000
     31.497144510   0.000000000   0.564686840   0.000000000   0.000000000   0.000000000   0.000000000
     13.736008320   0.000000000   0.555552690   0.000000000   0.000000000   0.000000000   0.000000000
     21.203212770   0.000000000   0.000000000  -0.249409200   0.000000000   0.000000000   0.000000000
      3.761642020   0.000000000   0.000000000   0.712131200   0.000000000   0.000000000   0.000000000
      1.773593400   0.000000000   0.000000000   0.000000000   1.000000000   0.000000000   0.000000000
      0.451974140   0.000000000   0.000000000   0.000000000   0.000000000   1.000000000   0.000000000
      0.166133770   0.000000000   0.000000000   0.000000000   0.000000000   0.000000000   1.000000000
$ P-TYPE FUNCTIONS
   13    5    0
   3019.695572000   0.002497100   0.000000000   0.000000000   0.000000000   0.000000000
    715.354811300   0.020419270   0.000000000   0.000000000   0.000000000   0.000000000
    229.983287500   0.096897150   0.000000000   0.000000000   0.000000000   0.000000000
     86.167844620   0.280539010   0.000000000   0.000000000   0.000000000   0.000000000
     34.667870800   0.446063900   0.000000000   0.000000000   0.000000000   0.000000000
     14.113870310   0.244100740   0.000000000   0.000000000   0.000000000   0.000000000
     57.085653080   0.000000000  -0.021855950   0.000000000   0.000000000   0.000000000
      8.819384580   0.000000000   0.327070750   0.000000000   0.000000000   0.000000000
      3.934030290   0.000000000   0.578552300   0.000000000   0.000000000   0.000000000
      1.799883040   0.000000000   0.335709880   0.000000000   0.000000000   0.000000000
      0.668994110   0.000000000   0.000000000   1.000000000   0.000000000   0.000000000
      0.271362380   0.000000000   0.000000000   0.000000000   1.000000000   0.000000000
      0.100837900   0.000000000   0.000000000   0.000000000   0.000000000   1.000000000
$ D-TYPE FUNCTIONS
    6    2    0
    168.853702600   0.008966400   0.000000000
     49.977949920   0.062062060   0.000000000
     18.274913340   0.214747320   0.000000000
      7.245569460   0.403353370   0.000000000
      2.856231500   0.422088130   0.000000000
      1.045962110   0.000000000   0.178748130
a 36
$ KRYPTON      (17s,13p,6p) -> [6s,5p,2d]
$ S-TYPE FUNCTIONS
   17    6    0
 600250.975700000   0.000237410   0.000000000   0.000000000   0.000000000   0.000000000   0.000000000
  89976.650780000   0.001841020   0.000000000   0.000000000   0.000000000   0.000000000   0.000000000
  20476.814220000   0.009579560   0.000000000   0.000000000   0.000000000   0.000000000   0.000000000
   5796.155408000   0.039020650   0.000000000   0.000000000   0.000000000   0.000000000   0.000000000
   1887.591320000   0.127726460   0.000000000   0.000000000   0.000000000   0.000000000   0.000000000
    679.114585200   0.305965210   0.000000000   0.000000000   0.000000000   0.000000000   0.000000000
    264.382445100   0.448574740   0.000000000   0.000000000   0.000000000   0.000000000   0.000000000
    104.883685700   0.247229570   0.000000000   0.000000000   0.000000000   0.000000000   0.000000000
    641.473707600   0.000000000  -0.026745280   0.000000000   0.000000000   0.000000000   0.000000000
    199.575248200   0.000000000  -0.125711230   0.000000000   0.000000000   0.000000000   0.000000000
     33.545462950   0.000000000   0.564837360   0.000000000   0.000000000   0.000000000   0.000000000
     14.683955140   0.000000000   0.559727660   0.000000000   0.000000000   0.000000000   0.000000000
     22.603101860   0.000000000   0.000000000  -0.252987720   0.000000000   0.000000000   0.000000000
      4.065068300   0.000000000   0.000000000   0.709921600   0.000000000   0.000000000   0.000000000
      1.961102710   0.000000000   0.000000000   0.000000000   1.000000000   0.000000000   0.000000000
      0.524651480   0.000000000   0.000000000   0.000000000   0.000000000   1.000000000   0.000000000
      0.193324000   0.000000000   0.000000000   0.000000000   0.000000000   0.000000000   1.000000000
$ P-TYPE FUNCTIONS
   13    5    0
   3232.958961000   0.002488560   0.000000000   0.000000000   0.000000000   0.000000000
    765.964426900   0.020379010   0.000000000   0.000000000   0.000000000   0.000000000
    246.339408100   0.096977190   0.000000000   0.000000000   0.000000000   0.000000000
     92.365283040   0.281999610   0.000000000   0.000000000   0.000000000   0.000000000
     37.199509550   0.451162540   0.000000000   0.000000000   0.000000000   0.000000000
     15.172166530   0.249171320   0.000000000   0.000000000   0.000000000   0.000000000
     60.931321700   0.000000000  -0.022173600   0.000000000   0.000000000   0.000000000
      9.479260070   0.000000000   0.328384630   0.000000000   0.000000000   0.000000000
      4.256468630   0.000000000   0.581249970   0.000000000   0.000000000   0.000000000
      1.972931380   0.000000000   0.328635420   0.000000000   0.000000000   0.000000000
      0.763371090   0.000000000   0.000000000   1.000000000   0.000000000   0.000000000
      0.309436260   0.000000000   0.000000000   0.000000000   1.000000000   0.000000000
      0.115697040   0.000000000   0.000000000   0.000000000   0.000000000   1.000000000
$ D-TYPE FUNCTIONS
    6    2    0
    186.417609000   0.008612030   0.000000000
     55.274124350   0.060394410   0.000000000
     20.283219120   0.211813320   0.000000000
      8.088453700   0.403662930   0.000000000
      3.221403380   0.424028610   0.000000000
      1.195217010   0.000000000   0.174417420


