$Basis = TZ(Dunning)

$Elements supported
$H Li Be B C N O F Ne
$
$ REFERENCE
$ T.H. DUNNING, JR., J. CHEM. PHYS. 55, 716 (1971).
************************************************************************
a 1
$ HYDROGEN     (5s) -> [3s]
$ S-TYPE FUNCTIONS
    5    3    0
     74.690000000   0.025374000   0.000000000   0.000000000
     11.230000000   0.189684000   0.000000000   0.000000000
      2.546000000   0.852933000   0.000000000   0.000000000
      0.713000000   0.000000000   1.000000000   0.000000000
      0.224900000   0.000000000   0.000000000   1.000000000
a 3
$ LITHIUM      (10s) -> [4s]
$ S-TYPE FUNCTIONS
   10    4    0
   1783.000000000   0.000824000   0.000000000   0.000000000   0.000000000
    267.100000000   0.006403000   0.000000000   0.000000000   0.000000000
     60.070000000   0.033239000   0.000000000   0.000000000   0.000000000
     16.780000000   0.126621000   0.000000000   0.000000000   0.000000000
      5.403000000   0.337749000   0.000000000   0.000000000   0.000000000
      1.906000000   0.575669000   0.000000000   0.000000000   0.000000000
      0.263400000   0.062311000   0.000000000   0.000000000   0.000000000
      0.717900000   0.000000000   1.000000000   0.000000000   0.000000000
      0.077160000   0.000000000   0.000000000   1.000000000   0.000000000
      0.028540000   0.000000000   0.000000000   0.000000000   1.000000000
a 4
$ BERYLLIUM    (10s) -> [5s]
$ S-TYPE FUNCTIONS
   11    5    0
   3630.000000000   0.000839000   0.000000000   0.000000000   0.000000000   0.000000000
    532.300000000   0.006735000   0.000000000   0.000000000   0.000000000   0.000000000
    117.800000000   0.035726000   0.000000000   0.000000000   0.000000000   0.000000000
     32.660000000   0.138635000   0.000000000   0.000000000   0.000000000   0.000000000
     10.480000000   0.385399000   0.000000000   0.000000000   0.000000000   0.000000000
      3.668000000   0.547688000   0.000000000   0.000000000   0.000000000   0.000000000
      3.668000000   0.000000000   0.213406000   0.000000000   0.000000000   0.000000000
      1.354000000   0.000000000   0.814692000   0.000000000   0.000000000   0.000000000
      0.389000000   0.000000000   0.000000000   1.000000000   0.000000000   0.000000000
      0.150200000   0.000000000   0.000000000   0.000000000   1.000000000   0.000000000
      0.052410000   0.000000000   0.000000000   0.000000000   0.000000000   1.000000000
a 5
$ BORON        (10s,6p) -> [5s,3p]
$ S-TYPE FUNCTIONS
   11    5    0
   6250.000000000   0.000798000   0.000000000   0.000000000   0.000000000   0.000000000
    916.100000000   0.006410000   0.000000000   0.000000000   0.000000000   0.000000000
    202.200000000   0.034299000   0.000000000   0.000000000   0.000000000   0.000000000
     55.830000000   0.135487000   0.000000000   0.000000000   0.000000000   0.000000000
     17.860000000   0.388532000   0.000000000   0.000000000   0.000000000   0.000000000
      6.253000000   0.547758000   0.000000000   0.000000000   0.000000000   0.000000000
      6.253000000   0.000000000   0.232643000   0.000000000   0.000000000   0.000000000
      2.312000000   0.000000000   0.797219000   0.000000000   0.000000000   0.000000000
      0.682400000   0.000000000   0.000000000   1.000000000   0.000000000   0.000000000
      0.260400000   0.000000000   0.000000000   0.000000000   1.000000000   0.000000000
      0.089400000   0.000000000   0.000000000   0.000000000   0.000000000   1.000000000
$ P-TYPE FUNCTIONS
    6    3    0
     15.460000000   0.016822000   0.000000000   0.000000000
      3.483000000   0.100878000   0.000000000   0.000000000
      1.066000000   0.336895000   0.000000000   0.000000000
      0.392800000   0.672317000   0.000000000   0.000000000
      0.150300000   0.000000000   1.000000000   0.000000000
      0.057220000   0.000000000   0.000000000   1.000000000
a 6
$ CARBON       (10s,6p) -> [5s,3p]
$ S-TYPE FUNCTIONS
   11    5    0
   9471.000000000   0.000776000   0.000000000   0.000000000   0.000000000   0.000000000
   1398.000000000   0.006218000   0.000000000   0.000000000   0.000000000   0.000000000
    307.500000000   0.033575000   0.000000000   0.000000000   0.000000000   0.000000000
     84.540000000   0.134278000   0.000000000   0.000000000   0.000000000   0.000000000
     26.910000000   0.393668000   0.000000000   0.000000000   0.000000000   0.000000000
      9.409000000   0.544169000   0.000000000   0.000000000   0.000000000   0.000000000
      9.409000000   0.000000000   0.248075000   0.000000000   0.000000000   0.000000000
      3.500000000   0.000000000   0.782844000   0.000000000   0.000000000   0.000000000
      1.068000000   0.000000000   0.000000000   1.000000000   0.000000000   0.000000000
      0.400200000   0.000000000   0.000000000   0.000000000   1.000000000   0.000000000
      0.135100000   0.000000000   0.000000000   0.000000000   0.000000000   1.000000000
$ P-TYPE FUNCTIONS
    6    3    0
     25.370000000   0.016295000   0.000000000   0.000000000
      5.776000000   0.102098000   0.000000000   0.000000000
      1.787000000   0.340228000   0.000000000   0.000000000
      0.657700000   0.668269000   0.000000000   0.000000000
      0.248000000   0.000000000   1.000000000   0.000000000
      0.091060000   0.000000000   0.000000000   1.000000000
a 7
$ NITROGEN     (10s,6p) -> [5s,3p]
$ S-TYPE FUNCTIONS
   11    5    0
  13520.000000000   0.000760000   0.000000000   0.000000000   0.000000000   0.000000000
   1999.000000000   0.006076000   0.000000000   0.000000000   0.000000000   0.000000000
    440.000000000   0.032847000   0.000000000   0.000000000   0.000000000   0.000000000
    120.900000000   0.132396000   0.000000000   0.000000000   0.000000000   0.000000000
     38.470000000   0.393261000   0.000000000   0.000000000   0.000000000   0.000000000
     13.460000000   0.546339000   0.000000000   0.000000000   0.000000000   0.000000000
     13.460000000   0.000000000   0.252036000   0.000000000   0.000000000   0.000000000
      4.993000000   0.000000000   0.779385000   0.000000000   0.000000000   0.000000000
      1.569000000   0.000000000   0.000000000   1.000000000   0.000000000   0.000000000
      0.580000000   0.000000000   0.000000000   0.000000000   1.000000000   0.000000000
      0.192300000   0.000000000   0.000000000   0.000000000   0.000000000   1.000000000
$ P-TYPE FUNCTIONS
    6    3    0
     35.910000000   0.016916000   0.000000000   0.000000000
      8.480000000   0.102200000   0.000000000   0.000000000
      2.706000000   0.338134000   0.000000000   0.000000000
      0.992100000   0.669281000   0.000000000   0.000000000
      0.372700000   0.000000000   1.000000000   0.000000000
      0.134600000   0.000000000   0.000000000   1.000000000
a 8
$ OXYGEN       (10s,6p) -> [5s,3p]
$ S-TYPE FUNCTIONS
   11    5    0
  18050.000000000   0.000757000   0.000000000   0.000000000   0.000000000   0.000000000
   2660.000000000   0.006066000   0.000000000   0.000000000   0.000000000   0.000000000
    585.700000000   0.032782000   0.000000000   0.000000000   0.000000000   0.000000000
    160.900000000   0.132609000   0.000000000   0.000000000   0.000000000   0.000000000
     51.160000000   0.396839000   0.000000000   0.000000000   0.000000000   0.000000000
     17.900000000   0.542572000   0.000000000   0.000000000   0.000000000   0.000000000
     17.900000000   0.000000000   0.262490000   0.000000000   0.000000000   0.000000000
      6.639000000   0.000000000   0.769828000   0.000000000   0.000000000   0.000000000
      2.077000000   0.000000000   0.000000000   1.000000000   0.000000000   0.000000000
      0.773600000   0.000000000   0.000000000   0.000000000   1.000000000   0.000000000
      0.255800000   0.000000000   0.000000000   0.000000000   0.000000000   1.000000000
$ P-TYPE FUNCTIONS
    6    3    0
     49.830000000   0.016358000   0.000000000   0.000000000
     11.490000000   0.106453000   0.000000000   0.000000000
      3.609000000   0.349302000   0.000000000   0.000000000
      1.321000000   0.657183000   0.000000000   0.000000000
      0.482100000   0.000000000   1.000000000   0.000000000
      0.165100000   0.000000000   0.000000000   1.000000000
a 9
$ FLUORINE     (10s,6p) -> [5s,3p]
$ S-TYPE FUNCTIONS
   11    5    0
  23340.000000000   0.000757000   0.000000000   0.000000000   0.000000000   0.000000000
   3431.000000000   0.006081000   0.000000000   0.000000000   0.000000000   0.000000000
    757.700000000   0.032636000   0.000000000   0.000000000   0.000000000   0.000000000
    209.200000000   0.131704000   0.000000000   0.000000000   0.000000000   0.000000000
     66.730000000   0.396240000   0.000000000   0.000000000   0.000000000   0.000000000
     23.370000000   0.543672000   0.000000000   0.000000000   0.000000000   0.000000000
     23.370000000   0.000000000   0.264893000   0.000000000   0.000000000   0.000000000
      8.624000000   0.000000000   0.767925000   0.000000000   0.000000000   0.000000000
      2.692000000   0.000000000   0.000000000   1.000000000   0.000000000   0.000000000
      1.009000000   0.000000000   0.000000000   0.000000000   1.000000000   0.000000000
      0.331200000   0.000000000   0.000000000   0.000000000   0.000000000   1.000000000
$ P-TYPE FUNCTIONS
    6    3    0
     65.660000000   0.016037000   0.000000000   0.000000000
     15.220000000   0.105697000   0.000000000   0.000000000
      4.788000000   0.350227000   0.000000000   0.000000000
      1.732000000   0.658195000   0.000000000   0.000000000
      0.620600000   0.000000000   1.000000000   0.000000000
      0.207000000   0.000000000   0.000000000   1.000000000
a 10
$ NEON         (10s,6p) -> [5s,3p]
$ S-TYPE FUNCTIONS
   11    5    0
  28660.000000000   0.000767000   0.000000000   0.000000000   0.000000000   0.000000000
   4263.000000000   0.006068000   0.000000000   0.000000000   0.000000000   0.000000000
    946.800000000   0.032474000   0.000000000   0.000000000   0.000000000   0.000000000
    261.500000000   0.131468000   0.000000000   0.000000000   0.000000000   0.000000000
     83.340000000   0.397723000   0.000000000   0.000000000   0.000000000   0.000000000
     29.170000000   0.542491000   0.000000000   0.000000000   0.000000000   0.000000000
     29.170000000   0.000000000   0.269065000   0.000000000   0.000000000   0.000000000
     10.760000000   0.000000000   0.764121000   0.000000000   0.000000000   0.000000000
      3.343000000   0.000000000   0.000000000   1.000000000   0.000000000   0.000000000
      1.241000000   0.000000000   0.000000000   0.000000000   1.000000000   0.000000000
      0.406300000   0.000000000   0.000000000   0.000000000   0.000000000   1.000000000
$ P-TYPE FUNCTIONS
    6    3    0
     84.840000000   0.036154000   0.000000000   0.000000000
     19.710000000   0.239503000   0.000000000   0.000000000
      6.219000000   0.349215000   0.000000000   0.000000000
      2.211000000   0.662839000   0.000000000   0.000000000
      0.785300000   0.000000000   1.000000000   0.000000000
      0.256600000   0.000000000   0.000000000   1.000000000






