$Basis = Wachtersa+f

$Elements supported
$Sc Ti V Cr Mn Fe Co Ni Cu
$
$  REFERENCE
$Elements                             References
$--------                             ----------
$Sc - Cu: A. J. H. Wachters, J. Chem. Phys. 52, 1033 (1970).
$         A. J. H. Wachters, IBM Tech. Rept. RJ584 (1969)
$         F exponents: C. W. Bauschlicher, Jr. S. R. Langhoff and L. A. Barnes,
$                      J. Chem. Phys. 91, 2399 (1989).
$
************************************************************************
a 21
$ SCANDIUM     (14s,11p,6d,3f) -> [8s,6p,4d,1f]
$ S-TYPE FUNCTIONS
   14    8    0
 188961.000000000   0.000250000   0.000000000   0.000000000   0.000000000   0.000000000   0.000000000
       0.000000000   0.000000000
  28491.400000000   0.001930000   0.000000000   0.000000000   0.000000000   0.000000000   0.000000000
       0.000000000   0.000000000
   6572.430000000   0.009800000   0.000000000   0.000000000   0.000000000   0.000000000   0.000000000
       0.000000000   0.000000000
   1881.030000000   0.039400000   0.000000000   0.000000000   0.000000000   0.000000000   0.000000000
       0.000000000   0.000000000
    617.979000000   0.125320000   0.000000000   0.000000000   0.000000000   0.000000000   0.000000000
       0.000000000   0.000000000
    225.127000000   0.295770000   0.000000000   0.000000000   0.000000000   0.000000000   0.000000000
       0.000000000   0.000000000
     88.566400000   0.000000000   0.419000000   0.000000000   0.000000000   0.000000000   0.000000000
       0.000000000   0.000000000
     36.581900000   0.000000000   0.241390000   0.000000000   0.000000000   0.000000000   0.000000000
       0.000000000   0.000000000
     11.035800000   0.000000000   0.000000000   1.000000000   0.000000000   0.000000000   0.000000000
       0.000000000   0.000000000
      4.490630000   0.000000000   0.000000000   0.000000000   1.000000000   0.000000000   0.000000000
       0.000000000   0.000000000
      1.129350000   0.000000000   0.000000000   0.000000000   0.000000000   1.000000000   0.000000000
       0.000000000   0.000000000
      0.454613000   0.000000000   0.000000000   0.000000000   0.000000000   0.000000000   1.000000000
       0.000000000   0.000000000
      0.077533000   0.000000000   0.000000000   0.000000000   0.000000000   0.000000000   0.000000000
       1.000000000   0.000000000
      0.030790000   0.000000000   0.000000000   0.000000000   0.000000000   0.000000000   0.000000000
       0.000000000   1.000000000
$ P-TYPE FUNCTIONS
   11    6    0
   1113.820000000   0.002230000   0.000000000   0.000000000   0.000000000   0.000000000   0.000000000
    266.244000000   0.017640000   0.000000000   0.000000000   0.000000000   0.000000000   0.000000000
     86.576300000   0.081230000   0.000000000   0.000000000   0.000000000   0.000000000   0.000000000
     32.593400000   0.000000000   0.240400000   0.000000000   0.000000000   0.000000000   0.000000000
     13.219000000   0.000000000   0.425170000   0.000000000   0.000000000   0.000000000   0.000000000
      5.583570000   0.000000000   0.359720000   0.000000000   0.000000000   0.000000000   0.000000000
      2.185940000   0.000000000   0.000000000   1.000000000   0.000000000   0.000000000   0.000000000
      0.895011000   0.000000000   0.000000000   0.000000000   0.576020000   0.000000000   0.000000000
      0.351975000   0.000000000   0.000000000   0.000000000   0.308900000   0.000000000   0.000000000
      0.134620000   0.000000000   0.000000000   0.000000000   0.000000000   1.000000000   0.000000000
      0.046548000   0.000000000   0.000000000   0.000000000   0.000000000   0.000000000   1.000000000
$ D-TYPE FUNCTIONS
    6    4    0
     22.428300000   0.021400000   0.000000000   0.000000000   0.000000000
      6.034790000   0.113040000   0.000000000   0.000000000   0.000000000
      1.979050000   0.313930000   0.000000000   0.000000000   0.000000000
      0.666750000   0.000000000   1.000000000   0.000000000   0.000000000
      0.218231000   0.000000000   0.000000000   1.000000000   0.000000000
      0.058800000   0.000000000   0.000000000   0.000000000   1.000000000
$ F-TYPE FUNCTIONS
    3    1    0
      0.891859700   0.173785700
      0.319841400   0.597338100
      0.136959900   0.392939600
a 22
$ TITANIUM     (14,11p,6d,3f) -> [8s,6p,4d,1f]
$ S-TYPE FUNCTIONS
   14    8    0
 206082.000000000   0.000250000   0.000000000   0.000000000   0.000000000   0.000000000   0.000000000
       0.000000000   0.000000000
  31226.800000000   0.001930000   0.000000000   0.000000000   0.000000000   0.000000000   0.000000000
       0.000000000   0.000000000
   7199.320000000   0.009880000   0.000000000   0.000000000   0.000000000   0.000000000   0.000000000
       0.000000000   0.000000000
   2048.750000000   0.039940000   0.000000000   0.000000000   0.000000000   0.000000000   0.000000000
       0.000000000   0.000000000
    670.790000000   0.127370000   0.000000000   0.000000000   0.000000000   0.000000000   0.000000000
       0.000000000   0.000000000
    243.650000000   0.299810000   0.000000000   0.000000000   0.000000000   0.000000000   0.000000000
       0.000000000   0.000000000
     95.925000000   0.000000000   0.418250000   0.000000000   0.000000000   0.000000000   0.000000000
       0.000000000   0.000000000
     39.810100000   0.000000000   0.235820000   0.000000000   0.000000000   0.000000000   0.000000000
       0.000000000   0.000000000
     12.220500000   0.000000000   0.000000000   1.000000000   0.000000000   0.000000000   0.000000000
       0.000000000   0.000000000
      5.008820000   0.000000000   0.000000000   0.000000000   1.000000000   0.000000000   0.000000000
       0.000000000   0.000000000
      1.285690000   0.000000000   0.000000000   0.000000000   0.000000000   1.000000000   0.000000000
       0.000000000   0.000000000
      0.512806000   0.000000000   0.000000000   0.000000000   0.000000000   0.000000000   1.000000000
       0.000000000   0.000000000
      0.085576000   0.000000000   0.000000000   0.000000000   0.000000000   0.000000000   0.000000000
       1.000000000   0.000000000
      0.033302000   0.000000000   0.000000000   0.000000000   0.000000000   0.000000000   0.000000000
       0.000000000   1.000000000
$ P-TYPE FUNCTIONS
   11    6    0
   1264.700000000   0.002140000   0.000000000   0.000000000   0.000000000   0.000000000   0.000000000
    301.230000000   0.017250000   0.000000000   0.000000000   0.000000000   0.000000000   0.000000000
     96.977700000   0.081170000   0.000000000   0.000000000   0.000000000   0.000000000   0.000000000
     36.372700000   0.000000000   0.241430000   0.000000000   0.000000000   0.000000000   0.000000000
     14.781400000   0.000000000   0.426310000   0.000000000   0.000000000   0.000000000   0.000000000
      6.274650000   0.000000000   0.357140000   0.000000000   0.000000000   0.000000000   0.000000000
      2.478780000   0.000000000   0.000000000   1.000000000   0.000000000   0.000000000   0.000000000
      1.016180000   0.000000000   0.000000000   0.000000000   0.577090000   0.000000000   0.000000000
      0.398162000   0.000000000   0.000000000   0.000000000   0.299860000   0.000000000   0.000000000
      0.152340000   0.000000000   0.000000000   0.000000000   0.000000000   1.000000000   0.000000000
      0.051080000   0.000000000   0.000000000   0.000000000   0.000000000   0.000000000   1.000000000
$ D-TYPE FUNCTIONS
    6    4    0
     25.992400000   0.022530000   0.000000000   0.000000000   0.000000000
      7.086340000   0.119610000   0.000000000   0.000000000   0.000000000
      2.348710000   0.327000000   0.000000000   0.000000000   0.000000000
      0.800198000   0.000000000   1.000000000   0.000000000   0.000000000
      0.262049000   0.000000000   0.000000000   1.000000000   0.000000000
      0.072000000   0.000000000   0.000000000   0.000000000   1.000000000
$ F-TYPE FUNCTIONS
    3    1    0
      1.393530800   0.173785700
      0.499752200   0.597338100
      0.213999800   0.392939600
a 23
$ VANADIUM     (14,11p,6d,3f) -> [8s,6p,4d,1f]
$ S-TYPE FUNCTIONS
   14    8    0
 226878.000000000   0.000250000   0.000000000   0.000000000   0.000000000   0.000000000   0.000000000
       0.000000000   0.000000000
  33899.600000000   0.001970000   0.000000000   0.000000000   0.000000000   0.000000000   0.000000000
       0.000000000   0.000000000
   7720.240000000   0.010170000   0.000000000   0.000000000   0.000000000   0.000000000   0.000000000
       0.000000000   0.000000000
   2191.530000000   0.040980000   0.000000000   0.000000000   0.000000000   0.000000000   0.000000000
       0.000000000   0.000000000
    719.169000000   0.129800000   0.000000000   0.000000000   0.000000000   0.000000000   0.000000000
       0.000000000   0.000000000
    262.086000000   0.302590000   0.000000000   0.000000000   0.000000000   0.000000000   0.000000000
       0.000000000   0.000000000
    103.653000000   0.000000000   0.416370000   0.000000000   0.000000000   0.000000000   0.000000000
       0.000000000   0.000000000
     43.254800000   0.000000000   0.231330000   0.000000000   0.000000000   0.000000000   0.000000000
       0.000000000   0.000000000
     13.508800000   0.000000000   0.000000000   1.000000000   0.000000000   0.000000000   0.000000000
       0.000000000   0.000000000
      5.567150000   0.000000000   0.000000000   0.000000000   1.000000000   0.000000000   0.000000000
       0.000000000   0.000000000
      1.451740000   0.000000000   0.000000000   0.000000000   0.000000000   1.000000000   0.000000000
       0.000000000   0.000000000
      0.574445000   0.000000000   0.000000000   0.000000000   0.000000000   0.000000000   1.000000000
       0.000000000   0.000000000
      0.092820000   0.000000000   0.000000000   0.000000000   0.000000000   0.000000000   0.000000000
       1.000000000   0.000000000
      0.035532000   0.000000000   0.000000000   0.000000000   0.000000000   0.000000000   0.000000000
       0.000000000   1.000000000
$ P-TYPE FUNCTIONS
   11    6    0
   1398.430000000   0.002140000   0.000000000   0.000000000   0.000000000   0.000000000   0.000000000
    331.571000000   0.017350000   0.000000000   0.000000000   0.000000000   0.000000000   0.000000000
    107.002000000   0.081280000   0.000000000   0.000000000   0.000000000   0.000000000   0.000000000
     40.318300000   0.000000000   0.241300000   0.000000000   0.000000000   0.000000000   0.000000000
     16.463500000   0.000000000   0.426220000   0.000000000   0.000000000   0.000000000   0.000000000
      7.023520000   0.000000000   0.355780000   0.000000000   0.000000000   0.000000000   0.000000000
      2.790250000   0.000000000   0.000000000   1.000000000   0.000000000   0.000000000   0.000000000
      1.146090000   0.000000000   0.000000000   0.000000000   0.576930000   0.000000000   0.000000000
      0.447272000   0.000000000   0.000000000   0.000000000   0.294700000   0.000000000   0.000000000
      0.166872000   0.000000000   0.000000000   0.000000000   0.000000000   1.000000000   0.000000000
      0.054567000   0.000000000   0.000000000   0.000000000   0.000000000   0.000000000   1.000000000
$ D-TYPE FUNCTIONS
    6    4    0
     30.221200000   0.022700000   0.000000000   0.000000000   0.000000000
      8.272180000   0.122480000   0.000000000   0.000000000   0.000000000
      2.758230000   0.332860000   0.000000000   0.000000000   0.000000000
      0.942137000   0.000000000   1.000000000   0.000000000   0.000000000
      0.305298000   0.000000000   0.000000000   1.000000000   0.000000000
      0.082000000   0.000000000   0.000000000   0.000000000   1.000000000
$ F-TYPE FUNCTIONS
    3    1    0
      2.006684300   0.173785700
      0.719643200   0.597338100
      0.308159800   0.392939600
a 24
$ CHROMIUM     (14,11p,6d,3f) -> [8s,6p,4d,1f]
$ S-TYPE FUNCTIONS
   14    8    0
 236658.000000000   0.000270000   0.000000000   0.000000000   0.000000000   0.000000000   0.000000000
       0.000000000   0.000000000
  35364.000000000   0.002080000   0.000000000   0.000000000   0.000000000   0.000000000   0.000000000
       0.000000000   0.000000000
   8058.310000000   0.010710000   0.000000000   0.000000000   0.000000000   0.000000000   0.000000000
       0.000000000   0.000000000
   2294.230000000   0.042840000   0.000000000   0.000000000   0.000000000   0.000000000   0.000000000
       0.000000000   0.000000000
    756.118000000   0.134200000   0.000000000   0.000000000   0.000000000   0.000000000   0.000000000
       0.000000000   0.000000000
    277.000000000   0.307980000   0.000000000   0.000000000   0.000000000   0.000000000   0.000000000
       0.000000000   0.000000000
    110.179000000   0.000000000   0.413610000   0.000000000   0.000000000   0.000000000   0.000000000
       0.000000000   0.000000000
     46.371000000   0.000000000   0.222410000   0.000000000   0.000000000   0.000000000   0.000000000
       0.000000000   0.000000000
     14.821500000   0.000000000   0.000000000   1.000000000   0.000000000   0.000000000   0.000000000
       0.000000000   0.000000000
      6.132620000   0.000000000   0.000000000   0.000000000   1.000000000   0.000000000   0.000000000
       0.000000000   0.000000000
      1.629590000   0.000000000   0.000000000   0.000000000   0.000000000   1.000000000   0.000000000
       0.000000000   0.000000000
      0.641177000   0.000000000   0.000000000   0.000000000   0.000000000   0.000000000   1.000000000
       0.000000000   0.000000000
      0.099511000   0.000000000   0.000000000   0.000000000   0.000000000   0.000000000   0.000000000
       1.000000000   0.000000000
      0.037588000   0.000000000   0.000000000   0.000000000   0.000000000   0.000000000   0.000000000
       0.000000000   1.000000000
$ P-TYPE FUNCTIONS
   11    6    0
   1478.770000000   0.002280000   0.000000000   0.000000000   0.000000000   0.000000000   0.000000000
    351.490000000   0.018360000   0.000000000   0.000000000   0.000000000   0.000000000   0.000000000
    113.826000000   0.085030000   0.000000000   0.000000000   0.000000000   0.000000000   0.000000000
     43.156700000   0.000000000   0.247610000   0.000000000   0.000000000   0.000000000   0.000000000
     17.777500000   0.000000000   0.427180000   0.000000000   0.000000000   0.000000000   0.000000000
      7.661280000   0.000000000   0.345790000   0.000000000   0.000000000   0.000000000   0.000000000
      3.077650000   0.000000000   0.000000000   1.000000000   0.000000000   0.000000000   0.000000000
      1.266190000   0.000000000   0.000000000   0.000000000   0.574900000   0.000000000   0.000000000
      0.493534000   0.000000000   0.000000000   0.000000000   0.284730000   0.000000000   0.000000000
      0.181010000   0.000000000   0.000000000   0.000000000   0.000000000   1.000000000   0.000000000
      0.057920000   0.000000000   0.000000000   0.000000000   0.000000000   0.000000000   1.000000000
$ D-TYPE FUNCTIONS
    6    4    0
     34.022100000   0.023280000   0.000000000   0.000000000   0.000000000
      9.431610000   0.125640000   0.000000000   0.000000000   0.000000000
      3.159180000   0.338970000   0.000000000   0.000000000   0.000000000
      1.079950000   0.000000000   1.000000000   0.000000000   0.000000000
      0.346582000   0.000000000   0.000000000   1.000000000   0.000000000
      0.091200000   0.000000000   0.000000000   0.000000000   1.000000000
$ F-TYPE FUNCTIONS
    3    1    0
      2.731320300   0.173785700
      0.979514300   0.597338100
      0.419439700   0.392939600
a 25
$ MANGANESE    (14,11p,6d,3f) -> [8s,6p,4d,1f]
$ S-TYPE FUNCTIONS
   14    8    0
 243694.000000000   0.000290000   0.000000000   0.000000000   0.000000000   0.000000000   0.000000000
       0.000000000   0.000000000
  35995.000000000   0.002250000   0.000000000   0.000000000   0.000000000   0.000000000   0.000000000
       0.000000000   0.000000000
   8223.560000000   0.011520000   0.000000000   0.000000000   0.000000000   0.000000000   0.000000000
       0.000000000   0.000000000
   2353.120000000   0.045590000   0.000000000   0.000000000   0.000000000   0.000000000   0.000000000
       0.000000000   0.000000000
    780.965000000   0.140390000   0.000000000   0.000000000   0.000000000   0.000000000   0.000000000
       0.000000000   0.000000000
    288.519000000   0.314720000   0.000000000   0.000000000   0.000000000   0.000000000   0.000000000
       0.000000000   0.000000000
    115.701000000   0.000000000   0.409740000   0.000000000   0.000000000   0.000000000   0.000000000
       0.000000000   0.000000000
     49.117500000   0.000000000   0.210790000   0.000000000   0.000000000   0.000000000   0.000000000
       0.000000000   0.000000000
     16.088500000   0.000000000   0.000000000   1.000000000   0.000000000   0.000000000   0.000000000
       0.000000000   0.000000000
      6.704300000   0.000000000   0.000000000   0.000000000   1.000000000   0.000000000   0.000000000
       0.000000000   0.000000000
      1.805170000   0.000000000   0.000000000   0.000000000   0.000000000   1.000000000   0.000000000
       0.000000000   0.000000000
      0.703011000   0.000000000   0.000000000   0.000000000   0.000000000   0.000000000   1.000000000
       0.000000000   0.000000000
      0.106385000   0.000000000   0.000000000   0.000000000   0.000000000   0.000000000   0.000000000
       1.000000000   0.000000000
      0.039616000   0.000000000   0.000000000   0.000000000   0.000000000   0.000000000   0.000000000
       0.000000000   1.000000000
$ P-TYPE FUNCTIONS
   11    6    0
   1500.390000000   0.002580000   0.000000000   0.000000000   0.000000000   0.000000000   0.000000000
    358.800000000   0.020480000   0.000000000   0.000000000   0.000000000   0.000000000   0.000000000
    116.699000000   0.092930000   0.000000000   0.000000000   0.000000000   0.000000000   0.000000000
     44.613200000   0.000000000   0.260740000   0.000000000   0.000000000   0.000000000   0.000000000
     18.598500000   0.000000000   0.428890000   0.000000000   0.000000000   0.000000000   0.000000000
      8.137780000   0.000000000   0.325980000   0.000000000   0.000000000   0.000000000   0.000000000
      3.337340000   0.000000000   0.000000000   1.000000000   0.000000000   0.000000000   0.000000000
      1.378950000   0.000000000   0.000000000   0.000000000   0.569350000   0.000000000   0.000000000
      0.538639000   0.000000000   0.000000000   0.000000000   0.273540000   0.000000000   0.000000000
      0.191475000   0.000000000   0.000000000   0.000000000   0.000000000   1.000000000   0.000000000
      0.060420000   0.000000000   0.000000000   0.000000000   0.000000000   0.000000000   1.000000000
$ D-TYPE FUNCTIONS
    6    4    0
     37.897700000   0.024090000   0.000000000   0.000000000   0.000000000
     10.520100000   0.130730000   0.000000000   0.000000000   0.000000000
      3.537640000   0.346480000   0.000000000   0.000000000   0.000000000
      1.212170000   0.000000000   1.000000000   0.000000000   0.000000000
      0.387912000   0.000000000   0.000000000   1.000000000   0.000000000
      0.105400000   0.000000000   0.000000000   0.000000000   1.000000000
$ F-TYPE FUNCTIONS
    3    1    0
      3.567438800   0.173785700
      1.279365700   0.597338100
      0.547839600   0.392939600
a 26
$ IRON         (14,11p,6d,3f) -> [8s,6p,4d,1f]
$ S-TYPE FUNCTIONS
   14    8    0
 257539.000000000   0.000290000   0.000000000   0.000000000   0.000000000   0.000000000   0.000000000
       0.000000000   0.000000000
  38636.900000000   0.002260000   0.000000000   0.000000000   0.000000000   0.000000000   0.000000000
       0.000000000   0.000000000
   8891.440000000   0.011520000   0.000000000   0.000000000   0.000000000   0.000000000   0.000000000
       0.000000000   0.000000000
   2544.010000000   0.045660000   0.000000000   0.000000000   0.000000000   0.000000000   0.000000000
       0.000000000   0.000000000
    844.777000000   0.140350000   0.000000000   0.000000000   0.000000000   0.000000000   0.000000000
       0.000000000   0.000000000
    312.527000000   0.314200000   0.000000000   0.000000000   0.000000000   0.000000000   0.000000000
       0.000000000   0.000000000
    125.593000000   0.000000000   0.408780000   0.000000000   0.000000000   0.000000000   0.000000000
       0.000000000   0.000000000
     53.498700000   0.000000000   0.211630000   0.000000000   0.000000000   0.000000000   0.000000000
       0.000000000   0.000000000
     17.715100000   0.000000000   0.000000000   1.000000000   0.000000000   0.000000000   0.000000000
       0.000000000   0.000000000
      7.376770000   0.000000000   0.000000000   0.000000000   1.000000000   0.000000000   0.000000000
       0.000000000   0.000000000
      2.018470000   0.000000000   0.000000000   0.000000000   0.000000000   1.000000000   0.000000000
       0.000000000   0.000000000
      0.779935000   0.000000000   0.000000000   0.000000000   0.000000000   0.000000000   1.000000000
       0.000000000   0.000000000
      0.114220000   0.000000000   0.000000000   0.000000000   0.000000000   0.000000000   0.000000000
       1.000000000   0.000000000
      0.041889000   0.000000000   0.000000000   0.000000000   0.000000000   0.000000000   0.000000000
       0.000000000   1.000000000
$ P-TYPE FUNCTIONS
   11    6    0
   1678.400000000   0.002490000   0.000000000   0.000000000   0.000000000   0.000000000   0.000000000
    396.392000000   0.020150000   0.000000000   0.000000000   0.000000000   0.000000000   0.000000000
    128.588000000   0.091990000   0.000000000   0.000000000   0.000000000   0.000000000   0.000000000
     49.115800000   0.000000000   0.259910000   0.000000000   0.000000000   0.000000000   0.000000000
     20.503500000   0.000000000   0.428870000   0.000000000   0.000000000   0.000000000   0.000000000
      8.987120000   0.000000000   0.326910000   0.000000000   0.000000000   0.000000000   0.000000000
      3.682490000   0.000000000   0.000000000   1.000000000   0.000000000   0.000000000   0.000000000
      1.521750000   0.000000000   0.000000000   0.000000000   0.569250000   0.000000000   0.000000000
      0.592684000   0.000000000   0.000000000   0.000000000   0.268630000   0.000000000   0.000000000
      0.202370000   0.000000000   0.000000000   0.000000000   0.000000000   1.000000000   0.000000000
      0.062760000   0.000000000   0.000000000   0.000000000   0.000000000   0.000000000   1.000000000
$ D-TYPE FUNCTIONS
    6    4    0
     41.452600000   0.025110000   0.000000000   0.000000000   0.000000000
     11.540300000   0.136260000   0.000000000   0.000000000   0.000000000
      3.885430000   0.353230000   0.000000000   0.000000000   0.000000000
      1.323800000   0.000000000   1.000000000   0.000000000   0.000000000
      0.416680000   0.000000000   0.000000000   1.000000000   0.000000000
      0.113300000   0.000000000   0.000000000   0.000000000   1.000000000
$ F-TYPE FUNCTIONS
    3    1    0
      4.515039700   0.173785700
      1.619197200   0.597338100
      0.693359500   0.392939600
a 27
$ COBALT       (14,11p,6d,3f) -> [8s,6p,4d,1f]
$ S-TYPE FUNCTIONS
   14    8    0
 270991.000000000   0.000310000   0.000000000   0.000000000   0.000000000   0.000000000   0.000000000
       0.000000000   0.000000000
  39734.800000000   0.002420000   0.000000000   0.000000000   0.000000000   0.000000000   0.000000000
       0.000000000   0.000000000
   9057.460000000   0.012380000   0.000000000   0.000000000   0.000000000   0.000000000   0.000000000
       0.000000000   0.000000000
   2598.210000000   0.048490000   0.000000000   0.000000000   0.000000000   0.000000000   0.000000000
       0.000000000   0.000000000
    868.200000000   0.146720000   0.000000000   0.000000000   0.000000000   0.000000000   0.000000000
       0.000000000   0.000000000
    323.431000000   0.321270000   0.000000000   0.000000000   0.000000000   0.000000000   0.000000000
       0.000000000   0.000000000
    130.860000000   0.000000000   0.404970000   0.000000000   0.000000000   0.000000000   0.000000000
       0.000000000   0.000000000
     56.121900000   0.000000000   0.199610000   0.000000000   0.000000000   0.000000000   0.000000000
       0.000000000   0.000000000
     18.921900000   0.000000000   0.000000000   1.000000000   0.000000000   0.000000000   0.000000000
       0.000000000   0.000000000
      7.952380000   0.000000000   0.000000000   0.000000000   1.000000000   0.000000000   0.000000000
       0.000000000   0.000000000
      2.197540000   0.000000000   0.000000000   0.000000000   0.000000000   1.000000000   0.000000000
       0.000000000   0.000000000
      0.846713000   0.000000000   0.000000000   0.000000000   0.000000000   0.000000000   1.000000000
       0.000000000   0.000000000
      0.122266000   0.000000000   0.000000000   0.000000000   0.000000000   0.000000000   0.000000000
       1.000000000   0.000000000
      0.044172000   0.000000000   0.000000000   0.000000000   0.000000000   0.000000000   0.000000000
       0.000000000   1.000000000
$ P-TYPE FUNCTIONS
   11    6    0
   1636.210000000   0.002960000   0.000000000   0.000000000   0.000000000   0.000000000   0.000000000
    390.903000000   0.023360000   0.000000000   0.000000000   0.000000000   0.000000000   0.000000000
    127.884000000   0.103430000   0.000000000   0.000000000   0.000000000   0.000000000   0.000000000
     49.241300000   0.000000000   0.279540000   0.000000000   0.000000000   0.000000000   0.000000000
     20.751200000   0.000000000   0.432680000   0.000000000   0.000000000   0.000000000   0.000000000
      9.203680000   0.000000000   0.298610000   0.000000000   0.000000000   0.000000000   0.000000000
      3.817790000   0.000000000   0.000000000   1.000000000   0.000000000   0.000000000   0.000000000
      1.587620000   0.000000000   0.000000000   0.000000000   0.556250000   0.000000000   0.000000000
      0.624660000   0.000000000   0.000000000   0.000000000   0.243450000   0.000000000   0.000000000
      0.211962000   0.000000000   0.000000000   0.000000000   0.000000000   1.000000000   0.000000000
      0.065103000   0.000000000   0.000000000   0.000000000   0.000000000   0.000000000   1.000000000
$ D-TYPE FUNCTIONS
    6    4    0
     44.977400000   0.026270000   0.000000000   0.000000000   0.000000000
     12.569000000   0.141820000   0.000000000   0.000000000   0.000000000
      4.244220000   0.359420000   0.000000000   0.000000000   0.000000000
      1.443300000   0.000000000   1.000000000   0.000000000   0.000000000
      0.449965000   0.000000000   0.000000000   1.000000000   0.000000000
      0.121900000   0.000000000   0.000000000   0.000000000   1.000000000
$ F-TYPE FUNCTIONS
    3    1    0
      5.574123100   0.173785700
      1.999008900   0.597338100
      0.855999300   0.392939600
a 28
$ NICKEL       (14,11p,6d,3f) -> [8s,6p,4d,1f]
$ S-TYPE FUNCTIONS
   14    8    0
 284878.000000000   0.000320000   0.000000000   0.000000000   0.000000000   0.000000000   0.000000000
       0.000000000   0.000000000
  41997.900000000   0.002460000   0.000000000   0.000000000   0.000000000   0.000000000   0.000000000
       0.000000000   0.000000000
   9627.670000000   0.012540000   0.000000000   0.000000000   0.000000000   0.000000000   0.000000000
       0.000000000   0.000000000
   2761.960000000   0.049260000   0.000000000   0.000000000   0.000000000   0.000000000   0.000000000
       0.000000000   0.000000000
    920.488000000   0.149500000   0.000000000   0.000000000   0.000000000   0.000000000   0.000000000
       0.000000000   0.000000000
    341.805000000   0.326400000   0.000000000   0.000000000   0.000000000   0.000000000   0.000000000
       0.000000000   0.000000000
    138.023000000   0.000000000   0.404740000   0.000000000   0.000000000   0.000000000   0.000000000
       0.000000000   0.000000000
     59.258700000   0.000000000   0.191860000   0.000000000   0.000000000   0.000000000   0.000000000
       0.000000000   0.000000000
     20.371200000   0.000000000   0.000000000   1.000000000   0.000000000   0.000000000   0.000000000
       0.000000000   0.000000000
      8.594000000   0.000000000   0.000000000   0.000000000   1.000000000   0.000000000   0.000000000
       0.000000000   0.000000000
      2.394170000   0.000000000   0.000000000   0.000000000   0.000000000   1.000000000   0.000000000
       0.000000000   0.000000000
      0.918169000   0.000000000   0.000000000   0.000000000   0.000000000   0.000000000   1.000000000
       0.000000000   0.000000000
      0.130176000   0.000000000   0.000000000   0.000000000   0.000000000   0.000000000   0.000000000
       1.000000000   0.000000000
      0.046392000   0.000000000   0.000000000   0.000000000   0.000000000   0.000000000   0.000000000
       0.000000000   1.000000000
$ P-TYPE FUNCTIONS
   11    6    0
   1774.180000000   0.002950000   0.000000000   0.000000000   0.000000000   0.000000000   0.000000000
    423.403000000   0.023370000   0.000000000   0.000000000   0.000000000   0.000000000   0.000000000
    138.311000000   0.104060000   0.000000000   0.000000000   0.000000000   0.000000000   0.000000000
     53.170300000   0.000000000   0.282260000   0.000000000   0.000000000   0.000000000   0.000000000
     22.387400000   0.000000000   0.434860000   0.000000000   0.000000000   0.000000000   0.000000000
      9.928480000   0.000000000   0.294420000   0.000000000   0.000000000   0.000000000   0.000000000
      4.116250000   0.000000000   0.000000000   1.000000000   0.000000000   0.000000000   0.000000000
      1.710310000   0.000000000   0.000000000   0.000000000   0.552730000   0.000000000   0.000000000
      0.672528000   0.000000000   0.000000000   0.000000000   0.234410000   0.000000000   0.000000000
      0.219882000   0.000000000   0.000000000   0.000000000   0.000000000   1.000000000   0.000000000
      0.066670000   0.000000000   0.000000000   0.000000000   0.000000000   0.000000000   1.000000000
$ D-TYPE FUNCTIONS
    6    4    0
     48.940300000   0.027060000   0.000000000   0.000000000   0.000000000
     13.716900000   0.145980000   0.000000000   0.000000000   0.000000000
      4.639510000   0.364180000   0.000000000   0.000000000   0.000000000
      1.574330000   0.000000000   1.000000000   0.000000000   0.000000000
      0.486409000   0.000000000   0.000000000   1.000000000   0.000000000
      0.131600000   0.000000000   0.000000000   0.000000000   1.000000000
$ F-TYPE FUNCTIONS
    3    1    0
      6.744689000   0.173785700
      2.418800700   0.597338100
      1.035759200   0.392939600
a 29
$ COPPER       (14,11p,6d,3f) -> [8s,6p,4d,1f]
$ S-TYPE FUNCTIONS
   14    8    0
 337200.000000000   0.000280000   0.000000000   0.000000000   0.000000000   0.000000000   0.000000000
       0.000000000   0.000000000
  50072.900000000   0.002170000   0.000000000   0.000000000   0.000000000   0.000000000   0.000000000
       0.000000000   0.000000000
  11373.400000000   0.011220000   0.000000000   0.000000000   0.000000000   0.000000000   0.000000000
       0.000000000   0.000000000
   3239.820000000   0.044621000   0.000000000   0.000000000   0.000000000   0.000000000   0.000000000
       0.000000000   0.000000000
   1071.970000000   0.138360000   0.000000000   0.000000000   0.000000000   0.000000000   0.000000000
       0.000000000   0.000000000
    395.099000000   0.312550000   0.000000000   0.000000000   0.000000000   0.000000000   0.000000000
       0.000000000   0.000000000
    158.399000000   0.000000000   0.410600000   0.000000000   0.000000000   0.000000000   0.000000000
       0.000000000   0.000000000
     67.359100000   0.000000000   0.214530000   0.000000000   0.000000000   0.000000000   0.000000000
       0.000000000   0.000000000
     22.298300000   0.000000000   0.000000000   1.000000000   0.000000000   0.000000000   0.000000000
       0.000000000   0.000000000
      9.393570000   0.000000000   0.000000000   0.000000000   1.000000000   0.000000000   0.000000000
       0.000000000   0.000000000
      2.578480000   0.000000000   0.000000000   0.000000000   0.000000000   1.000000000   0.000000000
       0.000000000   0.000000000
      0.964080000   0.000000000   0.000000000   0.000000000   0.000000000   0.000000000   1.000000000
       0.000000000   0.000000000
      0.113303000   0.000000000   0.000000000   0.000000000   0.000000000   0.000000000   0.000000000
       1.000000000   0.000000000
      0.040791000   0.000000000   0.000000000   0.000000000   0.000000000   0.000000000   0.000000000
       0.000000000   1.000000000
$ P-TYPE FUNCTIONS
   11    6    0
   2245.290000000   0.002260000   0.000000000   0.000000000   0.000000000   0.000000000   0.000000000
    532.106000000   0.018410000   0.000000000   0.000000000   0.000000000   0.000000000   0.000000000
    172.195000000   0.086460000   0.000000000   0.000000000   0.000000000   0.000000000   0.000000000
     65.323900000   0.000000000   0.254500000   0.000000000   0.000000000   0.000000000   0.000000000
     27.055100000   0.000000000   0.434190000   0.000000000   0.000000000   0.000000000   0.000000000
     11.743500000   0.000000000   0.333900000   0.000000000   0.000000000   0.000000000   0.000000000
      4.693820000   0.000000000   0.000000000   1.000000000   0.000000000   0.000000000   0.000000000
      1.906670000   0.000000000   0.000000000   0.000000000   0.569360000   0.000000000   0.000000000
      0.711445000   0.000000000   0.000000000   0.000000000   0.247020000   0.000000000   0.000000000
      0.232598000   0.000000000   0.000000000   0.000000000   0.000000000   1.000000000   0.000000000
      0.069299000   0.000000000   0.000000000   0.000000000   0.000000000   0.000000000   1.000000000
$ D-TYPE FUNCTIONS
    6    4    0
     48.543900000   0.030970000   0.000000000   0.000000000   0.000000000
     13.549000000   0.161960000   0.000000000   0.000000000   0.000000000
      4.516280000   0.378120000   0.000000000   0.000000000   0.000000000
      1.473290000   0.000000000   1.000000000   0.000000000   0.000000000
      0.414875000   0.000000000   0.000000000   1.000000000   0.000000000
      0.149100000   0.000000000   0.000000000   0.000000000   1.000000000
$ F-TYPE FUNCTIONS
    3    1    0
      8.026737300   0.173785700
      2.878572800   0.597338100
      1.232639000   0.392939600


